0.050 0.050 0.37395081649766604
0.050 0.100 0.3738532336389571
0.050 0.150 0.3738532336389571
0.050 0.200 0.3738532336389571
0.050 0.250 0.3738532336389571
0.050 0.300 0.3738532336389571
0.050 0.350 0.3738384170390181
0.050 0.400 0.3738213308126316
0.050 0.450 0.3738213308126316
0.050 0.500 0.3738213308126316
0.050 0.550 0.3738213308126316
0.050 0.600 0.3738213308126316
0.050 0.650 0.3738213308126316
0.050 0.700 0.3738213308126316
0.050 0.750 0.3738213308126316
0.050 0.800 0.3738213308126316
0.050 0.850 0.3738213308126316
0.050 0.900 0.3737930709148055
0.050 0.950 0.3737930709148055
0.050 1.000 0.3737930709148055
0.100 0.050 0.37395081649766604
0.100 0.100 0.3738532336389571
0.100 0.150 0.3738532336389571
0.100 0.200 0.3738532336389571
0.100 0.250 0.3738532336389571
0.100 0.300 0.3738532336389571
0.100 0.350 0.3738384170390181
0.100 0.400 0.3738213308126316
0.100 0.450 0.3738213308126316
0.100 0.500 0.3738213308126316
0.100 0.550 0.3738213308126316
0.100 0.600 0.3738213308126316
0.100 0.650 0.3738213308126316
0.100 0.700 0.3738213308126316
0.100 0.750 0.3738213308126316
0.100 0.800 0.3738213308126316
0.100 0.850 0.3738213308126316
0.100 0.900 0.3737930709148055
0.100 0.950 0.3737930709148055
0.100 1.000 0.3737930709148055
0.150 0.050 0.3746213814657216
0.150 0.100 0.3744711001295258
0.150 0.150 0.37451289459102344
0.150 0.200 0.37425537116507684
0.150 0.250 0.3740867787402642
0.150 0.300 0.3740434777488788
0.150 0.350 0.3740434777488788
0.150 0.400 0.3741592403726485
0.150 0.450 0.37409990620461764
0.150 0.500 0.37404932340106334
0.150 0.550 0.3738637490313799
0.150 0.600 0.3738637490313799
0.150 0.650 0.37368671284201016
0.150 0.700 0.37368671284201016
0.150 0.750 0.3736798072687553
0.150 0.800 0.3736798072687553
0.150 0.850 0.3736798072687553
0.150 0.900 0.3736798072687553
0.150 0.950 0.3736734206661565
0.150 1.000 0.3735683944476241
0.200 0.050 0.374338331313286
0.200 0.100 0.3742716272236595
0.200 0.150 0.37417736789441003
0.200 0.200 0.374240199078336
0.200 0.250 0.37406120506037627
0.200 0.300 0.3740434777488788
0.200 0.350 0.3740434777488788
0.200 0.400 0.3739426507504393
0.200 0.450 0.3739203070914847
0.200 0.500 0.3738697154388399
0.200 0.550 0.3738637490313799
0.200 0.600 0.3738637490313799
0.200 0.650 0.37368671284201016
0.200 0.700 0.37368671284201016
0.200 0.750 0.3736798072687553
0.200 0.800 0.3736798072687553
0.200 0.850 0.3736798072687553
0.200 0.900 0.3736798072687553
0.200 0.950 0.3736734206661565
0.200 1.000 0.3735683944476241
0.250 0.050 0.37837081502128356
0.250 0.100 0.37754738172819435
0.250 0.150 0.3774177236968337
0.250 0.200 0.37732465282629407
0.250 0.250 0.377216097695804
0.250 0.300 0.37710535765740766
0.250 0.350 0.37694636922569946
0.250 0.400 0.376783243644357
0.250 0.450 0.37675251227215734
0.250 0.500 0.37636641890759287
0.250 0.550 0.37624433210683306
0.250 0.600 0.3762042872799215
0.250 0.650 0.3761660666989012
0.250 0.700 0.37597794012918917
0.250 0.750 0.3758350356881472
0.250 0.800 0.3758350356881472
0.250 0.850 0.3758350356881472
0.250 0.900 0.3756381857900733
0.250 0.950 0.375508984752491
0.250 1.000 0.37469482232335327
0.300 0.050 0.37777629685194297
0.300 0.100 0.3770829875404263
0.300 0.150 0.376965650933557
0.300 0.200 0.37654068421783243
0.300 0.250 0.3764915504244504
0.300 0.300 0.37650231050799543
0.300 0.350 0.37615529324419844
0.300 0.400 0.3760514808430556
0.300 0.450 0.3759881050828551
0.300 0.500 0.37574375187165354
0.300 0.550 0.37563083733594615
0.300 0.600 0.37562151177334524
0.300 0.650 0.37557010670715113
0.300 0.700 0.37468166835028716
0.300 0.750 0.374238169386512
0.300 0.800 0.3742395788749454
0.300 0.850 0.3742395788749454
0.300 0.900 0.3741256684154651
0.300 0.950 0.37416687162297413
0.300 1.000 0.37475899264623735
0.350 0.050 0.3776451661101181
0.350 0.100 0.3768145991958637
0.350 0.150 0.37674022161385934
0.350 0.200 0.3766886675213105
0.350 0.250 0.3766135337550851
0.350 0.300 0.3765812383865473
0.350 0.350 0.37623317662975875
0.350 0.400 0.37617443773650505
0.350 0.450 0.3761110499762289
0.350 0.500 0.37574375187165354
0.350 0.550 0.37563083733594615
0.350 0.600 0.37562151177334524
0.350 0.650 0.37557010670715113
0.350 0.700 0.37468166835028716
0.350 0.750 0.374238169386512
0.350 0.800 0.3742395788749454
0.350 0.850 0.3742395788749454
0.350 0.900 0.3741256684154651
0.350 0.950 0.37407641947993453
0.350 1.000 0.37475899264623735
0.400 0.050 0.3773496069082797
0.400 0.100 0.37606758192784806
0.400 0.150 0.3761123117769227
0.400 0.200 0.37647145452106745
0.400 0.250 0.3763308277398668
0.400 0.300 0.3761597354573184
0.400 0.350 0.37613056478982276
0.400 0.400 0.37607149451393496
0.400 0.450 0.37600545408744074
0.400 0.500 0.37559650235750774
0.400 0.550 0.3755617066746157
0.400 0.600 0.3754631422903009
0.400 0.650 0.37541213280663366
0.400 0.700 0.37453321340773876
0.400 0.750 0.3740227757681639
0.400 0.800 0.37402418525659753
0.400 0.850 0.37402418525659753
0.400 0.900 0.3738994779854852
0.400 0.950 0.37392892631741614
0.400 1.000 0.37443109409174324
0.450 0.050 0.37675664474764187
0.450 0.100 0.37700741285973655
0.450 0.150 0.376298087012119
0.450 0.200 0.37644844906088004
0.450 0.250 0.37595750305470216
0.450 0.300 0.3759259901466099
0.450 0.350 0.3759221743173024
0.450 0.400 0.3758921507420994
0.450 0.450 0.37583299172897544
0.450 0.500 0.37526005891938086
0.450 0.550 0.3752594125056776
0.450 0.600 0.37728112292932076
0.450 0.650 0.37718378203725345
0.450 0.700 0.37493141182173895
0.450 0.750 0.374099471974051
0.450 0.800 0.374099471974051
0.450 0.850 0.374099471974051
0.450 0.900 0.37398916285754913
0.450 0.950 0.37374048389311143
0.450 1.000 0.37447673234590373
0.500 0.050 0.37665004067421315
0.500 0.100 0.37874213196466583
0.500 0.150 0.37578241737833407
0.500 0.200 0.37614161337067564
0.500 0.250 0.376147811239801
0.500 0.300 0.3759423539123159
0.500 0.350 0.37593853808300864
0.500 0.400 0.3758911496475609
0.500 0.450 0.3758281791762116
0.500 0.500 0.3752518753567766
0.500 0.550 0.3752341591296184
0.500 0.600 0.37502028053032965
0.500 0.650 0.3749229494663079
0.500 0.700 0.37492308056529633
0.500 0.750 0.37423879318369896
0.500 0.800 0.37423879318369896
0.500 0.850 0.37423879318369896
0.500 0.900 0.37384191778368436
0.500 0.950 0.37384191778368436
0.500 1.000 0.3744759580196859
0.550 0.050 0.37567280789544516
0.550 0.100 0.3759139985865111
0.550 0.150 0.37667909747269324
0.550 0.200 0.3751168490498259
0.550 0.250 0.3753906958866629
0.550 0.300 0.3752260175161043
0.550 0.350 0.3751665142224473
0.550 0.400 0.37518456634430675
0.550 0.450 0.3751779769676766
0.550 0.500 0.37505418313137256
0.550 0.550 0.3750726941992907
0.550 0.600 0.3750219114530181
0.550 0.650 0.37492472918862735
0.550 0.700 0.37478399614943786
0.550 0.750 0.37405222856475673
0.550 0.800 0.37405222856475673
0.550 0.850 0.37405222856475673
0.550 0.900 0.37380424318829714
0.550 0.950 0.3737972749898897
0.550 1.000 0.3743631154901242
0.600 0.050 0.3754139691152291
0.600 0.100 0.3755281980778182
0.600 0.150 0.3752487776108435
0.600 0.200 0.37516141981025863
0.600 0.250 0.37541246880458967
0.600 0.300 0.37524571638579296
0.600 0.350 0.3751862011337558
0.600 0.400 0.37516702056727735
0.600 0.450 0.3751549267437634
0.600 0.500 0.37505418313137256
0.600 0.550 0.37503231360703937
0.600 0.600 0.3750219114530181
0.600 0.650 0.37492472918862735
0.600 0.700 0.37478399614943786
0.600 0.750 0.37405222856475673
0.600 0.800 0.37405222856475673
0.600 0.850 0.37405222856475673
0.600 0.900 0.37380424318829714
0.600 0.950 0.3739599746716006
0.600 1.000 0.37418031541434654
0.650 0.050 0.37707957045194984
0.650 0.100 0.3773793649005047
0.650 0.150 0.3773073918456985
0.650 0.200 0.3759157377136623
0.650 0.250 0.37627635260635206
0.650 0.300 0.37550301512587553
0.650 0.350 0.3754604121913168
0.650 0.400 0.37539401757986507
0.650 0.450 0.37559281530808725
0.650 0.500 0.3753698582749827
0.650 0.550 0.37493508958370775
0.650 0.600 0.37493508958370775
0.650 0.650 0.37486260532520493
0.650 0.700 0.3747456200353513
0.650 0.750 0.3746831325226011
0.650 0.800 0.37466925099632065
0.650 0.850 0.3745659101803116
0.650 0.900 0.3755246618797504
0.650 0.950 0.3752521097209673
0.650 1.000 0.3748790512404663
0.700 0.050 0.3785955704904209
0.700 0.100 0.3772984860839657
0.700 0.150 0.37662173460103476
0.700 0.200 0.3760453619932512
0.700 0.250 0.3762973322762214
0.700 0.300 0.3758594572205491
0.700 0.350 0.37583795806065246
0.700 0.400 0.3748976390468989
0.700 0.450 0.37504415350662273
0.700 0.500 0.37555349349272943
0.700 0.550 0.37553302412071476
0.700 0.600 0.37553302412071476
0.700 0.650 0.3754761665521285
0.700 0.700 0.3753457194526273
0.700 0.750 0.3752474347202404
0.700 0.800 0.3752474347202404
0.700 0.850 0.37514404510827504
0.700 0.900 0.37431972506913175
0.700 0.950 0.37430737873049313
0.700 1.000 0.3747093177361348
0.750 0.050 0.3756845857377562
0.750 0.100 0.3756415120614611
0.750 0.150 0.3748600625702878
0.750 0.200 0.37546589983837025
0.750 0.250 0.37470782811694925
0.750 0.300 0.37531318794571566
0.750 0.350 0.3752522144597125
0.750 0.400 0.3755803107371402
0.750 0.450 0.37556151738232535
0.750 0.500 0.37439592402455
0.750 0.550 0.3743618282721398
0.750 0.600 0.3743618282721398
0.750 0.650 0.3742670747073368
0.750 0.700 0.37427240404349044
0.750 0.750 0.37548674759655226
0.750 0.800 0.37548674759655226
0.750 0.850 0.37540186847228935
0.750 0.900 0.3747996308264697
0.750 0.950 0.3751874035708048
0.750 1.000 0.37497663455191427
0.800 0.050 0.3771422048791961
0.800 0.100 0.37644533262927793
0.800 0.150 0.3753798590028598
0.800 0.200 0.37534745532700964
0.800 0.250 0.3751223157789189
0.800 0.300 0.374920374363484
0.800 0.350 0.37490055828364965
0.800 0.400 0.3745377155000261
0.800 0.450 0.37451887386669097
0.800 0.500 0.37552832014282006
0.800 0.550 0.37549550815957033
0.800 0.600 0.37549550815957033
0.800 0.650 0.3754020279304324
0.800 0.700 0.37529011542166624
0.800 0.750 0.3744117571655484
0.800 0.800 0.3744151564430038
0.800 0.850 0.3743576184668274
0.800 0.900 0.3741471671214707
0.800 0.950 0.37432366532616146
0.800 1.000 0.3747321861147219
0.850 0.050 0.37700651115101913
0.850 0.100 0.3764557932957198
0.850 0.150 0.37602582182503186
0.850 0.200 0.37595718259936983
0.850 0.250 0.3758302678701765
0.850 0.300 0.3757981353503842
0.850 0.350 0.3756598399742756
0.850 0.400 0.3752728021214797
0.850 0.450 0.37529310462307414
0.850 0.500 0.3752378061811594
0.850 0.550 0.37520311190266054
0.850 0.600 0.37520311190266054
0.850 0.650 0.37509355724878973
0.850 0.700 0.37497901517754634
0.850 0.750 0.37461895324953776
0.850 0.800 0.37460343189052603
0.850 0.850 0.3745242411634554
0.850 0.900 0.37428672580169176
0.850 0.950 0.37454160880632004
0.850 1.000 0.3743567475041789
0.900 0.050 0.37617706732647527
0.900 0.100 0.3756552878070369
0.900 0.150 0.3755991172618135
0.900 0.200 0.3753000953450712
0.900 0.250 0.3752967517519129
0.900 0.300 0.3749978778399963
0.900 0.350 0.3749560582441116
0.900 0.400 0.3748032352998367
0.900 0.450 0.37476778634338637
0.900 0.500 0.37471108473658443
0.900 0.550 0.37469647034487213
0.900 0.600 0.37460840609135326
0.900 0.650 0.3745582251457013
0.900 0.700 0.37454959883838645
0.900 0.750 0.37485493818951887
0.900 0.800 0.37480130312385207
0.900 0.850 0.3747301542536926
0.900 0.900 0.3744475852890984
0.900 0.950 0.3744685602567761
0.900 1.000 0.3742925458440765
0.950 0.050 0.3868901602663153
0.950 0.100 0.37609829502679815
0.950 0.150 0.3759586491311218
0.950 0.200 0.37582676931549164
0.950 0.250 0.37575485928214214
0.950 0.300 0.3756861075579165
0.950 0.350 0.3756418286772495
0.950 0.400 0.3764769976812784
0.950 0.450 0.37640339225716907
0.950 0.500 0.37600348640752673
0.950 0.550 0.3763299096215419
0.950 0.600 0.3763089486146134
0.950 0.650 0.37625287146696185
0.950 0.700 0.3762534093023042
0.950 0.750 0.3753799223192968
0.950 0.800 0.375198535791711
0.950 0.850 0.37512895250550404
0.950 0.900 0.37513034708132786
0.950 0.950 0.37512875148247093
0.950 1.000 0.37480042165942573
1.000 0.050 0.37739392094045787
1.000 0.100 0.37624335892511
1.000 0.150 0.3759024566463418
1.000 0.200 0.3760087997051145
1.000 0.250 0.3756535127398084
1.000 0.300 0.37561250224228626
1.000 0.350 0.3755682233852802
1.000 0.400 0.376088123755117
1.000 0.450 0.376088123755117
1.000 0.500 0.37600348640752673
1.000 0.550 0.37632122593334527
1.000 0.600 0.3763089486146134
1.000 0.650 0.37625287146696185
1.000 0.700 0.3762534093023042
1.000 0.750 0.3756645602924016
1.000 0.800 0.3753203880935922
1.000 0.850 0.3752521648751545
1.000 0.900 0.3754137463725105
1.000 0.950 0.3754123348288094
1.000 1.000 0.37497269463559646
