0.050 0.050 0.36986162449252175
0.050 0.100 0.36986162449252175
0.050 0.150 0.36986162449252175
0.050 0.200 0.36986162449252175
0.050 0.250 0.36986162449252175
0.050 0.300 0.36986162449252175
0.050 0.350 0.3698602482257829
0.050 0.400 0.36984918197002997
0.050 0.450 0.36984918197002997
0.050 0.500 0.36984918197002997
0.050 0.550 0.36984918197002997
0.050 0.600 0.36984918197002997
0.050 0.650 0.36984918197002997
0.050 0.700 0.36984918197002997
0.050 0.750 0.36984918197002997
0.050 0.800 0.36984918197002997
0.050 0.850 0.3698320861459568
0.050 0.900 0.3698320861459568
0.050 0.950 0.3698320861459568
0.050 1.000 0.3698320861459568
0.100 0.050 0.36986162449252175
0.100 0.100 0.36986162449252175
0.100 0.150 0.36986162449252175
0.100 0.200 0.36986162449252175
0.100 0.250 0.36986162449252175
0.100 0.300 0.36986162449252175
0.100 0.350 0.3698602482257829
0.100 0.400 0.36984918197002997
0.100 0.450 0.36984918197002997
0.100 0.500 0.36984918197002997
0.100 0.550 0.36984918197002997
0.100 0.600 0.36984918197002997
0.100 0.650 0.36984918197002997
0.100 0.700 0.36984918197002997
0.100 0.750 0.36984918197002997
0.100 0.800 0.36984918197002997
0.100 0.850 0.3698320861459568
0.100 0.900 0.3698320861459568
0.100 0.950 0.3698320861459568
0.100 1.000 0.3698320861459568
0.150 0.050 0.37054676924813124
0.150 0.100 0.370742053900438
0.150 0.150 0.37055932832411037
0.150 0.200 0.37042776074818534
0.150 0.250 0.3702247464200481
0.150 0.300 0.37017312651301837
0.150 0.350 0.37017312651301837
0.150 0.400 0.37016831920713833
0.150 0.450 0.37016831920713833
0.150 0.500 0.3700654259545349
0.150 0.550 0.3699434854342615
0.150 0.600 0.36992329243246924
0.150 0.650 0.36992329243246924
0.150 0.700 0.3697625481198627
0.150 0.750 0.36974908908375326
0.150 0.800 0.36974908908375326
0.150 0.850 0.36971243453398017
0.150 0.900 0.3696886755176738
0.150 0.950 0.3696886755176738
0.150 1.000 0.3696522932077511
0.200 0.050 0.3704238504859477
0.200 0.100 0.37052824740388796
0.200 0.150 0.37011545275606506
0.200 0.200 0.3701332465280738
0.200 0.250 0.3701042335450333
0.200 0.300 0.3700638486902941
0.200 0.350 0.3700638486902941
0.200 0.400 0.36983160601318055
0.200 0.450 0.36983160601318055
0.200 0.500 0.36975872645270913
0.200 0.550 0.3697455902453206
0.200 0.600 0.36971668404078994
0.200 0.650 0.36971668404078994
0.200 0.700 0.3697110643648098
0.200 0.750 0.3696925257037056
0.200 0.800 0.3696925257037056
0.200 0.850 0.3696558712841254
0.200 0.900 0.3696429941749779
0.200 0.950 0.3696429941749779
0.200 1.000 0.36963979602590885
0.250 0.050 0.37476015966225973
0.250 0.100 0.3744073320010749
0.250 0.150 0.3738613367987755
0.250 0.200 0.3730054366628506
0.250 0.250 0.3728500953189371
0.250 0.300 0.3727567037017424
0.250 0.350 0.3727531236506466
0.250 0.400 0.3725696466459718
0.250 0.450 0.3725068560605506
0.250 0.500 0.3720206154258846
0.250 0.550 0.3719971464463879
0.250 0.600 0.37196662107326717
0.250 0.650 0.37209396211221163
0.250 0.700 0.37200849117339513
0.250 0.750 0.37121565581442306
0.250 0.800 0.37121565581442306
0.250 0.850 0.37121565581442306
0.250 0.900 0.3710303015307248
0.250 0.950 0.370902786946399
0.250 1.000 0.3713605786509748
0.300 0.050 0.3749941345912397
0.300 0.100 0.37498082078093553
0.300 0.150 0.3749097159273167
0.300 0.200 0.37239310489229266
0.300 0.250 0.37233020871389955
0.300 0.300 0.37231285929084307
0.300 0.350 0.37231285929084307
0.300 0.400 0.3722947827984163
0.300 0.450 0.372268238101693
0.300 0.500 0.3721916824507338
0.300 0.550 0.3721384754286577
0.300 0.600 0.372121879494281
0.300 0.650 0.372121879494281
0.300 0.700 0.3720469622481812
0.300 0.750 0.371254079900811
0.300 0.800 0.371254079900811
0.300 0.850 0.371254079900811
0.300 0.900 0.37119053846732325
0.300 0.950 0.3710680160513026
0.300 1.000 0.37132131460878753
0.350 0.050 0.3732484248389129
0.350 0.100 0.37394644581035513
0.350 0.150 0.37317283810692187
0.350 0.200 0.3728544100453838
0.350 0.250 0.372805439291379
0.350 0.300 0.37266034794520503
0.350 0.350 0.3726564406333485
0.350 0.400 0.3723770456887894
0.350 0.450 0.3723144381940496
0.350 0.500 0.3721990999980348
0.350 0.550 0.3721451176766082
0.350 0.600 0.372128521742232
0.350 0.650 0.372128521742232
0.350 0.700 0.3720539866274497
0.350 0.750 0.371261084051585
0.350 0.800 0.371261084051585
0.350 0.850 0.371261084051585
0.350 0.900 0.37119762863733075
0.350 0.950 0.3710680160513026
0.350 1.000 0.3714871955684531
0.400 0.050 0.37317385974245487
0.400 0.100 0.3735614237224184
0.400 0.150 0.37305304755479196
0.400 0.200 0.3727096106086376
0.400 0.250 0.37264666563843435
0.400 0.300 0.3725268516469994
0.400 0.350 0.37252294469326797
0.400 0.400 0.3720409400967627
0.400 0.450 0.3719783440511465
0.400 0.500 0.37184879631514345
0.400 0.550 0.37181800969819123
0.400 0.600 0.37180141381040377
0.400 0.650 0.37180141381040377
0.400 0.700 0.3717269164123104
0.400 0.750 0.37148989396207327
0.400 0.800 0.37148989396207327
0.400 0.850 0.37148989396207327
0.400 0.900 0.371423250328699
0.400 0.950 0.37129369363983955
0.400 1.000 0.3712550358372713
0.450 0.050 0.37467285613983814
0.450 0.100 0.373102070549564
0.450 0.150 0.3725747103970471
0.450 0.200 0.3722700304863717
0.450 0.250 0.37223465717378157
0.450 0.300 0.371926319393324
0.450 0.350 0.3719208384591256
0.450 0.400 0.3715412375062068
0.450 0.450 0.37142835359750564
0.450 0.500 0.3716242070717378
0.450 0.550 0.37157791543674684
0.450 0.600 0.3715611236932734
0.450 0.650 0.3715611236932734
0.450 0.700 0.37152558228357585
0.450 0.750 0.3711198353873809
0.450 0.800 0.3711198353873809
0.450 0.850 0.3711198353873809
0.450 0.900 0.37110127854889846
0.450 0.950 0.37101845531041905
0.450 1.000 0.37114007828693885
0.500 0.050 0.3732482945029672
0.500 0.100 0.37268422686396513
0.500 0.150 0.37264355948932587
0.500 0.200 0.37229674992368833
0.500 0.250 0.37224051548104453
0.500 0.300 0.37174744331630155
0.500 0.350 0.371741962793914
0.500 0.400 0.371608798539258
0.500 0.450 0.37170483920478536
0.500 0.500 0.3714601281930879
0.500 0.550 0.37149997608079777
0.500 0.600 0.37148318435323446
0.500 0.650 0.37148318435323446
0.500 0.700 0.3714476441648161
0.500 0.750 0.37104189616224453
0.500 0.800 0.37104189616224453
0.500 0.850 0.3710467660070885
0.500 0.900 0.3710282091883371
0.500 0.950 0.37097751434510273
0.500 1.000 0.3709091487250481
0.550 0.050 0.37250762835737905
0.550 0.100 0.3724161062636079
0.550 0.150 0.37236473254111696
0.550 0.200 0.3722211813415524
0.550 0.250 0.37218107713620097
0.550 0.300 0.3721364511184773
0.550 0.350 0.3720413228483791
0.550 0.400 0.3716193480872387
0.550 0.450 0.3716193480872387
0.550 0.500 0.3714883774972133
0.550 0.550 0.37143715524782117
0.550 0.600 0.37142043699223853
0.550 0.650 0.3714066052776077
0.550 0.700 0.3713320946315329
0.550 0.750 0.37110410173909186
0.550 0.800 0.37107352082051415
0.550 0.850 0.3710552656702215
0.550 0.900 0.37141047705740854
0.550 0.950 0.37137169631362427
0.550 1.000 0.3708695276299111
0.600 0.050 0.37358886338427766
0.600 0.100 0.37351036422272393
0.600 0.150 0.3734522969430388
0.600 0.200 0.373347269108861
0.600 0.250 0.37330196528487414
0.600 0.300 0.3732210610163956
0.600 0.350 0.37313696084650533
0.600 0.400 0.37165122634977354
0.600 0.450 0.37165122634977354
0.600 0.500 0.37155508509022717
0.600 0.550 0.37152441838639566
0.600 0.600 0.37150774890158045
0.600 0.650 0.3715171032665037
0.600 0.700 0.3715440160709955
0.600 0.750 0.3715945888247985
0.600 0.800 0.3715945888247985
0.600 0.850 0.3720773277052929
0.600 0.900 0.37204466307116096
0.600 0.950 0.37200590475461565
0.600 1.000 0.3709957446042998
0.650 0.050 0.3735127702826693
0.650 0.100 0.3732997515192885
0.650 0.150 0.37320123165176655
0.650 0.200 0.37167369855350757
0.650 0.250 0.37160761660833386
0.650 0.300 0.3721106598413664
0.650 0.350 0.3714601629306346
0.650 0.400 0.37153972013441894
0.650 0.450 0.37153972013441894
0.650 0.500 0.3714436340703221
0.650 0.550 0.371414529827503
0.650 0.600 0.371394789812939
0.650 0.650 0.371404144155893
0.650 0.700 0.3714310558286249
0.650 0.750 0.3715165737275984
0.650 0.800 0.3715165737275984
0.650 0.850 0.3721156127184715
0.650 0.900 0.3714713719239656
0.650 0.950 0.37143349799568964
0.650 1.000 0.37070897871245256
0.700 0.050 0.37305909173313795
0.700 0.100 0.37287316324849934
0.700 0.150 0.37285645160069336
0.700 0.200 0.3724349728277575
0.700 0.250 0.3723528663904222
0.700 0.300 0.3720817759045445
0.700 0.350 0.37214485348053894
0.700 0.400 0.3720330835024442
0.700 0.450 0.3720301436199417
0.700 0.500 0.3718469387998328
0.700 0.550 0.3718589297423175
0.700 0.600 0.37180332980121455
0.700 0.650 0.37181606572152504
0.700 0.700 0.37173151029721535
0.700 0.750 0.3713401126808549
0.700 0.800 0.3713401126808549
0.700 0.850 0.37138076755867633
0.700 0.900 0.37138441442456444
0.700 0.950 0.3713325675243449
0.700 1.000 0.3711259411521487
0.750 0.050 0.373447941445768
0.750 0.100 0.37336324897529366
0.750 0.150 0.3722564527598643
0.750 0.200 0.37193834389992536
0.750 0.250 0.37190469029137957
0.750 0.300 0.37183969196499844
0.750 0.350 0.3718955474633729
0.750 0.400 0.37189910975610063
0.750 0.450 0.37177204205309117
0.750 0.500 0.3716722844672738
0.750 0.550 0.3716174836843307
0.750 0.600 0.37156191203648264
0.750 0.650 0.37157464781187377
0.750 0.700 0.37150900821667115
0.750 0.750 0.3713401126808549
0.750 0.800 0.3713401126808549
0.750 0.850 0.37138076755867633
0.750 0.900 0.37138441442456444
0.750 0.950 0.3713325675243449
0.750 1.000 0.3711259411521487
0.800 0.050 0.3720553777451182
0.800 0.100 0.37185331426889834
0.800 0.150 0.371787200558563
0.800 0.200 0.37126738764897593
0.800 0.250 0.37124122358707856
0.800 0.300 0.37123090659292507
0.800 0.350 0.3712867806941494
0.800 0.400 0.3712615284415042
0.800 0.450 0.3711621753150841
0.800 0.500 0.3710576556558461
0.800 0.550 0.37076639641119097
0.800 0.600 0.37071085601670295
0.800 0.650 0.37071085601670295
0.800 0.700 0.3706452485628532
0.800 0.750 0.3704837940828873
0.800 0.800 0.3704837940828873
0.800 0.850 0.3705244392562317
0.800 0.900 0.3705280531801351
0.800 0.950 0.3704762069878347
0.800 1.000 0.3702728885560571
0.850 0.050 0.37276603763915833
0.850 0.100 0.37231192451540757
0.850 0.150 0.3716199082320486
0.850 0.200 0.37123651801844876
0.850 0.250 0.37116651097462056
0.850 0.300 0.37107277380193815
0.850 0.350 0.3711168392126565
0.850 0.400 0.37095154116630336
0.850 0.450 0.3709416740511184
0.850 0.500 0.371010956058742
0.850 0.550 0.37071577887701584
0.850 0.600 0.3706601961838214
0.850 0.650 0.3706601961838214
0.850 0.700 0.3706452485628532
0.850 0.750 0.3704837940828873
0.850 0.800 0.3704837940828873
0.850 0.850 0.3705244392562317
0.850 0.900 0.37050450643759997
0.850 0.950 0.3704526602849788
0.850 1.000 0.3702493419179461
0.900 0.050 0.37059272541085775
0.900 0.100 0.37035743239614916
0.900 0.150 0.37009694246207064
0.900 0.200 0.3701218447108153
0.900 0.250 0.3699178887546768
0.900 0.300 0.3698056924573604
0.900 0.350 0.3697726410925962
0.900 0.400 0.36960555667084405
0.900 0.450 0.3695957159198795
0.900 0.500 0.3690298397645959
0.900 0.550 0.36936953928546923
0.900 0.600 0.3693527744648873
0.900 0.650 0.3693527744648873
0.900 0.700 0.36933877757949085
0.900 0.750 0.369233371258326
0.900 0.800 0.369233371258326
0.900 0.850 0.3687917002432157
0.900 0.900 0.36860454632408635
0.900 0.950 0.3685530639496841
0.900 1.000 0.3685082087993289
0.950 0.050 0.370495403535875
0.950 0.100 0.37032837525800716
0.950 0.150 0.3702540271783207
0.950 0.200 0.37004947208019295
0.950 0.250 0.3698366900248423
0.950 0.300 0.36978713914858435
0.950 0.350 0.3697319504449186
0.950 0.400 0.36959687179433415
0.950 0.450 0.3695870310433694
0.950 0.500 0.36900024876991067
0.950 0.550 0.36936953928546923
0.950 0.600 0.3693527744648873
0.950 0.650 0.3693527744648873
0.950 0.700 0.36933877757949085
0.950 0.750 0.369233371258326
0.950 0.800 0.369233371258326
0.950 0.850 0.3687917002432157
0.950 0.900 0.36860454632408635
0.950 0.950 0.3685530639496841
0.950 1.000 0.3685082087993289
1.000 0.050 0.37086911015534024
1.000 0.100 0.37025643631759575
1.000 0.150 0.3699800319259605
1.000 0.200 0.36975510113627874
1.000 0.250 0.36954324270924127
1.000 0.300 0.369511208943552
1.000 0.350 0.36953994076953367
1.000 0.400 0.36940438224544797
1.000 0.450 0.36939454149448314
1.000 0.500 0.36919214438464665
1.000 0.550 0.36917678280037175
1.000 0.600 0.36916002056339753
1.000 0.650 0.36916002056339753
1.000 0.700 0.3691457765494406
1.000 0.750 0.36904004805696133
1.000 0.800 0.36904004805696133
1.000 0.850 0.36886241537947106
1.000 0.900 0.36883961646212515
1.000 0.950 0.36878805095008277
1.000 1.000 0.3687480886097027
