0.050 0.050 0.004 184.26375134948427
0.050 0.100 0.004 184.26375134948427
0.050 0.150 0.004 184.26375134948427
0.050 0.200 0.004 184.26375134948427
0.050 0.250 0.004 184.26375134948427
0.050 0.300 0.004 184.26375134948427
0.050 0.350 0.004 184.26375134948427
0.050 0.400 0.004 184.26375134948427
0.050 0.450 0.004 184.26375134948427
0.050 0.500 0.004 184.26375134948427
0.050 0.550 0.004 184.26375134948427
0.050 0.600 0.004 184.26375134948427
0.050 0.650 0.004 184.26375134948427
0.050 0.700 0.004 184.26375134948427
0.050 0.750 0.004 184.26375134948427
0.050 0.800 0.004 184.26375134948427
0.050 0.850 0.004 184.26375134948427
0.050 0.900 0.004 184.26375134948427
0.050 0.950 0.004 184.26588576912468
0.050 1.000 0.004 184.26588576912468
0.100 0.050 0.004 184.26375134948427
0.100 0.100 0.004 184.26375134948427
0.100 0.150 0.004 184.26375134948427
0.100 0.200 0.004 184.26375134948427
0.100 0.250 0.004 184.26375134948427
0.100 0.300 0.004 184.26375134948427
0.100 0.350 0.004 184.26375134948427
0.100 0.400 0.004 184.26375134948427
0.100 0.450 0.004 184.26375134948427
0.100 0.500 0.004 184.26375134948427
0.100 0.550 0.004 184.26375134948427
0.100 0.600 0.004 184.26375134948427
0.100 0.650 0.004 184.26375134948427
0.100 0.700 0.004 184.26375134948427
0.100 0.750 0.004 184.26375134948427
0.100 0.800 0.004 184.26375134948427
0.100 0.850 0.004 184.26375134948427
0.100 0.900 0.004 184.26375134948427
0.100 0.950 0.004 184.26588576912468
0.100 1.000 0.004 184.26588576912468
0.150 0.050 0.004 184.22196771898405
0.150 0.100 0.004 184.22196771898405
0.150 0.150 0.004 184.22184774866858
0.150 0.200 0.004 184.22356680544897
0.150 0.250 0.004 184.22356680544897
0.150 0.300 0.004 184.22356680544897
0.150 0.350 0.004 184.2574354687676
0.150 0.400 0.004 184.23972641692498
0.150 0.450 0.004 184.23915141040774
0.150 0.500 0.004 184.2463630848618
0.150 0.550 0.004 184.2507610950995
0.150 0.600 0.004 184.28855980358043
0.150 0.650 0.004 184.28855980358043
0.150 0.700 0.004 184.28855980358043
0.150 0.750 0.004 184.28907042994388
0.150 0.800 0.004 184.29974222087458
0.150 0.850 0.004 184.29974222087458
0.150 0.900 0.004 184.3111952975304
0.150 0.950 0.004 184.31218054072775
0.150 1.000 0.004 184.31218054072775
0.200 0.050 0.004 183.9804162439977
0.200 0.100 0.004 183.9804162439977
0.200 0.150 0.004 184.01924587786775
0.200 0.200 0.004 184.02796924790968
0.200 0.250 0.004 184.02796924790968
0.200 0.300 0.004 184.04316361271594
0.200 0.350 0.004 184.09968845404674
0.200 0.400 0.004 183.94761371181156
0.200 0.450 0.004 183.80615889101344
0.200 0.500 0.004 183.81006655798362
0.200 0.550 0.004 184.11190523802145
0.200 0.600 0.004 184.13711861834946
0.200 0.650 0.004 184.14658392743704
0.200 0.700 0.004 184.15864762791864
0.200 0.750 0.004 184.24664663841514
0.200 0.800 0.004 184.26028005467538
0.200 0.850 0.004 184.26028064516532
0.200 0.900 0.004 184.28503191232028
0.200 0.950 0.004 184.28503191232028
0.200 1.000 0.004 184.30512873164642
0.250 0.050 0.004 184.00312025143344
0.250 0.100 0.004 184.00312025143344
0.250 0.150 0.004 184.05498281998663
0.250 0.200 0.004 184.05646752337893
0.250 0.250 0.004 184.05646752337893
0.250 0.300 0.004 184.0560779721024
0.250 0.350 0.004 184.08881717210951
0.250 0.400 0.004 184.0090058455496
0.250 0.450 0.004 184.0090058455496
0.250 0.500 0.004 184.06990717602812
0.250 0.550 0.004 184.15536414210953
0.250 0.600 0.004 184.1404198463531
0.250 0.650 0.004 184.14982272812236
0.250 0.700 0.004 184.1618864194366
0.250 0.750 0.004 184.240893540518
0.250 0.800 0.004 184.2544952913945
0.250 0.850 0.004 184.25449588188445
0.250 0.900 0.004 184.28503191232028
0.250 0.950 0.004 184.28503191232028
0.250 1.000 0.004 184.31155045199463
0.300 0.050 0.004 183.44821676615007
0.300 0.100 0.004 183.44821676615007
0.300 0.150 0.004 183.45656731252762
0.300 0.200 0.004 183.76279290433
0.300 0.250 0.004 183.77203334535167
0.300 0.300 0.004 183.9116678987325
0.300 0.350 0.004 183.85035433947962
0.300 0.400 0.004 183.80272651928692
0.300 0.450 0.004 183.97068268754023
0.300 0.500 0.004 183.99680490208047
0.300 0.550 0.004 184.06374182904858
0.300 0.600 0.004 183.99663238585902
0.300 0.650 0.004 183.99663238585902
0.300 0.700 0.004 184.0087299402029
0.300 0.750 0.004 184.01431083423404
0.300 0.800 0.004 184.02273081172427
0.300 0.850 0.004 184.01517968181767
0.300 0.900 0.004 184.0562228125966
0.300 0.950 0.004 184.0562228125966
0.300 1.000 0.004 184.05584366358414
0.350 0.050 0.004 184.11786304631238
0.350 0.100 0.004 184.11786304631238
0.350 0.150 0.004 184.11770638304426
0.350 0.200 0.004 184.11786304017102
0.350 0.250 0.004 184.11786304017102
0.350 0.300 0.004 184.11786304017102
0.350 0.350 0.004 184.17225544655017
0.350 0.400 0.004 184.20738177973527
0.350 0.450 0.004 184.21034675308354
0.350 0.500 0.004 184.2146852007054
0.350 0.550 0.004 184.24915459574945
0.350 0.600 0.004 184.23554331892868
0.350 0.650 0.004 184.23554331892868
0.350 0.700 0.004 184.23554331892868
0.350 0.750 0.004 184.2273553151756
0.350 0.800 0.004 184.2273553151756
0.350 0.850 0.004 184.22737069766507
0.350 0.900 0.004 184.27953853898356
0.350 0.950 0.004 184.27953853898356
0.350 1.000 0.004 184.2990543600662
0.400 0.050 0.004 183.43799294272426
0.400 0.100 0.004 183.43799294272426
0.400 0.150 0.004 183.45618040200114
0.400 0.200 0.004 183.38889714449112
0.400 0.250 0.004 183.38889714449112
0.400 0.300 0.004 183.38160518859047
0.400 0.350 0.004 183.38410118793092
0.400 0.400 0.004 183.819487379834
0.400 0.450 0.004 183.81931327769982
0.400 0.500 0.004 183.83317309743268
0.400 0.550 0.004 183.6094320097626
0.400 0.600 0.004 183.8194223285464
0.400 0.650 0.004 183.84672696336017
0.400 0.700 0.004 183.8194223285464
0.400 0.750 0.004 183.92388259577277
0.400 0.800 0.004 183.94463735013665
0.400 0.850 0.004 183.9446369242075
0.400 0.900 0.004 183.95775271054785
0.400 0.950 0.004 183.95775271054785
0.400 1.000 0.004 183.98077105903658
0.450 0.050 0.004 183.77601362555365
0.450 0.100 0.004 183.77601362555365
0.450 0.150 0.004 183.77601362555365
0.450 0.200 0.004 183.77136079607914
0.450 0.250 0.004 183.77136079607914
0.450 0.300 0.004 183.77135841362116
0.450 0.350 0.004 183.73970506441412
0.450 0.400 0.004 183.79832117621092
0.450 0.450 0.004 183.79831533604087
0.450 0.500 0.004 183.80257514519292
0.450 0.550 0.004 183.83184285596997
0.450 0.600 0.004 183.83961354297617
0.450 0.650 0.004 183.84534630740862
0.450 0.700 0.004 183.8580770390635
0.450 0.750 0.004 183.9355752212589
0.450 0.800 0.004 183.95186476539828
0.450 0.850 0.004 183.9518643394691
0.450 0.900 0.004 183.96480861624522
0.450 0.950 0.004 183.96480861624522
0.450 1.000 0.004 183.97939345565953
0.500 0.050 0.004 183.73881810603518
0.500 0.100 0.004 183.73881810603518
0.500 0.150 0.004 183.7623207462494
0.500 0.200 0.004 183.74008318148242
0.500 0.250 0.004 183.74378396752084
0.500 0.300 0.004 183.75281105234194
0.500 0.350 0.004 183.78368719863272
0.500 0.400 0.004 183.86925700772858
0.500 0.450 0.004 183.8692531035368
0.500 0.500 0.004 183.8732398611626
0.500 0.550 0.004 183.89229167108564
0.500 0.600 0.004 183.89210313494092
0.500 0.650 0.004 183.89210313494092
0.500 0.700 0.004 183.86310899340998
0.500 0.750 0.004 183.93575999477653
0.500 0.800 0.004 183.9589726313276
0.500 0.850 0.004 183.95897220539848
0.500 0.900 0.004 183.96480861624522
0.500 0.950 0.004 183.96480861624522
0.500 1.000 0.004 183.97939345565953
0.550 0.050 0.004 183.73881810603518
0.550 0.100 0.004 183.73881810603518
0.550 0.150 0.004 183.7623207462494
0.550 0.200 0.004 183.75140974282485
0.550 0.250 0.004 183.75173127086546
0.550 0.300 0.004 183.7630877265854
0.550 0.350 0.004 183.77159257390258
0.550 0.400 0.004 183.8516376297543
0.550 0.450 0.004 183.86663004188884
0.550 0.500 0.004 183.87057870650872
0.550 0.550 0.004 183.88831413234837
0.550 0.600 0.004 183.91561284012508
0.550 0.650 0.004 183.90913548625136
0.550 0.700 0.004 183.9080800523349
0.550 0.750 0.004 183.94177421067775
0.550 0.800 0.004 183.94177421067775
0.550 0.850 0.004 183.94177378474856
0.550 0.900 0.004 183.96480861624522
0.550 0.950 0.004 183.96480861624522
0.550 1.000 0.004 183.97939345565953
0.600 0.050 0.004 183.98634096937514
0.600 0.100 0.004 183.98634096937514
0.600 0.150 0.004 184.004467622631
0.600 0.200 0.004 183.99031300597449
0.600 0.250 0.004 183.9973116166611
0.600 0.300 0.004 183.9973116166611
0.600 0.350 0.004 184.00123285663497
0.600 0.400 0.004 184.0944402682963
0.600 0.450 0.004 184.09519611192772
0.600 0.500 0.004 184.09914675813576
0.600 0.550 0.004 184.11837416901378
0.600 0.600 0.004 184.19216904934103
0.600 0.650 0.004 184.19216904934103
0.600 0.700 0.004 184.1911136154246
0.600 0.750 0.004 184.21826438958286
0.600 0.800 0.004 184.21826438958286
0.600 0.850 0.004 184.21826396365364
0.600 0.900 0.004 184.2412763301563
0.600 0.950 0.004 184.2412763301563
0.600 1.000 0.004 184.25519314529242
0.650 0.050 0.004 184.15534358851215
0.650 0.100 0.004 184.15534358851215
0.650 0.150 0.004 184.17051937815074
0.650 0.200 0.004 184.19780302301783
0.650 0.250 0.004 184.2027745721166
0.650 0.300 0.004 184.20260788296088
0.650 0.350 0.004 184.2066281004357
0.650 0.400 0.004 184.1057750751372
0.650 0.450 0.004 184.11289071572932
0.650 0.500 0.004 184.1173217115843
0.650 0.550 0.004 184.19448500998135
0.650 0.600 0.004 184.23036607974205
0.650 0.650 0.004 184.23036607974205
0.650 0.700 0.004 184.2326766191223
0.650 0.750 0.004 184.26081489444277
0.650 0.800 0.004 184.26081489444277
0.650 0.850 0.004 184.26081446851367
0.650 0.900 0.004 184.28644869481414
0.650 0.950 0.004 184.28644869481414
0.650 1.000 0.004 184.2969769565575
0.700 0.050 0.004 184.0158052638647
0.700 0.100 0.004 184.0158052638647
0.700 0.150 0.004 184.02210865538513
0.700 0.200 0.004 184.07540081713347
0.700 0.250 0.004 184.10600148546453
0.700 0.300 0.004 184.21032164468326
0.700 0.350 0.004 184.20852467188766
0.700 0.400 0.004 184.1760085699545
0.700 0.450 0.004 184.19428748479092
0.700 0.500 0.004 184.1831204552964
0.700 0.550 0.004 184.19448500998135
0.700 0.600 0.004 184.23036607974205
0.700 0.650 0.004 184.23036607974205
0.700 0.700 0.004 184.2326766191223
0.700 0.750 0.004 184.26081489444277
0.700 0.800 0.004 184.26081489444277
0.700 0.850 0.004 184.26081446851367
0.700 0.900 0.004 184.2654727713358
0.700 0.950 0.004 184.2654727713358
0.700 1.000 0.004 184.2969769565575
0.750 0.050 0.004 183.8167173044635
0.750 0.100 0.004 183.8167173044635
0.750 0.150 0.004 183.9933169096465
0.750 0.200 0.004 184.01079933116438
0.750 0.250 0.004 184.03753307496174
0.750 0.300 0.004 184.15766844201926
0.750 0.350 0.004 184.1586628498194
0.750 0.400 0.004 184.1979117358604
0.750 0.450 0.004 184.1979117358604
0.750 0.500 0.004 184.2071313857428
0.750 0.550 0.004 184.2251616002247
0.750 0.600 0.004 184.23503913574672
0.750 0.650 0.004 184.23503913574672
0.750 0.700 0.004 184.2370379224296
0.750 0.750 0.004 184.23652900507872
0.750 0.800 0.004 184.23652900507872
0.750 0.850 0.004 184.2775187149594
0.750 0.900 0.004 184.27934240974744
0.750 0.950 0.004 184.27934240974744
0.750 1.000 0.004 184.28647977289054
0.800 0.050 0.004 184.40373295558072
0.800 0.100 0.004 184.40373295558072
0.800 0.150 0.004 183.73524362569495
0.800 0.200 0.004 183.8829901704067
0.800 0.250 0.004 183.83342671371173
0.800 0.300 0.004 184.63369270831134
0.800 0.350 0.004 184.64499527391106
0.800 0.400 0.004 184.6531853198079
0.800 0.450 0.004 184.6531853198079
0.800 0.500 0.004 184.66226120342532
0.800 0.550 0.004 184.66534742499428
0.800 0.600 0.004 184.84604099167825
0.800 0.650 0.004 184.84604099167825
0.800 0.700 0.004 184.8479269949564
0.800 0.750 0.004 184.84737241004123
0.800 0.800 0.004 184.84737241004123
0.800 0.850 0.004 184.88808074376524
0.800 0.900 0.004 184.88980671345553
0.800 0.950 0.004 184.88980671345553
0.800 1.000 0.004 184.89681976207063
0.850 0.050 0.004 184.59024827551227
0.850 0.100 0.004 184.59024827551227
0.850 0.150 0.004 184.04530172091634
0.850 0.200 0.004 184.14893663251047
0.850 0.250 0.004 184.11936561474874
0.850 0.300 0.004 184.36060572521754
0.850 0.350 0.004 184.3652901577645
0.850 0.400 0.004 184.85276555235967
0.850 0.450 0.004 184.88196397299316
0.850 0.500 0.004 184.81106281417138
0.850 0.550 0.004 184.8140183285238
0.850 0.600 0.004 184.84604099167825
0.850 0.650 0.004 184.84604099167825
0.850 0.700 0.004 184.8479269949564
0.850 0.750 0.004 184.84737241004123
0.850 0.800 0.004 184.84737241004123
0.850 0.850 0.004 184.88808074376524
0.850 0.900 0.004 184.88980671345553
0.850 0.950 0.004 184.88980671345553
0.850 1.000 0.004 184.89681976207063
0.900 0.050 0.004 184.59024827551227
0.900 0.100 0.004 184.59024827551227
0.900 0.150 0.004 184.02176596046942
0.900 0.200 0.004 184.14893663251047
0.900 0.250 0.004 184.11936561474874
0.900 0.300 0.004 184.36060572521754
0.900 0.350 0.004 184.3652901577645
0.900 0.400 0.004 184.85276555235967
0.900 0.450 0.004 184.88196397299316
0.900 0.500 0.004 184.81106281417138
0.900 0.550 0.004 184.8140183285238
0.900 0.600 0.004 184.84604099167825
0.900 0.650 0.004 184.84604099167825
0.900 0.700 0.004 184.8479269949564
0.900 0.750 0.004 184.84737241004123
0.900 0.800 0.004 184.84737241004123
0.900 0.850 0.004 184.88808074376524
0.900 0.900 0.004 184.88980671345553
0.900 0.950 0.004 184.88980671345553
0.900 1.000 0.004 184.89681976207063
0.950 0.050 0.004 184.5884424271637
0.950 0.100 0.004 184.5884424271637
0.950 0.150 0.004 183.93936183344888
0.950 0.200 0.004 184.0598679216265
0.950 0.250 0.004 184.17911688207516
0.950 0.300 0.004 184.3604105934961
0.950 0.350 0.004 184.3652901577645
0.950 0.400 0.004 184.85276555235967
0.950 0.450 0.004 184.88196397299316
0.950 0.500 0.004 184.81106281417138
0.950 0.550 0.004 184.8140183285238
0.950 0.600 0.004 184.84604099167825
0.950 0.650 0.004 184.84604099167825
0.950 0.700 0.004 184.8479269949564
0.950 0.750 0.004 184.84737241004123
0.950 0.800 0.004 184.84737241004123
0.950 0.850 0.004 184.88808074376524
0.950 0.900 0.004 184.88980671345553
0.950 0.950 0.004 184.88980671345553
0.950 1.000 0.004 184.89681976207063
1.000 0.050 0.004 184.4982640794966
1.000 0.100 0.004 184.4982640794966
1.000 0.150 0.004 183.79217828488834
1.000 0.200 0.004 183.91138557334355
1.000 0.250 0.004 184.07851100516734
1.000 0.300 0.004 184.57388717156502
1.000 0.350 0.004 184.57416597887064
1.000 0.400 0.004 184.77599135658772
1.000 0.450 0.004 184.805331755004
1.000 0.500 0.004 184.8092013931108
1.000 0.550 0.004 184.8121696687772
1.000 0.600 0.004 184.83622473017678
1.000 0.650 0.004 184.83622473017678
1.000 0.700 0.004 184.83877484644685
1.000 0.750 0.004 184.83790108472664
1.000 0.800 0.004 184.83790108472664
1.000 0.850 0.004 184.8273045227325
1.000 0.900 0.004 184.82914656748432
1.000 0.950 0.004 184.82914656748432
1.000 1.000 0.004 184.83631866367708
