0.050 0.050 0.010 180.68675280235067
0.050 0.100 0.010 180.7142512537463
0.050 0.150 0.010 180.7142512537463
0.050 0.200 0.010 180.7142512537463
0.050 0.250 0.010 180.7142512537463
0.050 0.300 0.010 180.7142512537463
0.050 0.350 0.010 180.71814861831135
0.050 0.400 0.010 180.72110778506536
0.050 0.450 0.010 180.72110778506536
0.050 0.500 0.010 180.72110778506536
0.050 0.550 0.010 180.72110778506536
0.050 0.600 0.010 180.72110778506536
0.050 0.650 0.010 180.72110778506536
0.050 0.700 0.010 180.72110778506536
0.050 0.750 0.010 180.72110778506536
0.050 0.800 0.010 180.72110778506536
0.050 0.850 0.010 180.72110778506536
0.050 0.900 0.010 180.72650887377182
0.050 0.950 0.010 180.72650887377182
0.050 1.000 0.010 180.72650887377182
0.100 0.050 0.010 180.68675280235067
0.100 0.100 0.010 180.7142512537463
0.100 0.150 0.010 180.7142512537463
0.100 0.200 0.010 180.7142512537463
0.100 0.250 0.010 180.7142512537463
0.100 0.300 0.010 180.7142512537463
0.100 0.350 0.010 180.71814861831135
0.100 0.400 0.010 180.72110778506536
0.100 0.450 0.010 180.72110778506536
0.100 0.500 0.010 180.72110778506536
0.100 0.550 0.010 180.72110778506536
0.100 0.600 0.010 180.72110778506536
0.100 0.650 0.010 180.72110778506536
0.100 0.700 0.010 180.72110778506536
0.100 0.750 0.010 180.72110778506536
0.100 0.800 0.010 180.72110778506536
0.100 0.850 0.010 180.72110778506536
0.100 0.900 0.010 180.72650887377182
0.100 0.950 0.010 180.72650887377182
0.100 1.000 0.010 180.72650887377182
0.150 0.050 0.010 180.55855336526335
0.150 0.100 0.010 180.59774132297318
0.150 0.150 0.010 180.58282837827082
0.150 0.200 0.010 180.65191664238145
0.150 0.250 0.010 180.69601528003645
0.150 0.300 0.010 180.70737424766932
0.150 0.350 0.010 180.70737424766932
0.150 0.400 0.010 180.67300778015732
0.150 0.450 0.010 180.687419639488
0.150 0.500 0.010 180.69889473598417
0.150 0.550 0.010 180.74512413462685
0.150 0.600 0.010 180.74512413462685
0.150 0.650 0.010 180.787680421872
0.150 0.700 0.010 180.787680421872
0.150 0.750 0.010 180.78010486706552
0.150 0.800 0.010 180.78010486706552
0.150 0.850 0.010 180.78010486706552
0.150 0.900 0.010 180.78010486706552
0.150 0.950 0.010 180.7799614072709
0.150 1.000 0.010 180.81919624955444
0.200 0.050 0.010 180.64023183295146
0.200 0.100 0.010 180.6547853707023
0.200 0.150 0.010 180.6781274138546
0.200 0.200 0.010 180.65551800598462
0.200 0.250 0.010 180.70263284866573
0.200 0.300 0.010 180.70737424766932
0.200 0.350 0.010 180.70737424766932
0.200 0.400 0.010 180.73102441921657
0.200 0.450 0.010 180.7347099448196
0.200 0.500 0.010 180.74618760733338
0.200 0.550 0.010 180.74512413462685
0.200 0.600 0.010 180.74512413462685
0.200 0.650 0.010 180.787680421872
0.200 0.700 0.010 180.787680421872
0.200 0.750 0.010 180.78010486706552
0.200 0.800 0.010 180.78010486706552
0.200 0.850 0.010 180.78010486706552
0.200 0.900 0.010 180.78010486706552
0.200 0.950 0.010 180.7799614072709
0.200 1.000 0.010 180.81919624955444
0.250 0.050 0.010 179.69798961307444
0.250 0.100 0.010 179.94833834114655
0.250 0.150 0.010 179.9811469666314
0.250 0.200 0.010 180.00095171930778
0.250 0.250 0.010 180.02883827497286
0.250 0.300 0.010 180.05536298319146
0.250 0.350 0.010 180.09787395018157
0.250 0.400 0.010 180.1240249208814
0.250 0.450 0.010 180.12734909263372
0.250 0.500 0.010 180.23092587897466
0.250 0.550 0.010 180.26193811799513
0.250 0.600 0.010 180.27075654497253
0.250 0.650 0.010 180.27705056895422
0.250 0.700 0.010 180.32042829238506
0.250 0.750 0.010 180.32714679803647
0.250 0.800 0.010 180.32714679803647
0.250 0.850 0.010 180.32714679803647
0.250 0.900 0.010 180.37584765463086
0.250 0.950 0.010 180.39814759606938
0.250 1.000 0.010 180.64540891929417
0.300 0.050 0.010 179.87158244379998
0.300 0.100 0.010 180.07901034854802
0.300 0.150 0.010 180.10744789864597
0.300 0.200 0.010 180.2123199126108
0.300 0.250 0.010 180.2225766652537
0.300 0.300 0.010 180.21546567335332
0.300 0.350 0.010 180.31090402271644
0.300 0.400 0.010 180.33342447053096
0.300 0.450 0.010 180.34501745822158
0.300 0.500 0.010 180.4074931019844
0.300 0.550 0.010 180.43424927734748
0.300 0.600 0.010 180.4349580433422
0.300 0.650 0.010 180.44427707557915
0.300 0.700 0.010 180.69551691527957
0.300 0.750 0.010 180.78660682243662
0.300 0.800 0.010 180.78500085555964
0.300 0.850 0.010 180.78500085555964
0.300 0.900 0.010 180.81084857415635
0.300 0.950 0.010 180.77375841081397
0.300 1.000 0.010 180.63398461140775
0.350 0.050 0.010 179.91998328629435
0.350 0.100 0.010 180.15444183743637
0.350 0.150 0.010 180.16363791471179
0.350 0.200 0.010 180.16701391063586
0.350 0.250 0.010 180.18441092968453
0.350 0.300 0.010 180.19058312184364
0.350 0.350 0.010 180.2863243483686
0.350 0.400 0.010 180.29777000925992
0.350 0.450 0.010 180.309366476676
0.350 0.500 0.010 180.4074931019844
0.350 0.550 0.010 180.43424927734748
0.350 0.600 0.010 180.4349580433422
0.350 0.650 0.010 180.44427707557915
0.350 0.700 0.010 180.69551691527957
0.350 0.750 0.010 180.78660682243662
0.350 0.800 0.010 180.78500085555964
0.350 0.850 0.010 180.78500085555964
0.350 0.900 0.010 180.81084857415635
0.350 0.950 0.010 180.82313413193555
0.350 1.000 0.010 180.63398461140775
0.400 0.050 0.010 179.99531198546526
0.400 0.100 0.010 180.38063638944848
0.400 0.150 0.010 180.35848692124642
0.400 0.200 0.010 180.22042231370443
0.400 0.250 0.010 180.25481527223755
0.400 0.300 0.010 180.30003789022487
0.400 0.350 0.010 180.30690032968837
0.400 0.400 0.010 180.31844208335633
0.400 0.450 0.010 180.33360134189877
0.400 0.500 0.010 180.44460465615052
0.400 0.550 0.010 180.45070371099524
0.400 0.600 0.010 180.47529411375388
0.400 0.650 0.010 180.48449843683147
0.400 0.700 0.010 180.7329780139006
0.400 0.750 0.010 180.84268031651882
0.400 0.800 0.010 180.84107434964176
0.400 0.850 0.010 180.84107434964176
0.400 0.900 0.010 180.86885562680607
0.400 0.950 0.010 180.86031633811007
0.400 1.000 0.010 180.76817725945497
0.450 0.050 0.010 180.15448569480483
0.450 0.100 0.010 180.07418655420895
0.450 0.150 0.010 180.27388727481517
0.450 0.200 0.010 180.22230432855625
0.450 0.250 0.010 180.35588670707614
0.450 0.300 0.010 180.3610338383347
0.450 0.350 0.010 180.36094308450348
0.450 0.400 0.010 180.36406201261389
0.450 0.450 0.010 180.37562949788796
0.450 0.500 0.010 180.5222107733023
0.450 0.550 0.010 180.5204028005477
0.450 0.600 0.010 179.9521154778158
0.450 0.650 0.010 179.97395659794125
0.450 0.700 0.010 180.5963588942786
0.450 0.750 0.010 180.8100641445618
0.450 0.800 0.010 180.8100641445618
0.450 0.850 0.010 180.8100641445618
0.450 0.900 0.010 180.83486756267123
0.450 0.950 0.010 180.9153590687652
0.450 1.000 0.010 180.7349891257286
0.500 0.050 0.010 180.1830037421806
0.500 0.100 0.010 179.56876637243414
0.500 0.150 0.010 180.451354562854
0.500 0.200 0.010 180.30649009767347
0.500 0.250 0.010 180.30229836864498
0.500 0.300 0.010 180.35628875057063
0.500 0.350 0.010 180.35619799673935
0.500 0.400 0.010 180.36435230529656
0.500 0.450 0.010 180.37702501928834
0.500 0.500 0.010 180.5205929707548
0.500 0.550 0.010 180.5237348221675
0.500 0.600 0.010 180.57537816463739
0.500 0.650 0.010 180.59721643487242
0.500 0.700 0.010 180.59478391929525
0.500 0.750 0.010 180.77764610292928
0.500 0.800 0.010 180.77764610292928
0.500 0.850 0.010 180.77764610292928
0.500 0.900 0.010 180.89392741360297
0.500 0.950 0.010 180.89392741360297
0.500 1.000 0.010 180.7352136612009
0.550 0.050 0.010 180.45679910362486
0.550 0.100 0.010 180.38606159548016
0.550 0.150 0.010 180.15661923769045
0.550 0.200 0.010 180.5972610987981
0.550 0.250 0.010 180.5094715315173
0.550 0.300 0.010 180.54804527327354
0.550 0.350 0.010 180.5613089248026
0.550 0.400 0.010 180.5576705888737
0.550 0.450 0.010 180.55758592853834
0.550 0.500 0.010 180.5767215817926
0.550 0.550 0.010 180.5693584126813
0.550 0.600 0.010 180.58168965432907
0.550 0.650 0.010 180.60348477634744
0.550 0.700 0.010 180.63311954685304
0.550 0.750 0.010 180.81697914906286
0.550 0.800 0.010 180.81697914906286
0.550 0.850 0.010 180.81697914906286
0.550 0.900 0.010 180.90245761534993
0.550 0.950 0.010 180.90328097067382
0.550 1.000 0.010 180.73800395546547
0.600 0.050 0.010 180.52986053814018
0.600 0.100 0.010 180.4931452110181
0.600 0.150 0.010 180.56539040921584
0.600 0.200 0.010 180.58433667945823
0.600 0.250 0.010 180.49876800638273
0.600 0.300 0.010 180.53794317088568
0.600 0.350 0.010 180.5512102900495
0.600 0.400 0.010 180.5523822635769
0.600 0.450 0.010 180.5534946734909
0.600 0.500 0.010 180.5767215817926
0.600 0.550 0.010 180.57987053671803
0.600 0.600 0.010 180.58168965432907
0.600 0.650 0.010 180.60348477634744
0.600 0.700 0.010 180.63311954685304
0.600 0.750 0.010 180.81697914906286
0.600 0.800 0.010 180.81697914906286
0.600 0.850 0.010 180.81697914906286
0.600 0.900 0.010 180.90245761534993
0.600 0.950 0.010 180.86328558303907
0.600 1.000 0.010 180.7774426271446
0.650 0.050 0.010 180.08758380346222
0.650 0.100 0.010 180.02699032144506
0.650 0.150 0.010 180.0342918951856
0.650 0.200 0.010 180.38036920800332
0.650 0.250 0.010 180.31770355055673
0.650 0.300 0.010 180.49486047797768
0.650 0.350 0.010 180.49803535934555
0.650 0.400 0.010 180.506512905798
0.650 0.450 0.010 180.4580453932878
0.650 0.500 0.010 180.55302775913034
0.650 0.550 0.010 180.63001268576036
0.650 0.600 0.010 180.63001268576036
0.650 0.650 0.010 180.64185241281038
0.650 0.700 0.010 180.6653990894345
0.650 0.750 0.010 180.6667574235202
0.650 0.800 0.010 180.66878730642026
0.650 0.850 0.010 180.6867810893297
0.650 0.900 0.010 180.4227347011564
0.650 0.950 0.010 180.4917910096154
0.650 1.000 0.010 180.60316141881984
0.700 0.050 0.010 179.64638491389013
0.700 0.100 0.010 180.040067012871
0.700 0.150 0.010 180.21994580537392
0.700 0.200 0.010 180.34836853640158
0.700 0.250 0.010 180.29406029715804
0.700 0.300 0.010 180.39668916051454
0.700 0.350 0.010 180.3949417186847
0.700 0.400 0.010 180.65723483357996
0.700 0.450 0.010 180.61474926011334
0.700 0.500 0.010 180.46066791450383
0.700 0.550 0.010 180.46460810990447
0.700 0.600 0.010 180.46460810990447
0.700 0.650 0.010 180.47111831625566
0.700 0.700 0.010 180.49856858508394
0.700 0.750 0.010 180.5079127283323
0.700 0.800 0.010 180.5079127283323
0.700 0.850 0.010 180.5259206608635
0.700 0.900 0.010 180.77532927332817
0.700 0.950 0.010 180.77691398974113
0.700 1.000 0.010 180.642003774421
0.750 0.050 0.010 180.5040674059952
0.750 0.100 0.010 180.50857604089103
0.750 0.150 0.010 180.71721833566096
0.750 0.200 0.010 180.51839366161778
0.750 0.250 0.010 180.74380289848517
0.750 0.300 0.010 180.54950658691524
0.750 0.350 0.010 180.55760939097917
0.750 0.400 0.010 180.46286865997354
0.750 0.450 0.010 180.46712101849786
0.750 0.500 0.010 180.81948129522686
0.750 0.550 0.010 180.82378105411834
0.750 0.600 0.010 180.82378105411834
0.750 0.650 0.010 180.83569299617432
0.750 0.700 0.010 180.8325512869524
0.750 0.750 0.010 180.45488032419044
0.750 0.800 0.010 180.45488032419044
0.750 0.850 0.010 180.471910589484
0.750 0.900 0.010 180.63217762695558
0.750 0.950 0.010 180.51454502801866
0.750 1.000 0.010 180.5604976687807
0.800 0.050 0.010 180.07141678379358
0.800 0.100 0.010 180.2874604363307
0.800 0.150 0.010 180.57846271309134
0.800 0.200 0.010 180.56670756087365
0.800 0.250 0.010 180.63199246741922
0.800 0.300 0.010 180.68456423836446
0.800 0.350 0.010 180.68392507830586
0.800 0.400 0.010 180.76359918649513
0.800 0.450 0.010 180.76786554459753
0.800 0.500 0.010 180.48832081496425
0.800 0.550 0.010 180.48945472905547
0.800 0.600 0.010 180.48945472905547
0.800 0.650 0.010 180.50219468528292
0.800 0.700 0.010 180.52427038072213
0.800 0.750 0.010 180.76300923981165
0.800 0.800 0.010 180.7600281165757
0.800 0.850 0.010 180.7691301244271
0.800 0.900 0.010 180.8221741480415
0.800 0.950 0.010 180.76221419559167
0.800 1.000 0.010 180.63936334314326
0.850 0.050 0.010 180.11076461245355
0.850 0.100 0.010 180.26367476722595
0.850 0.150 0.010 180.37678245345742
0.850 0.200 0.010 180.39189713284821
0.850 0.250 0.010 180.41552951809845
0.850 0.300 0.010 180.42285173819954
0.850 0.350 0.010 180.44818789647337
0.850 0.400 0.010 180.55602939458237
0.850 0.450 0.010 180.55094033742606
0.850 0.500 0.010 180.56298468583682
0.850 0.550 0.010 180.5646644190454
0.850 0.600 0.010 180.5646644190454
0.850 0.650 0.010 180.58206556130332
0.850 0.700 0.010 180.60490376489375
0.850 0.750 0.010 180.70811557810666
0.850 0.800 0.010 180.70782738852319
0.850 0.850 0.010 180.72320815917115
0.850 0.900 0.010 180.78489824559077
0.850 0.950 0.010 180.7014104710666
0.850 1.000 0.010 180.73506151384015
0.900 0.050 0.010 180.31057632709042
0.900 0.100 0.010 180.45110424591104
0.900 0.150 0.010 180.46140606597677
0.900 0.200 0.010 180.5373397835668
0.900 0.250 0.010 180.52753409248146
0.900 0.300 0.010 180.61020930930576
0.900 0.350 0.010 180.61954237543708
0.900 0.400 0.010 180.65507741982825
0.900 0.450 0.010 180.66415949132593
0.900 0.500 0.010 180.67301897272245
0.900 0.550 0.010 180.6760595351944
0.900 0.600 0.010 180.6912198258178
0.900 0.650 0.010 180.7001838933412
0.900 0.700 0.010 180.70068989257908
0.900 0.750 0.010 180.61733710817512
0.900 0.800 0.010 180.61333486785816
0.900 0.850 0.010 180.62558553198448
0.900 0.900 0.010 180.69634921659414
0.900 0.950 0.010 180.68986791083316
0.900 1.000 0.010 180.73851324171386
0.950 0.050 0.010 177.2379661419997
0.950 0.100 0.010 180.3234412640226
0.950 0.150 0.010 180.3531598731204
0.950 0.200 0.010 180.38501642774466
0.950 0.250 0.010 180.40307497731268
0.950 0.300 0.010 180.4174241118043
0.950 0.350 0.010 180.42667214305916
0.950 0.400 0.010 180.20125526672518
0.950 0.450 0.010 180.21461735415582
0.950 0.500 0.010 180.31581408628634
0.950 0.550 0.010 180.23672366969527
0.950 0.600 0.010 180.2376137602616
0.950 0.650 0.010 180.24748941398747
0.950 0.700 0.010 180.24613620497144
0.950 0.750 0.010 180.4798707650465
0.950 0.800 0.010 180.5145096258063
0.950 0.850 0.010 180.52630630926643
0.950 0.900 0.010 180.52470466667782
0.950 0.950 0.010 180.5223737674636
0.950 1.000 0.010 180.61877855433457
1.000 0.050 0.010 179.95811792652944
1.000 0.100 0.010 180.28137631752722
1.000 0.150 0.010 180.3750414723116
1.000 0.200 0.010 180.33502569554125
1.000 0.250 0.010 180.42408222029204
1.000 0.300 0.010 180.43078616777868
1.000 0.350 0.010 180.44003419217245
1.000 0.400 0.010 180.29965209695757
1.000 0.450 0.010 180.29965209695757
1.000 0.500 0.010 180.31581408628634
1.000 0.550 0.010 180.23804447467433
1.000 0.600 0.010 180.2376137602616
1.000 0.650 0.010 180.24748941398747
1.000 0.700 0.010 180.24613620497144
1.000 0.750 0.010 180.3961355351874
1.000 0.800 0.010 180.47478555193206
1.000 0.850 0.010 180.48618784934155
1.000 0.900 0.010 180.44252587402744
1.000 0.950 0.010 180.4401416033654
1.000 1.000 0.010 180.58159431475093
