0.050 0.050 0.4980372771893868
0.050 0.100 0.4980372771893868
0.050 0.150 0.4980372771893868
0.050 0.200 0.4980372771893868
0.050 0.250 0.4980372771893868
0.050 0.300 0.4980372771893868
0.050 0.350 0.4980372771893868
0.050 0.400 0.4980372771893868
0.050 0.450 0.4980372771893868
0.050 0.500 0.4980372771893868
0.050 0.550 0.4980372771893868
0.050 0.600 0.4980372771893868
0.050 0.650 0.4980372771893868
0.050 0.700 0.4980372771893868
0.050 0.750 0.49797975082313556
0.050 0.800 0.49796057536771854
0.050 0.850 0.4978838740721779
0.050 0.900 0.4978838740721779
0.050 0.950 0.4978838740721779
0.050 1.000 0.4978646986167608
0.100 0.050 0.4980372771893868
0.100 0.100 0.4980372771893868
0.100 0.150 0.4980372771893868
0.100 0.200 0.4980372771893868
0.100 0.250 0.4980372771893868
0.100 0.300 0.4980372771893868
0.100 0.350 0.4980372771893868
0.100 0.400 0.4980372771893868
0.100 0.450 0.4980372771893868
0.100 0.500 0.4980372771893868
0.100 0.550 0.4980372771893868
0.100 0.600 0.4980372771893868
0.100 0.650 0.4980372771893868
0.100 0.700 0.4980372771893868
0.100 0.750 0.49797975082313556
0.100 0.800 0.49796057536771854
0.100 0.850 0.4978838740721779
0.100 0.900 0.4978838740721779
0.100 0.950 0.4978838740721779
0.100 1.000 0.4978646986167608
0.150 0.050 0.4980372771893868
0.150 0.100 0.4980372771893868
0.150 0.150 0.4980372771893868
0.150 0.200 0.4980372771893868
0.150 0.250 0.4980372771893868
0.150 0.300 0.4980372771893868
0.150 0.350 0.4980372771893868
0.150 0.400 0.4980372771893868
0.150 0.450 0.4980372771893868
0.150 0.500 0.4980372771893868
0.150 0.550 0.4980372771893868
0.150 0.600 0.4980372771893868
0.150 0.650 0.4980372771893868
0.150 0.700 0.4980372771893868
0.150 0.750 0.49797975082313556
0.150 0.800 0.49796057536771854
0.150 0.850 0.4978838740721779
0.150 0.900 0.4978838740721779
0.150 0.950 0.4978838740721779
0.150 1.000 0.4978646986167608
0.200 0.050 0.4980372771893868
0.200 0.100 0.4980372771893868
0.200 0.150 0.4980372771893868
0.200 0.200 0.4980372771893868
0.200 0.250 0.4980372771893868
0.200 0.300 0.4980372771893868
0.200 0.350 0.4980372771893868
0.200 0.400 0.4980372771893868
0.200 0.450 0.4980372771893868
0.200 0.500 0.4980372771893868
0.200 0.550 0.4980372771893868
0.200 0.600 0.4980372771893868
0.200 0.650 0.4980372771893868
0.200 0.700 0.4980372771893868
0.200 0.750 0.49797975082313556
0.200 0.800 0.49796057536771854
0.200 0.850 0.4978838740721779
0.200 0.900 0.4978838740721779
0.200 0.950 0.4978838740721779
0.200 1.000 0.4978646986167608
0.250 0.050 0.4980372771893868
0.250 0.100 0.4980372771893868
0.250 0.150 0.4980372771893868
0.250 0.200 0.4980372771893868
0.250 0.250 0.4980372771893868
0.250 0.300 0.4980372771893868
0.250 0.350 0.4980372771893868
0.250 0.400 0.4980372771893868
0.250 0.450 0.4980372771893868
0.250 0.500 0.4980372771893868
0.250 0.550 0.4980372771893868
0.250 0.600 0.4980372771893868
0.250 0.650 0.4980372771893868
0.250 0.700 0.4980372771893868
0.250 0.750 0.49797975082313556
0.250 0.800 0.49796057536771854
0.250 0.850 0.4978838740721779
0.250 0.900 0.4978838740721779
0.250 0.950 0.4978838740721779
0.250 1.000 0.4978646986167608
0.300 0.050 0.4980372771893868
0.300 0.100 0.4980372771893868
0.300 0.150 0.4980372771893868
0.300 0.200 0.4980372771893868
0.300 0.250 0.4980372771893868
0.300 0.300 0.4980372771893868
0.300 0.350 0.4980372771893868
0.300 0.400 0.4980372771893868
0.300 0.450 0.4980372771893868
0.300 0.500 0.4980372771893868
0.300 0.550 0.4980372771893868
0.300 0.600 0.4980372771893868
0.300 0.650 0.4980372771893868
0.300 0.700 0.4980372771893868
0.300 0.750 0.49797975082313556
0.300 0.800 0.49796057536771854
0.300 0.850 0.4978838740721779
0.300 0.900 0.4978838740721779
0.300 0.950 0.4978838740721779
0.300 1.000 0.4978646986167608
0.350 0.050 0.4980372771893868
0.350 0.100 0.4980372771893868
0.350 0.150 0.4980372771893868
0.350 0.200 0.4980372771893868
0.350 0.250 0.4980372771893868
0.350 0.300 0.4980372771893868
0.350 0.350 0.4980372771893868
0.350 0.400 0.4980372771893868
0.350 0.450 0.4980372771893868
0.350 0.500 0.4980372771893868
0.350 0.550 0.4980372771893868
0.350 0.600 0.4980372771893868
0.350 0.650 0.4980372771893868
0.350 0.700 0.4980372771893868
0.350 0.750 0.49797975082313556
0.350 0.800 0.49796057536771854
0.350 0.850 0.4978838740721779
0.350 0.900 0.4978838740721779
0.350 0.950 0.4978838740721779
0.350 1.000 0.4978646986167608
0.400 0.050 0.4980372771893868
0.400 0.100 0.4980372771893868
0.400 0.150 0.4980372771893868
0.400 0.200 0.4980372771893868
0.400 0.250 0.4980372771893868
0.400 0.300 0.4980372771893868
0.400 0.350 0.4980372771893868
0.400 0.400 0.4980372771893868
0.400 0.450 0.4980372771893868
0.400 0.500 0.4980372771893868
0.400 0.550 0.4980372771893868
0.400 0.600 0.4980372771893868
0.400 0.650 0.4980372771893868
0.400 0.700 0.4980372771893868
0.400 0.750 0.49797975082313556
0.400 0.800 0.49796057536771854
0.400 0.850 0.4978838740721779
0.400 0.900 0.4978838740721779
0.400 0.950 0.4978838740721779
0.400 1.000 0.4978646986167608
0.450 0.050 0.4979979658643543
0.450 0.100 0.4979979658643543
0.450 0.150 0.4979979658643543
0.450 0.200 0.4979979658643543
0.450 0.250 0.4979979658643543
0.450 0.300 0.4979979658643543
0.450 0.350 0.4979979658643543
0.450 0.400 0.4979979658643543
0.450 0.450 0.4979979658643543
0.450 0.500 0.4979979658643543
0.450 0.550 0.4979979658643543
0.450 0.600 0.4979979658643543
0.450 0.650 0.4979979658643543
0.450 0.700 0.4979979658643543
0.450 0.750 0.4979979583093244
0.450 0.800 0.49797878285390734
0.450 0.850 0.49790208155836685
0.450 0.900 0.49790208155836685
0.450 0.950 0.49790208155836685
0.450 1.000 0.4978829061029498
0.500 0.050 0.4979979658643543
0.500 0.100 0.4979979658643543
0.500 0.150 0.4979979658643543
0.500 0.200 0.4979979658643543
0.500 0.250 0.4979979658643543
0.500 0.300 0.4979979658643543
0.500 0.350 0.4979979658643543
0.500 0.400 0.4979979658643543
0.500 0.450 0.4979979658643543
0.500 0.500 0.4979979658643543
0.500 0.550 0.4979979658643543
0.500 0.600 0.4979979658643543
0.500 0.650 0.4979979658643543
0.500 0.700 0.4979979658643543
0.500 0.750 0.4979979583093244
0.500 0.800 0.49797878285390734
0.500 0.850 0.49790208155836685
0.500 0.900 0.49790208155836685
0.500 0.950 0.49790208155836685
0.500 1.000 0.4978829061029498
0.550 0.050 0.4983043364357692
0.550 0.100 0.4983043364357692
0.550 0.150 0.4983043364357692
0.550 0.200 0.4983043364357692
0.550 0.250 0.4983043364357692
0.550 0.300 0.4983043364357692
0.550 0.350 0.4983043364357692
0.550 0.400 0.4983043364357692
0.550 0.450 0.4983043364357692
0.550 0.500 0.4983043364357692
0.550 0.550 0.4983043364357692
0.550 0.600 0.4983043364357692
0.550 0.650 0.4983043364357692
0.550 0.700 0.4983043364357692
0.550 0.750 0.49822763461410097
0.550 0.800 0.4982084591586839
0.550 0.850 0.4981509327924327
0.550 0.900 0.4981509327924327
0.550 0.950 0.4981509327924327
0.550 1.000 0.49813175733701565
0.600 0.050 0.4983043364357692
0.600 0.100 0.4983043364357692
0.600 0.150 0.4983043364357692
0.600 0.200 0.4983043364357692
0.600 0.250 0.4983043364357692
0.600 0.300 0.4983043364357692
0.600 0.350 0.4983043364357692
0.600 0.400 0.4983043364357692
0.600 0.450 0.4983043364357692
0.600 0.500 0.4983043364357692
0.600 0.550 0.4983043364357692
0.600 0.600 0.4983043364357692
0.600 0.650 0.4983043364357692
0.600 0.700 0.4983043364357692
0.600 0.750 0.49822763461410097
0.600 0.800 0.4982084591586839
0.600 0.850 0.4981509327924327
0.600 0.900 0.4981509327924327
0.600 0.950 0.4981509327924327
0.600 1.000 0.49813175733701565
0.650 0.050 0.4983043364357692
0.650 0.100 0.4983043364357692
0.650 0.150 0.4983043364357692
0.650 0.200 0.4983043364357692
0.650 0.250 0.4983043364357692
0.650 0.300 0.4983043364357692
0.650 0.350 0.4983043364357692
0.650 0.400 0.4983043364357692
0.650 0.450 0.4983043364357692
0.650 0.500 0.4983043364357692
0.650 0.550 0.4983043364357692
0.650 0.600 0.4983043364357692
0.650 0.650 0.4983043364357692
0.650 0.700 0.4983043364357692
0.650 0.750 0.49822763461410097
0.650 0.800 0.4982084591586839
0.650 0.850 0.4981509327924327
0.650 0.900 0.4981509327924327
0.650 0.950 0.4981509327924327
0.650 1.000 0.49813175733701565
0.700 0.050 0.4982499535611622
0.700 0.100 0.4982499535611622
0.700 0.150 0.4982499535611622
0.700 0.200 0.4982499535611622
0.700 0.250 0.4982499535611622
0.700 0.300 0.4982499535611622
0.700 0.350 0.4982499535611622
0.700 0.400 0.4982499535611622
0.700 0.450 0.4982499535611622
0.700 0.500 0.4982499535611622
0.700 0.550 0.4982499535611622
0.700 0.600 0.4982499535611622
0.700 0.650 0.4982499535611622
0.700 0.700 0.4982499535611622
0.700 0.750 0.49821159521604635
0.700 0.800 0.4981924197606293
0.700 0.850 0.4980773686996955
0.700 0.900 0.4980581932442784
0.700 0.950 0.4980581932442784
0.700 1.000 0.4980390177888614
0.750 0.050 0.49819060517618435
0.750 0.100 0.49819060517618435
0.750 0.150 0.49819060517618435
0.750 0.200 0.49819060517618435
0.750 0.250 0.49819060517618435
0.750 0.300 0.49819060517618435
0.750 0.350 0.49819060517618435
0.750 0.400 0.49819060517618435
0.750 0.450 0.49819060517618435
0.750 0.500 0.49819060517618435
0.750 0.550 0.49819060517618435
0.750 0.600 0.49819060517618435
0.750 0.650 0.49819060517618435
0.750 0.700 0.49819060517618435
0.750 0.750 0.4981137955247993
0.750 0.800 0.4980946200693822
0.750 0.850 0.49797959550473875
0.750 0.900 0.4979604200493217
0.750 0.950 0.4979604200493217
0.750 1.000 0.4979412445939046
0.800 0.050 0.49847338544925085
0.800 0.100 0.49847338544925085
0.800 0.150 0.49847338544925085
0.800 0.200 0.49847338544925085
0.800 0.250 0.49847338544925085
0.800 0.300 0.49847338544925085
0.800 0.350 0.49847338544925085
0.800 0.400 0.49847338544925085
0.800 0.450 0.49847338544925085
0.800 0.500 0.49847338544925085
0.800 0.550 0.49847338544925085
0.800 0.600 0.49847338544925085
0.800 0.650 0.49847338544925085
0.800 0.700 0.49847338544925085
0.800 0.750 0.49839657579786567
0.800 0.800 0.4983774003424486
0.800 0.850 0.49826237577780524
0.800 0.900 0.49824320032238817
0.800 0.950 0.49824320032238817
0.800 1.000 0.4982240248669711
0.850 0.050 0.49847338544925085
0.850 0.100 0.49847338544925085
0.850 0.150 0.49847338544925085
0.850 0.200 0.49847338544925085
0.850 0.250 0.49847338544925085
0.850 0.300 0.49847338544925085
0.850 0.350 0.49847338544925085
0.850 0.400 0.49847338544925085
0.850 0.450 0.49847338544925085
0.850 0.500 0.49847338544925085
0.850 0.550 0.49847338544925085
0.850 0.600 0.49847338544925085
0.850 0.650 0.49847338544925085
0.850 0.700 0.49847338544925085
0.850 0.750 0.49839657579786567
0.850 0.800 0.4983774003424486
0.850 0.850 0.49826237577780524
0.850 0.900 0.49824320032238817
0.850 0.950 0.49824320032238817
0.850 1.000 0.4982240248669711
0.900 0.050 0.4979333164456162
0.900 0.100 0.4979333164456162
0.900 0.150 0.4979333164456162
0.900 0.200 0.4979333164456162
0.900 0.250 0.4979333164456162
0.900 0.300 0.4979333164456162
0.900 0.350 0.4979333164456162
0.900 0.400 0.4979333164456162
0.900 0.450 0.4979333164456162
0.900 0.500 0.4979333164456162
0.900 0.550 0.4979333164456162
0.900 0.600 0.4979333164456162
0.900 0.650 0.4979333164456162
0.900 0.700 0.4979333164456162
0.900 0.750 0.4978565275669495
0.900 0.800 0.4978373521115324
0.900 0.850 0.4977223220637298
0.900 0.900 0.4977031466083127
0.900 0.950 0.4977031466083127
0.900 1.000 0.49768397115289564
0.950 0.050 0.49832129452850343
0.950 0.100 0.49832129452850343
0.950 0.150 0.49832129452850343
0.950 0.200 0.49832129452850343
0.950 0.250 0.49832129452850343
0.950 0.300 0.49832129452850343
0.950 0.350 0.49832129452850343
0.950 0.400 0.49832129452850343
0.950 0.450 0.49832129452850343
0.950 0.500 0.49832129452850343
0.950 0.550 0.49832129452850343
0.950 0.600 0.49832129452850343
0.950 0.650 0.49832129452850343
0.950 0.700 0.49832129452850343
0.950 0.750 0.49828285540663086
0.950 0.800 0.4982636799512138
0.950 0.850 0.4981486502080312
0.950 0.900 0.4981294747526141
0.950 0.950 0.4981294747526141
0.950 1.000 0.498110299297197
1.000 0.050 0.49754562760957405
1.000 0.100 0.49754562760957405
1.000 0.150 0.49754562760957405
1.000 0.200 0.49754562760957405
1.000 0.250 0.49754562760957405
1.000 0.300 0.49754562760957405
1.000 0.350 0.49754562760957405
1.000 0.400 0.49754562760957405
1.000 0.450 0.49754562760957405
1.000 0.500 0.49754562760957405
1.000 0.550 0.49754562760957405
1.000 0.600 0.49754562760957405
1.000 0.650 0.49754562760957405
1.000 0.700 0.49754562760957405
1.000 0.750 0.4975071907957814
1.000 0.800 0.49748801534036435
1.000 0.850 0.4973729849879418
1.000 0.900 0.4973538095325247
1.000 0.950 0.4973538095325247
1.000 1.000 0.49733463407710765
