0.050 0.050 0.007 182.13192163292587
0.050 0.100 0.007 182.13192163292587
0.050 0.150 0.007 182.13192163292587
0.050 0.200 0.007 182.13192163292587
0.050 0.250 0.007 182.13192163292587
0.050 0.300 0.007 182.13192163292587
0.050 0.350 0.007 182.13192163292587
0.050 0.400 0.007 182.1331351569283
0.050 0.450 0.007 182.1331351569283
0.050 0.500 0.007 182.1331351569283
0.050 0.550 0.007 182.1331351569283
0.050 0.600 0.007 182.1331351569283
0.050 0.650 0.007 182.1331351569283
0.050 0.700 0.007 182.1331351569283
0.050 0.750 0.007 182.1331351569283
0.050 0.800 0.007 182.1331351569283
0.050 0.850 0.007 182.13529894007112
0.050 0.900 0.007 182.13529894007112
0.050 0.950 0.007 182.13529894007112
0.050 1.000 0.007 182.13529894007112
0.100 0.050 0.007 182.13192163292587
0.100 0.100 0.007 182.13192163292587
0.100 0.150 0.007 182.13192163292587
0.100 0.200 0.007 182.13192163292587
0.100 0.250 0.007 182.13192163292587
0.100 0.300 0.007 182.13192163292587
0.100 0.350 0.007 182.13192163292587
0.100 0.400 0.007 182.1331351569283
0.100 0.450 0.007 182.1331351569283
0.100 0.500 0.007 182.1331351569283
0.100 0.550 0.007 182.1331351569283
0.100 0.600 0.007 182.1331351569283
0.100 0.650 0.007 182.1331351569283
0.100 0.700 0.007 182.1331351569283
0.100 0.750 0.007 182.1331351569283
0.100 0.800 0.007 182.1331351569283
0.100 0.850 0.007 182.13529894007112
0.100 0.900 0.007 182.13529894007112
0.100 0.950 0.007 182.13529894007112
0.100 1.000 0.007 182.13529894007112
0.150 0.050 0.007 181.98712283376352
0.150 0.100 0.007 181.92969694268342
0.150 0.150 0.007 181.98028834520716
0.150 0.200 0.007 182.01444885814078
0.150 0.250 0.007 182.0693271640198
0.150 0.300 0.007 182.08349749501016
0.150 0.350 0.007 182.08349749501016
0.150 0.400 0.007 182.0828960781859
0.150 0.450 0.007 182.0828960781859
0.150 0.500 0.007 182.10794357909407
0.150 0.550 0.007 182.13572073357486
0.150 0.600 0.007 182.13958078843913
0.150 0.650 0.007 182.13958078843913
0.150 0.700 0.007 182.19018350118836
0.150 0.750 0.007 182.1833110386421
0.150 0.800 0.007 182.1833110386421
0.150 0.850 0.007 182.19274270241743
0.150 0.900 0.007 182.1976368133872
0.150 0.950 0.007 182.1976368133872
0.150 1.000 0.007 182.2141730346606
0.200 0.050 0.007 182.03034882158974
0.200 0.100 0.007 181.99927812796196
0.200 0.150 0.007 182.11658387702752
0.200 0.200 0.007 182.10902962265655
0.200 0.250 0.007 182.11504817082073
0.200 0.300 0.007 182.12516244752203
0.200 0.350 0.007 182.12516244752203
0.200 0.400 0.007 182.17853916868546
0.200 0.450 0.007 182.17853916868546
0.200 0.500 0.007 182.19528252375892
0.200 0.550 0.007 182.1970962825945
0.200 0.600 0.007 182.20148753422257
0.200 0.650 0.007 182.20148753422257
0.200 0.700 0.007 182.20191985135975
0.200 0.750 0.007 182.1945249378045
0.200 0.800 0.007 182.1945249378045
0.200 0.850 0.007 182.20395656382712
0.200 0.900 0.007 182.20569519057418
0.200 0.950 0.007 182.20569519057418
0.200 1.000 0.007 182.21420515846947
0.250 0.050 0.007 180.92856880241823
0.250 0.100 0.007 181.03407277385284
0.250 0.150 0.007 181.19040247615436
0.250 0.200 0.007 181.4330052023898
0.250 0.250 0.007 181.4740595206745
0.250 0.300 0.007 181.4943563653079
0.250 0.350 0.007 181.49419724162053
0.250 0.400 0.007 181.5182679552434
0.250 0.450 0.007 181.53408117357304
0.250 0.500 0.007 181.65632202681783
0.250 0.550 0.007 181.66272836768493
0.250 0.600 0.007 181.66719005484865
0.250 0.650 0.007 181.63385604986505
0.250 0.700 0.007 181.65704417703134
0.250 0.750 0.007 181.86220367518146
0.250 0.800 0.007 181.86220367518146
0.250 0.850 0.007 181.86220367518146
0.250 0.900 0.007 181.90677292091962
0.250 0.950 0.007 181.94015724977612
0.250 1.000 0.007 181.83215213365904
0.300 0.050 0.007 180.8615200204089
0.300 0.100 0.007 180.86538069646002
0.300 0.150 0.007 180.8832057637993
0.300 0.200 0.007 181.59899287010654
0.300 0.250 0.007 181.61443762443764
0.300 0.300 0.007 181.61308319485582
0.300 0.350 0.007 181.61308319485582
0.300 0.400 0.007 181.58440284616842
0.300 0.450 0.007 181.58970565228321
0.300 0.500 0.007 181.60791406612654
0.300 0.550 0.007 181.62015012115887
0.300 0.600 0.007 181.62256803199182
0.300 0.650 0.007 181.62256803199182
0.300 0.700 0.007 181.64269584901464
0.300 0.750 0.007 181.8478689726393
0.300 0.800 0.007 181.8478689726393
0.300 0.850 0.007 181.8478689726393
0.300 0.900 0.007 181.86230358495112
0.300 0.950 0.007 181.89304305828315
0.300 1.000 0.007 181.83555606878616
0.350 0.050 0.007 181.34378771718417
0.350 0.100 0.007 181.1393834643336
0.350 0.150 0.007 181.36011883505893
0.350 0.200 0.007 181.44567068869853
0.350 0.250 0.007 181.4570774140049
0.350 0.300 0.007 181.4939622361315
0.350 0.350 0.007 181.4938980099793
0.350 0.400 0.007 181.56493855725233
0.350 0.450 0.007 181.58069868380792
0.350 0.500 0.007 181.60576316067056
0.350 0.550 0.007 181.61822403335964
0.350 0.600 0.007 181.62064194419247
0.350 0.650 0.007 181.62064194419247
0.350 0.700 0.007 181.64065895257428
0.350 0.750 0.007 181.8458379419626
0.350 0.800 0.007 181.8458379419626
0.350 0.850 0.007 181.8458379419626
0.350 0.900 0.007 181.86024761082194
0.350 0.950 0.007 181.89304305828315
0.350 1.000 0.007 181.7946381891427
0.400 0.050 0.007 181.37379050330097
0.400 0.100 0.007 181.25821385763192
0.400 0.150 0.007 181.40203863590497
0.400 0.200 0.007 181.4936451981476
0.400 0.250 0.007 181.50910410089816
0.400 0.300 0.007 181.5398563647191
0.400 0.350 0.007 181.53979203471945
0.400 0.400 0.007 181.67517154221233
0.400 0.450 0.007 181.69092834880493
0.400 0.500 0.007 181.7197141578452
0.400 0.550 0.007 181.72584793267197
0.400 0.600 0.007 181.7282658299952
0.400 0.650 0.007 181.7282658299952
0.400 0.700 0.007 181.7482719014691
0.400 0.750 0.007 181.81141538913047
0.400 0.800 0.007 181.81141538913047
0.400 0.850 0.007 181.81141538913047
0.400 0.900 0.007 181.82674956276503
0.400 0.950 0.007 181.85952880142835
0.400 1.000 0.007 181.85996335858286
0.450 0.050 0.007 180.9363249994898
0.450 0.100 0.007 181.38862134530882
0.450 0.150 0.007 181.53795101017312
0.450 0.200 0.007 181.6167226562695
0.450 0.250 0.007 181.62418645951027
0.450 0.300 0.007 181.70601421422845
0.450 0.350 0.007 181.70640629967676
0.450 0.400 0.007 181.81807753083464
0.450 0.450 0.007 181.84682024188058
0.450 0.500 0.007 181.78124773946388
0.450 0.550 0.007 181.79147850309624
0.450 0.600 0.007 181.7939531937295
0.450 0.650 0.007 181.7939531937295
0.450 0.700 0.007 181.80306207438468
0.450 0.750 0.007 181.90395714894595
0.450 0.800 0.007 181.90395714894595
0.450 0.850 0.007 181.90395714894595
0.450 0.900 0.007 181.90734275687416
0.450 0.950 0.007 181.9265704495453
0.450 1.000 0.007 181.89170187457907
0.500 0.050 0.007 181.34941267831053
0.500 0.100 0.007 181.5113820241015
0.500 0.150 0.007 181.5195828078358
0.500 0.200 0.007 181.60897467959035
0.500 0.250 0.007 181.6208913617357
0.500 0.300 0.007 181.7654664408509
0.500 0.350 0.007 181.76585840688423
0.500 0.400 0.007 181.79449566692773
0.500 0.450 0.007 181.76624716339785
0.500 0.500 0.007 181.82723022705812
0.500 0.550 0.007 181.81248265730972
0.500 0.600 0.007 181.81495734332944
0.500 0.650 0.007 181.81495734332944
0.500 0.700 0.007 181.8240658698438
0.500 0.750 0.007 181.92496126522698
0.500 0.800 0.007 181.92496126522698
0.500 0.850 0.007 181.9223518804841
0.500 0.900 0.007 181.92573748269078
0.500 0.950 0.007 181.93564873451967
0.500 1.000 0.007 181.95427582520847
0.550 0.050 0.007 181.56498572799745
0.550 0.100 0.007 181.58873129054322
0.550 0.150 0.007 181.6000366506386
0.550 0.200 0.007 181.6332822014873
0.550 0.250 0.007 181.64131968004207
0.550 0.300 0.007 181.65026928911522
0.550 0.350 0.007 181.67346422029365
0.550 0.400 0.007 181.7882438918426
0.550 0.450 0.007 181.7882438918426
0.550 0.500 0.007 181.82023587685677
0.550 0.550 0.007 181.83269456355063
0.550 0.600 0.007 181.83514794451116
0.550 0.650 0.007 181.83796154996668
0.550 0.700 0.007 181.8531824628088
0.550 0.750 0.007 181.9097167682818
0.550 0.800 0.007 181.9181853957716
0.550 0.850 0.007 181.92068535487525
0.550 0.900 0.007 181.82366907887996
0.550 0.950 0.007 181.8313227862783
0.550 1.000 0.007 181.9833246313712
0.600 0.050 0.007 181.27220661796696
0.600 0.100 0.007 181.29097860186542
0.600 0.150 0.007 181.30462401152462
0.600 0.200 0.007 181.32709782153867
0.600 0.250 0.007 181.33624397768196
0.600 0.300 0.007 181.3533188830574
0.600 0.350 0.007 181.37371502099242
0.600 0.400 0.007 181.78099540006437
0.600 0.450 0.007 181.78099540006437
0.600 0.500 0.007 181.7996950729363
0.600 0.550 0.007 181.80659224262388
0.600 0.600 0.007 181.80903148126686
0.600 0.650 0.007 181.8071171132555
0.600 0.700 0.007 181.79651948141182
0.600 0.750 0.007 181.77706563206348
0.600 0.800 0.007 181.77706563206348
0.600 0.850 0.007 181.64426678381645
0.600 0.900 0.007 181.65254147063254
0.600 0.950 0.007 181.66018867468568
0.600 1.000 0.007 181.9467248271728
0.650 0.050 0.007 181.29147815398125
0.650 0.100 0.007 181.35005566560991
0.650 0.150 0.007 181.37543132630162
0.650 0.200 0.007 181.79602951717584
0.650 0.250 0.007 181.81120081510954
0.650 0.300 0.007 181.6573490389147
0.650 0.350 0.007 181.8352018210596
0.650 0.400 0.007 181.81173311418726
0.650 0.450 0.007 181.81173311418726
0.650 0.500 0.007 181.8304167817425
0.650 0.550 0.007 181.83686087633936
0.650 0.600 0.007 181.84019049274755
0.650 0.650 0.007 181.83827613110674
0.650 0.700 0.007 181.82767882744548
0.650 0.750 0.007 181.79410091585257
0.650 0.800 0.007 181.79410091585257
0.650 0.850 0.007 181.62917424236582
0.650 0.900 0.007 181.80162115520736
0.650 0.950 0.007 181.81060824191886
0.650 1.000 0.007 182.01830643364303
0.700 0.050 0.007 181.409863973953
0.700 0.100 0.007 181.45978780734808
0.700 0.150 0.007 181.4614411055135
0.700 0.200 0.007 181.5760769527372
0.700 0.250 0.007 181.59629404084092
0.700 0.300 0.007 181.67171091724714
0.700 0.350 0.007 181.6530208952806
0.700 0.400 0.007 181.679445177214
0.700 0.450 0.007 181.67271508682546
0.700 0.500 0.007 181.7186564579863
0.700 0.550 0.007 181.70919313064562
0.700 0.600 0.007 181.72252215642678
0.700 0.650 0.007 181.72002630425095
0.700 0.700 0.007 181.74135262142303
0.700 0.750 0.007 181.8448711763292
0.700 0.800 0.007 181.8448711763292
0.700 0.850 0.007 181.8338804329022
0.700 0.900 0.007 181.83362109859894
0.700 0.950 0.007 181.84506366854507
0.700 1.000 0.007 181.89101229417062
0.750 0.050 0.007 181.29590991433452
0.750 0.100 0.007 181.31607872145366
0.750 0.150 0.007 181.63063694528887
0.750 0.200 0.007 181.71888982181216
0.750 0.250 0.007 181.72625403671944
0.750 0.300 0.007 181.74151019532727
0.750 0.350 0.007 181.72611164749338
0.750 0.400 0.007 181.71709700358218
0.750 0.450 0.007 181.74795724778826
0.750 0.500 0.007 181.77049914939332
0.750 0.550 0.007 181.77721110542706
0.750 0.600 0.007 181.79053192686328
0.750 0.650 0.007 181.78803611671051
0.750 0.700 0.007 181.80507456083944
0.750 0.750 0.007 181.8448711763292
0.750 0.800 0.007 181.8448711763292
0.750 0.850 0.007 181.8338804329022
0.750 0.900 0.007 181.83362109859894
0.750 0.950 0.007 181.84506366854507
0.750 1.000 0.007 181.89101229417062
0.800 0.050 0.007 181.70091623226153
0.800 0.100 0.007 181.75551881457667
0.800 0.150 0.007 181.77109840697403
0.800 0.200 0.007 181.90945972411936
0.800 0.250 0.007 181.9142530721872
0.800 0.300 0.007 181.91485024548578
0.800 0.350 0.007 181.89944630328503
0.800 0.400 0.007 181.89878716562666
0.800 0.450 0.007 181.9216108673508
0.800 0.500 0.007 181.94633181929706
0.800 0.550 0.007 182.0176200536604
0.800 0.600 0.007 182.03093181239439
0.800 0.650 0.007 182.03093181239439
0.800 0.700 0.007 182.0479609363251
0.800 0.750 0.007 182.0852007461088
0.800 0.800 0.007 182.0852007461088
0.800 0.850 0.007 182.07421281674036
0.800 0.900 0.007 182.0739630347988
0.800 0.950 0.007 182.08540539946586
0.800 1.000 0.007 182.1303948040975
0.850 0.050 0.007 181.49005342065945
0.850 0.100 0.007 181.617345090153
0.850 0.150 0.007 181.8120264647822
0.850 0.200 0.007 181.92000748769937
0.850 0.250 0.007 181.93631696726757
0.850 0.300 0.007 181.95870943121295
0.850 0.350 0.007 181.946729717508
0.850 0.400 0.007 181.98229048312194
0.850 0.450 0.007 181.98116086922823
0.850 0.500 0.007 181.95508454845657
0.850 0.550 0.007 182.03149972128804
0.850 0.600 0.007 182.04482374560183
0.850 0.650 0.007 182.04482374560183
0.850 0.700 0.007 182.0479609363251
0.850 0.750 0.007 182.0852007461088
0.850 0.800 0.007 182.0852007461088
0.850 0.850 0.007 182.07421281674036
0.850 0.900 0.007 182.07799742491628
0.850 0.950 0.007 182.08943977807732
0.850 1.000 0.007 182.13442916393456
0.900 0.050 0.007 182.21284760958855
0.900 0.100 0.007 182.278283187136
0.900 0.150 0.007 182.34902983201616
0.900 0.200 0.007 182.31626746062489
0.900 0.250 0.007 182.37062064865677
0.900 0.300 0.007 182.39836580268638
0.900 0.350 0.007 182.4059544651279
0.900 0.400 0.007 182.44003781871464
0.900 0.450 0.007 182.43890055984838
0.900 0.500 0.007 182.61097233111707
0.900 0.550 0.007 182.49171552855304
0.900 0.600 0.007 182.49418241221295
0.900 0.650 0.007 182.49418241221295
0.900 0.700 0.007 182.4970439131097
0.900 0.750 0.007 182.52282014181162
0.900 0.800 0.007 182.52282014181162
0.900 0.850 0.007 182.63333415659744
0.900 0.900 0.007 182.6971821696727
0.900 0.950 0.007 182.70851903613791
0.900 1.000 0.007 182.69039742010514
0.950 0.050 0.007 182.22390796473644
0.950 0.100 0.007 182.26795212177356
0.950 0.150 0.007 182.2835249777311
0.950 0.200 0.007 182.33525831867607
0.950 0.250 0.007 182.39217085741782
0.950 0.300 0.007 182.40095222038377
0.950 0.350 0.007 182.41376291411677
0.950 0.400 0.007 182.44255621832997
0.950 0.450 0.007 182.4414189594638
0.950 0.500 0.007 182.6147639882681
0.950 0.550 0.007 182.49171552855304
0.950 0.600 0.007 182.49418241221295
0.950 0.650 0.007 182.49418241221295
0.950 0.700 0.007 182.4970439131097
0.950 0.750 0.007 182.52282014181162
0.950 0.800 0.007 182.52282014181162
0.950 0.850 0.007 182.63333415659744
0.950 0.900 0.007 182.6971821696727
0.950 0.950 0.007 182.70851903613791
0.950 1.000 0.007 182.69039742010514
1.000 0.050 0.007 182.08281744322804
1.000 0.100 0.007 182.25888138576732
1.000 0.150 0.007 182.33464191350063
1.000 0.200 0.007 182.39148553488195
1.000 0.250 0.007 182.44773116088086
1.000 0.300 0.007 182.453029327974
1.000 0.350 0.007 182.4435005582462
1.000 0.400 0.007 182.4724330139188
1.000 0.450 0.007 182.4712957550526
1.000 0.500 0.007 182.52000883259984
1.000 0.550 0.007 182.5216697290481
1.000 0.600 0.007 182.5241358635256
1.000 0.650 0.007 182.5241358635256
1.000 0.700 0.007 182.52706902559922
1.000 0.750 0.007 182.5529386760226
1.000 0.800 0.007 182.5529386760226
1.000 0.850 0.007 182.59287434662448
1.000 0.900 0.007 182.5954946358584
1.000 0.950 0.007 182.60685561018525
1.000 1.000 0.007 182.6116592845906
