0.050 0.050 0.010 2135.0
0.050 0.100 0.010 2137.0
0.050 0.150 0.010 2137.0
0.050 0.200 0.010 2137.0
0.050 0.250 0.010 2137.0
0.050 0.300 0.010 2137.0
0.050 0.350 0.010 2138.0
0.050 0.400 0.010 2143.0
0.050 0.450 0.010 2143.0
0.050 0.500 0.010 2143.0
0.050 0.550 0.010 2143.0
0.050 0.600 0.010 2143.0
0.050 0.650 0.010 2143.0
0.050 0.700 0.010 2143.0
0.050 0.750 0.010 2143.0
0.050 0.800 0.010 2143.0
0.050 0.850 0.010 2143.0
0.050 0.900 0.010 2150.0
0.050 0.950 0.010 2150.0
0.050 1.000 0.010 2150.0
0.100 0.050 0.010 2135.0
0.100 0.100 0.010 2137.0
0.100 0.150 0.010 2137.0
0.100 0.200 0.010 2137.0
0.100 0.250 0.010 2137.0
0.100 0.300 0.010 2137.0
0.100 0.350 0.010 2138.0
0.100 0.400 0.010 2143.0
0.100 0.450 0.010 2143.0
0.100 0.500 0.010 2143.0
0.100 0.550 0.010 2143.0
0.100 0.600 0.010 2143.0
0.100 0.650 0.010 2143.0
0.100 0.700 0.010 2143.0
0.100 0.750 0.010 2143.0
0.100 0.800 0.010 2143.0
0.100 0.850 0.010 2143.0
0.100 0.900 0.010 2150.0
0.100 0.950 0.010 2150.0
0.100 1.000 0.010 2150.0
0.150 0.050 0.010 1969.0
0.150 0.100 0.010 1980.0
0.150 0.150 0.010 1987.0
0.150 0.200 0.010 2001.0
0.150 0.250 0.010 2013.0
0.150 0.300 0.010 2016.0
0.150 0.350 0.010 2016.0
0.150 0.400 0.010 2018.0
0.150 0.450 0.010 2025.0
0.150 0.500 0.010 2033.0
0.150 0.550 0.010 2052.0
0.150 0.600 0.010 2052.0
0.150 0.650 0.010 2074.0
0.150 0.700 0.010 2074.0
0.150 0.750 0.010 2098.0
0.150 0.800 0.010 2098.0
0.150 0.850 0.010 2098.0
0.150 0.900 0.010 2098.0
0.150 0.950 0.010 2103.0
0.150 1.000 0.010 2081.0
0.200 0.050 0.010 1970.0
0.200 0.100 0.010 1982.0
0.200 0.150 0.010 1992.0
0.200 0.200 0.010 2003.0
0.200 0.250 0.010 2015.0
0.200 0.300 0.010 2016.0
0.200 0.350 0.010 2016.0
0.200 0.400 0.010 2030.0
0.200 0.450 0.010 2037.0
0.200 0.500 0.010 2045.0
0.200 0.550 0.010 2052.0
0.200 0.600 0.010 2052.0
0.200 0.650 0.010 2074.0
0.200 0.700 0.010 2074.0
0.200 0.750 0.010 2098.0
0.200 0.800 0.010 2098.0
0.200 0.850 0.010 2098.0
0.200 0.900 0.010 2098.0
0.200 0.950 0.010 2103.0
0.200 1.000 0.010 2081.0
0.250 0.050 0.010 1401.0
0.250 0.100 0.010 1372.0
0.250 0.150 0.010 1384.0
0.250 0.200 0.010 1402.0
0.250 0.250 0.010 1411.0
0.250 0.300 0.010 1425.0
0.250 0.350 0.010 1434.0
0.250 0.400 0.010 1487.0
0.250 0.450 0.010 1501.0
0.250 0.500 0.010 1522.0
0.250 0.550 0.010 1533.0
0.250 0.600 0.010 1540.0
0.250 0.650 0.010 1552.0
0.250 0.700 0.010 1580.0
0.250 0.750 0.010 1667.0
0.250 0.800 0.010 1667.0
0.250 0.850 0.010 1667.0
0.250 0.900 0.010 1688.0
0.250 0.950 0.010 1726.0
0.250 1.000 0.010 1698.0
0.300 0.050 0.010 1398.0
0.300 0.100 0.010 1382.0
0.300 0.150 0.010 1396.0
0.300 0.200 0.010 1442.0
0.300 0.250 0.010 1452.0
0.300 0.300 0.010 1462.0
0.300 0.350 0.010 1475.0
0.300 0.400 0.010 1494.0
0.300 0.450 0.010 1511.0
0.300 0.500 0.010 1532.0
0.300 0.550 0.010 1547.0
0.300 0.600 0.010 1552.0
0.300 0.650 0.010 1566.0
0.300 0.700 0.010 1582.0
0.300 0.750 0.010 1676.0
0.300 0.800 0.010 1679.0
0.300 0.850 0.010 1679.0
0.300 0.900 0.010 1697.0
0.300 0.950 0.010 1760.0
0.300 1.000 0.010 1680.0
0.350 0.050 0.010 1372.0
0.350 0.100 0.010 1388.0
0.350 0.150 0.010 1419.0
0.350 0.200 0.010 1448.0
0.350 0.250 0.010 1459.0
0.350 0.300 0.010 1467.0
0.350 0.350 0.010 1480.0
0.350 0.400 0.010 1494.0
0.350 0.450 0.010 1511.0
0.350 0.500 0.010 1532.0
0.350 0.550 0.010 1547.0
0.350 0.600 0.010 1552.0
0.350 0.650 0.010 1566.0
0.350 0.700 0.010 1582.0
0.350 0.750 0.010 1676.0
0.350 0.800 0.010 1679.0
0.350 0.850 0.010 1679.0
0.350 0.900 0.010 1697.0
0.350 0.950 0.010 1702.0
0.350 1.000 0.010 1680.0
0.400 0.050 0.010 1398.0
0.400 0.100 0.010 1364.0
0.400 0.150 0.010 1387.0
0.400 0.200 0.010 1472.0
0.400 0.250 0.010 1488.0
0.400 0.300 0.010 1499.0
0.400 0.350 0.010 1503.0
0.400 0.400 0.010 1517.0
0.400 0.450 0.010 1527.0
0.400 0.500 0.010 1546.0
0.400 0.550 0.010 1556.0
0.400 0.600 0.010 1566.0
0.400 0.650 0.010 1580.0
0.400 0.700 0.010 1596.0
0.400 0.750 0.010 1692.0
0.400 0.800 0.010 1695.0
0.400 0.850 0.010 1695.0
0.400 0.900 0.010 1716.0
0.400 0.950 0.010 1716.0
0.400 1.000 0.010 1582.0
0.450 0.050 0.010 1430.0
0.450 0.100 0.010 1449.0
0.450 0.150 0.010 1464.0
0.450 0.200 0.010 1484.0
0.450 0.250 0.010 1506.0
0.450 0.300 0.010 1516.0
0.450 0.350 0.010 1519.0
0.450 0.400 0.010 1533.0
0.450 0.450 0.010 1547.0
0.450 0.500 0.010 1596.0
0.450 0.550 0.010 1601.0
0.450 0.600 0.010 1556.0
0.450 0.650 0.010 1572.0
0.450 0.700 0.010 1649.0
0.450 0.750 0.010 1718.0
0.450 0.800 0.010 1718.0
0.450 0.850 0.010 1718.0
0.450 0.900 0.010 1736.0
0.450 0.950 0.010 1715.0
0.450 1.000 0.010 1632.0
0.500 0.050 0.010 1436.0
0.500 0.100 0.010 1455.0
0.500 0.150 0.010 1394.0
0.500 0.200 0.010 1496.0
0.500 0.250 0.010 1502.0
0.500 0.300 0.010 1516.0
0.500 0.350 0.010 1519.0
0.500 0.400 0.010 1533.0
0.500 0.450 0.010 1547.0
0.500 0.500 0.010 1606.0
0.500 0.550 0.010 1611.0
0.500 0.600 0.010 1637.0
0.500 0.650 0.010 1653.0
0.500 0.700 0.010 1659.0
0.500 0.750 0.010 1698.0
0.500 0.800 0.010 1698.0
0.500 0.850 0.010 1698.0
0.500 0.900 0.010 1695.0
0.500 0.950 0.010 1695.0
0.500 1.000 0.010 1632.0
0.550 0.050 0.010 1460.0
0.550 0.100 0.010 1462.0
0.550 0.150 0.010 1481.0
0.550 0.200 0.010 1512.0
0.550 0.250 0.010 1533.0
0.550 0.300 0.010 1556.0
0.550 0.350 0.010 1566.0
0.550 0.400 0.010 1562.0
0.550 0.450 0.010 1567.0
0.550 0.500 0.010 1609.0
0.550 0.550 0.010 1614.0
0.550 0.600 0.010 1620.0
0.550 0.650 0.010 1636.0
0.550 0.700 0.010 1664.0
0.550 0.750 0.010 1735.0
0.550 0.800 0.010 1735.0
0.550 0.850 0.010 1735.0
0.550 0.900 0.010 1701.0
0.550 0.950 0.010 1704.0
0.550 1.000 0.010 1707.0
0.600 0.050 0.010 1465.0
0.600 0.100 0.010 1474.0
0.600 0.150 0.010 1496.0
0.600 0.200 0.010 1512.0
0.600 0.250 0.010 1544.0
0.600 0.300 0.010 1567.0
0.600 0.350 0.010 1577.0
0.600 0.400 0.010 1588.0
0.600 0.450 0.010 1594.0
0.600 0.500 0.010 1609.0
0.600 0.550 0.010 1617.0
0.600 0.600 0.010 1620.0
0.600 0.650 0.010 1636.0
0.600 0.700 0.010 1664.0
0.600 0.750 0.010 1735.0
0.600 0.800 0.010 1735.0
0.600 0.850 0.010 1735.0
0.600 0.900 0.010 1701.0
0.600 0.950 0.010 1686.0
0.600 1.000 0.010 1741.0
0.650 0.050 0.010 1363.0
0.650 0.100 0.010 1297.0
0.650 0.150 0.010 1331.0
0.650 0.200 0.010 1475.0
0.650 0.250 0.010 1370.0
0.650 0.300 0.010 1488.0
0.650 0.350 0.010 1511.0
0.650 0.400 0.010 1538.0
0.650 0.450 0.010 1515.0
0.650 0.500 0.010 1439.0
0.650 0.550 0.010 1562.0
0.650 0.600 0.010 1562.0
0.650 0.650 0.010 1585.0
0.650 0.700 0.010 1611.0
0.650 0.750 0.010 1653.0
0.650 0.800 0.010 1658.0
0.650 0.850 0.010 1688.0
0.650 0.900 0.010 1653.0
0.650 0.950 0.010 1678.0
0.650 1.000 0.010 1670.0
0.700 0.050 0.010 1367.0
0.700 0.100 0.010 1323.0
0.700 0.150 0.010 1364.0
0.700 0.200 0.010 1461.0
0.700 0.250 0.010 1414.0
0.700 0.300 0.010 1475.0
0.700 0.350 0.010 1495.0
0.700 0.400 0.010 1521.0
0.700 0.450 0.010 1521.0
0.700 0.500 0.010 1537.0
0.700 0.550 0.010 1542.0
0.700 0.600 0.010 1542.0
0.700 0.650 0.010 1567.0
0.700 0.700 0.010 1593.0
0.700 0.750 0.010 1641.0
0.700 0.800 0.010 1641.0
0.700 0.850 0.010 1671.0
0.700 0.900 0.010 1645.0
0.700 0.950 0.010 1650.0
0.700 1.000 0.010 1696.0
0.750 0.050 0.010 1333.0
0.750 0.100 0.010 1353.0
0.750 0.150 0.010 1398.0
0.750 0.200 0.010 1456.0
0.750 0.250 0.010 1442.0
0.750 0.300 0.010 1489.0
0.750 0.350 0.010 1513.0
0.750 0.400 0.010 1512.0
0.750 0.450 0.010 1515.0
0.750 0.500 0.010 1479.0
0.750 0.550 0.010 1493.0
0.750 0.600 0.010 1493.0
0.750 0.650 0.010 1532.0
0.750 0.700 0.010 1536.0
0.750 0.750 0.010 1600.0
0.750 0.800 0.010 1600.0
0.750 0.850 0.010 1619.0
0.750 0.900 0.010 1655.0
0.750 0.950 0.010 1668.0
0.750 1.000 0.010 1706.0
0.800 0.050 0.010 1358.0
0.800 0.100 0.010 1323.0
0.800 0.150 0.010 1368.0
0.800 0.200 0.010 1421.0
0.800 0.250 0.010 1421.0
0.800 0.300 0.010 1436.0
0.800 0.350 0.010 1452.0
0.800 0.400 0.010 1516.0
0.800 0.450 0.010 1519.0
0.800 0.500 0.010 1486.0
0.800 0.550 0.010 1507.0
0.800 0.600 0.010 1507.0
0.800 0.650 0.010 1543.0
0.800 0.700 0.010 1569.0
0.800 0.750 0.010 1609.0
0.800 0.800 0.010 1614.0
0.800 0.850 0.010 1633.0
0.800 0.900 0.010 1653.0
0.800 0.950 0.010 1675.0
0.800 1.000 0.010 1686.0
0.850 0.050 0.010 1358.0
0.850 0.100 0.010 1375.0
0.850 0.150 0.010 1404.0
0.850 0.200 0.010 1416.0
0.850 0.250 0.010 1449.0
0.850 0.300 0.010 1454.0
0.850 0.350 0.010 1491.0
0.850 0.400 0.010 1502.0
0.850 0.450 0.010 1500.0
0.850 0.500 0.010 1510.0
0.850 0.550 0.010 1531.0
0.850 0.600 0.010 1531.0
0.850 0.650 0.010 1567.0
0.850 0.700 0.010 1593.0
0.850 0.750 0.010 1596.0
0.850 0.800 0.010 1608.0
0.850 0.850 0.010 1627.0
0.850 0.900 0.010 1645.0
0.850 0.950 0.010 1669.0
0.850 1.000 0.010 1719.0
0.900 0.050 0.010 1460.0
0.900 0.100 0.010 1487.0
0.900 0.150 0.010 1502.0
0.900 0.200 0.010 1529.0
0.900 0.250 0.010 1556.0
0.900 0.300 0.010 1566.0
0.900 0.350 0.010 1573.0
0.900 0.400 0.010 1595.0
0.900 0.450 0.010 1598.0
0.900 0.500 0.010 1617.0
0.900 0.550 0.010 1620.0
0.900 0.600 0.010 1646.0
0.900 0.650 0.010 1660.0
0.900 0.700 0.010 1665.0
0.900 0.750 0.010 1652.0
0.900 0.800 0.010 1701.0
0.900 0.850 0.010 1722.0
0.900 0.900 0.010 1750.0
0.900 0.950 0.010 1751.0
0.900 1.000 0.010 1757.0
0.950 0.050 0.010 1375.0
0.950 0.100 0.010 1485.0
0.950 0.150 0.010 1512.0
0.950 0.200 0.010 1528.0
0.950 0.250 0.010 1535.0
0.950 0.300 0.010 1549.0
0.950 0.350 0.010 1558.0
0.950 0.400 0.010 1516.0
0.950 0.450 0.010 1536.0
0.950 0.500 0.010 1573.0
0.950 0.550 0.010 1534.0
0.950 0.600 0.010 1547.0
0.950 0.650 0.010 1563.0
0.950 0.700 0.010 1566.0
0.950 0.750 0.010 1615.0
0.950 0.800 0.010 1660.0
0.950 0.850 0.010 1681.0
0.950 0.900 0.010 1684.0
0.950 0.950 0.010 1691.0
0.950 1.000 0.010 1688.0
1.000 0.050 0.010 1459.0
1.000 0.100 0.010 1485.0
1.000 0.150 0.010 1498.0
1.000 0.200 0.010 1521.0
1.000 0.250 0.010 1556.0
1.000 0.300 0.010 1569.0
1.000 0.350 0.010 1578.0
1.000 0.400 0.010 1552.0
1.000 0.450 0.010 1552.0
1.000 0.500 0.010 1573.0
1.000 0.550 0.010 1537.0
1.000 0.600 0.010 1547.0
1.000 0.650 0.010 1563.0
1.000 0.700 0.010 1566.0
1.000 0.750 0.010 1618.0
1.000 0.800 0.010 1671.0
1.000 0.850 0.010 1692.0
1.000 0.900 0.010 1684.0
1.000 0.950 0.010 1691.0
1.000 1.000 0.010 1656.0
