0.050 0.050 0.5034314505961359
0.050 0.100 0.5034314505961359
0.050 0.150 0.5034314505961359
0.050 0.200 0.5034314505961359
0.050 0.250 0.5034314505961359
0.050 0.300 0.5034314505961359
0.050 0.350 0.5034293861960277
0.050 0.400 0.5034157760424401
0.050 0.450 0.5034157760424401
0.050 0.500 0.5034157760424401
0.050 0.550 0.5034157760424401
0.050 0.600 0.5034157760424401
0.050 0.650 0.5034157760424401
0.050 0.700 0.5034157760424401
0.050 0.750 0.5034157760424401
0.050 0.800 0.5034157760424401
0.050 0.850 0.5033954622755457
0.050 0.900 0.5033954622755457
0.050 0.950 0.5033954622755457
0.050 1.000 0.5033954622755457
0.100 0.050 0.5034314505961359
0.100 0.100 0.5034314505961359
0.100 0.150 0.5034314505961359
0.100 0.200 0.5034314505961359
0.100 0.250 0.5034314505961359
0.100 0.300 0.5034314505961359
0.100 0.350 0.5034293861960277
0.100 0.400 0.5034157760424401
0.100 0.450 0.5034157760424401
0.100 0.500 0.5034157760424401
0.100 0.550 0.5034157760424401
0.100 0.600 0.5034157760424401
0.100 0.650 0.5034157760424401
0.100 0.700 0.5034157760424401
0.100 0.750 0.5034157760424401
0.100 0.800 0.5034157760424401
0.100 0.850 0.5033954622755457
0.100 0.900 0.5033954622755457
0.100 0.950 0.5033954622755457
0.100 1.000 0.5033954622755457
0.150 0.050 0.5041024900539319
0.150 0.100 0.5042539618996889
0.150 0.150 0.5041044935179794
0.150 0.200 0.5039912885173322
0.150 0.250 0.503821946782804
0.150 0.300 0.5037794221890822
0.150 0.350 0.5037794221890822
0.150 0.400 0.5037707297818236
0.150 0.450 0.5037707297818236
0.150 0.500 0.5036780885113021
0.150 0.550 0.5035636001967745
0.150 0.600 0.5035428190284418
0.150 0.650 0.5035428190284418
0.150 0.700 0.5034263504023856
0.150 0.750 0.5033892331583362
0.150 0.800 0.5033892331583362
0.150 0.850 0.5033574840119311
0.150 0.900 0.5033339009750518
0.150 0.950 0.5033339009750518
0.150 1.000 0.5033200605894573
0.200 0.050 0.5040245889322436
0.200 0.100 0.5041046489867125
0.200 0.150 0.503774412048828
0.200 0.200 0.5037824945836684
0.200 0.250 0.5037538003823987
0.200 0.300 0.5037181372344212
0.200 0.350 0.5037181372344212
0.200 0.400 0.5035012541767895
0.200 0.450 0.5035012541767895
0.200 0.500 0.5034331781406138
0.200 0.550 0.5034179415964556
0.200 0.600 0.503385399101904
0.200 0.650 0.503385399101904
0.200 0.700 0.5033780344991935
0.200 0.750 0.5033320108828666
0.200 0.800 0.5033320108828666
0.200 0.850 0.5033002618387561
0.200 0.900 0.5032852288717873
0.200 0.950 0.5032852288717873
0.200 1.000 0.5033013939461172
0.250 0.050 0.507815077590881
0.250 0.100 0.5075457202384578
0.250 0.150 0.5071118087697266
0.250 0.200 0.5064255531383972
0.250 0.250 0.5062936687486161
0.250 0.300 0.5062035778104201
0.250 0.350 0.5061978157701188
0.250 0.400 0.5059818927864916
0.250 0.450 0.5059266590404943
0.250 0.500 0.5054984095870241
0.250 0.550 0.5054789866268918
0.250 0.600 0.5054441888807775
0.250 0.650 0.5055530899832692
0.250 0.700 0.5054820020549453
0.250 0.750 0.5047981110316041
0.250 0.800 0.5047981110316041
0.250 0.850 0.5047981110316041
0.250 0.900 0.5046298654265602
0.250 0.950 0.504520827966983
0.250 1.000 0.5049414704047271
0.300 0.050 0.5080008811304206
0.300 0.100 0.5079904202794674
0.300 0.150 0.5079276708465013
0.300 0.200 0.5059159269362256
0.300 0.250 0.505859627176651
0.300 0.300 0.5058302667243769
0.300 0.350 0.5058302667243769
0.300 0.400 0.5057325047140405
0.300 0.450 0.5057057498805914
0.300 0.500 0.5056357685352746
0.300 0.550 0.5055860986365642
0.300 0.600 0.505567160687816
0.300 0.650 0.505567160687816
0.300 0.700 0.5055043649466266
0.300 0.750 0.5048204370038298
0.300 0.800 0.5048204370038298
0.300 0.850 0.5048204370038298
0.300 0.900 0.5047606811150976
0.300 0.950 0.5046526169304628
0.300 1.000 0.5048909591324536
0.350 0.050 0.5065702691790707
0.350 0.100 0.5071137989897079
0.350 0.150 0.5064971169365464
0.350 0.200 0.5062302116492233
0.350 0.250 0.5061848532945253
0.350 0.300 0.5060580733313852
0.350 0.350 0.5060520541576289
0.350 0.400 0.5058079533665674
0.350 0.450 0.5057528634775339
0.350 0.500 0.505641596608154
0.350 0.550 0.5055913175456682
0.350 0.600 0.5055723795969204
0.350 0.650 0.5055723795969204
0.350 0.700 0.5055098841017662
0.350 0.750 0.5048259402651523
0.350 0.800 0.5048259402651523
0.350 0.850 0.5048259402651523
0.350 0.900 0.5047662519629608
0.350 0.950 0.5046526169304628
0.350 1.000 0.5050389890302618
0.400 0.050 0.5065323263186505
0.400 0.100 0.5068289764929714
0.400 0.150 0.5064206906465152
0.400 0.200 0.5061311863782675
0.400 0.250 0.5060748482822708
0.400 0.300 0.5059708782408658
0.400 0.350 0.5059648593484937
0.400 0.400 0.5055753279268629
0.400 0.450 0.5055202470335693
0.400 0.500 0.5053968324779565
0.400 0.550 0.5053657616595142
0.400 0.600 0.5053468237473717
0.400 0.650 0.5053468237473717
0.400 0.700 0.5052843578867589
0.400 0.750 0.5050843632941842
0.400 0.800 0.5050843632941842
0.400 0.850 0.5050843632941842
0.400 0.900 0.505022169962684
0.400 0.950 0.5049085788493901
0.400 1.000 0.5048516625745516
0.450 0.050 0.5077032278686145
0.450 0.100 0.5064611748091772
0.450 0.150 0.5060379729745929
0.450 0.200 0.5057749884721106
0.450 0.250 0.5057403138213812
0.450 0.300 0.5054793705167088
0.450 0.350 0.5054721149253982
0.450 0.400 0.5051777892245016
0.450 0.450 0.5050792642481018
0.450 0.500 0.5052115220719595
0.450 0.550 0.5051672856916732
0.450 0.600 0.5051481938929205
0.450 0.650 0.5051481938929205
0.450 0.700 0.5051173193565749
0.450 0.750 0.504757230221685
0.450 0.800 0.504757230221685
0.450 0.850 0.504757230221685
0.450 0.900 0.5047377346102386
0.450 0.950 0.504660862636529
0.450 1.000 0.5047574065943222
0.500 0.050 0.5065839294396446
0.500 0.100 0.5061368012468891
0.500 0.150 0.5060960008806371
0.500 0.200 0.5057959823157164
0.500 0.250 0.5057409845864054
0.500 0.300 0.5053575029333612
0.500 0.350 0.5053502476656163
0.500 0.400 0.5052210424166216
0.500 0.450 0.5052955198918653
0.500 0.500 0.5050786707623379
0.500 0.550 0.5051021154356022
0.500 0.600 0.5050830236493503
0.500 0.650 0.5050830236493503
0.500 0.700 0.5050521500725813
0.500 0.750 0.5046920600683954
0.500 0.800 0.5046920600683954
0.500 0.850 0.5046929372320467
0.500 0.900 0.5046734416361033
0.500 0.950 0.5046218134015148
0.500 1.000 0.5045651484141743
0.550 0.050 0.5060039435634522
0.550 0.100 0.5059251520132235
0.550 0.150 0.5058759395165167
0.550 0.200 0.5057425052872047
0.550 0.250 0.5057021474111074
0.550 0.300 0.5056572536347614
0.550 0.350 0.5055716964695933
0.550 0.400 0.5052214669658129
0.550 0.450 0.5052214669658129
0.550 0.500 0.5051038157871625
0.550 0.550 0.505057671448045
0.550 0.600 0.505038637389778
0.550 0.650 0.5050248204709848
0.550 0.700 0.5049505476291963
0.550 0.750 0.5047478172124696
0.550 0.800 0.5047228063002023
0.550 0.850 0.5047015816341353
0.550 0.900 0.5049954220105556
0.550 0.950 0.5049561039971182
0.550 1.000 0.504577271651216
0.600 0.050 0.5069046038491725
0.600 0.100 0.5068330954598171
0.600 0.150 0.5067796067872712
0.600 0.200 0.5066774239641479
0.600 0.250 0.506631997625738
0.600 0.300 0.5065527012234895
0.600 0.350 0.5064767920418696
0.600 0.400 0.5052514294104433
0.600 0.450 0.5052514294104433
0.600 0.500 0.5051532797529473
0.600 0.550 0.5051242692472981
0.600 0.600 0.5051052735089196
0.600 0.650 0.5051145894624149
0.600 0.700 0.5051288539036785
0.600 0.750 0.5051567930667622
0.600 0.800 0.5051567930667622
0.600 0.850 0.5055537827595072
0.600 0.900 0.5055251685468203
0.600 0.950 0.505485868154785
0.600 1.000 0.5046764421310929
0.650 0.050 0.5068379350785003
0.650 0.100 0.506662698811622
0.650 0.150 0.5065774259629184
0.650 0.200 0.5053221707161613
0.650 0.250 0.5052604187111044
0.650 0.300 0.5056360060122179
0.650 0.350 0.5050983590095367
0.650 0.400 0.5051598851934108
0.650 0.450 0.5051598851934108
0.650 0.500 0.505061778903768
0.650 0.550 0.5050339960460573
0.650 0.600 0.5050125877485904
0.650 0.650 0.505021903684824
0.650 0.700 0.5050361672368477
0.650 0.750 0.5050817328230022
0.650 0.800 0.5050817328230022
0.650 0.850 0.5055740333645844
0.650 0.900 0.5050324544527596
0.650 0.950 0.5049977811279039
0.650 1.000 0.5044226176907655
0.700 0.050 0.5064490327878814
0.700 0.100 0.5062931156446737
0.700 0.150 0.5062721206828898
0.700 0.200 0.5059222808841274
0.700 0.250 0.5058489212543285
0.700 0.300 0.5056280572054883
0.700 0.350 0.5056766351103847
0.700 0.400 0.5055740701268228
0.700 0.450 0.5055530823134008
0.700 0.500 0.5053914408109587
0.700 0.550 0.505386116550709
0.700 0.600 0.5053355495490053
0.700 0.650 0.5053485054865468
0.700 0.700 0.5052742047003672
0.700 0.750 0.5049421018100332
0.700 0.800 0.5049421018100332
0.700 0.850 0.5049760110236626
0.700 0.900 0.5049808425136303
0.700 0.950 0.5049312582344223
0.700 1.000 0.5047345022735114
0.750 0.050 0.506751608419079
0.750 0.100 0.5066742508107582
0.750 0.150 0.5057888964501912
0.750 0.200 0.5055291232978188
0.750 0.250 0.505496782890795
0.750 0.300 0.5054368653481744
0.750 0.350 0.5054827179065241
0.750 0.400 0.5054658558973981
0.750 0.450 0.5053512712728316
0.750 0.500 0.5052571615498169
0.750 0.550 0.5051914936953663
0.750 0.600 0.5051409489240772
0.750 0.650 0.5051539047477535
0.750 0.700 0.5050974155417413
0.750 0.750 0.5049421018100332
0.750 0.800 0.5049421018100332
0.750 0.850 0.5049760110236626
0.750 0.900 0.5049808425136303
0.750 0.950 0.5049312582344223
0.750 1.000 0.5047345022735114
0.800 0.050 0.5056604003687231
0.800 0.100 0.50549180573213
0.800 0.150 0.5054310118164026
0.800 0.200 0.5049921129096526
0.800 0.250 0.5049646740987532
0.800 0.300 0.5049506696030377
0.800 0.350 0.5049965367779122
0.800 0.400 0.5049570347688503
0.800 0.450 0.5048642258830327
0.800 0.500 0.504768340626243
0.800 0.550 0.5045070535037411
0.800 0.600 0.5044565332886636
0.800 0.650 0.5044565332886636
0.800 0.700 0.5044000693365714
0.800 0.750 0.5042496191010751
0.800 0.800 0.5042496191010751
0.800 0.850 0.5042835206897585
0.800 0.900 0.504288326296738
0.800 0.950 0.5042387425737522
0.800 1.000 0.5040445857088844
0.850 0.050 0.5062069794277074
0.850 0.100 0.5058393627346695
0.850 0.150 0.5052808899398283
0.850 0.200 0.5049717903906351
0.850 0.250 0.5049069543794926
0.850 0.300 0.5048215071717663
0.850 0.350 0.5048580960898148
0.850 0.400 0.5046977445756058
0.850 0.450 0.5046801613655402
0.850 0.500 0.504719851513614
0.850 0.550 0.504465316488691
0.850 0.600 0.5044147630389154
0.850 0.650 0.5044147630389154
0.850 0.700 0.5044000693365714
0.850 0.750 0.5042496191010751
0.850 0.800 0.5042496191010751
0.850 0.850 0.5042835206897585
0.850 0.900 0.5042629439510519
0.850 0.950 0.5042133602592427
0.850 1.000 0.5040192034452459
0.900 0.050 0.5047274440221939
0.900 0.100 0.5045356896055144
0.900 0.150 0.5043192223709769
0.900 0.200 0.5042758733726433
0.900 0.250 0.5041038256922017
0.900 0.300 0.5040038748865486
0.900 0.350 0.5039729907187381
0.900 0.400 0.5038063203855053
0.900 0.450 0.5037887578901843
0.900 0.500 0.5033638018644451
0.900 0.550 0.5035795901519742
0.900 0.600 0.5035605195069218
0.900 0.650 0.5035605195069218
0.900 0.700 0.5035465728110985
0.900 0.750 0.5034519569867075
0.900 0.800 0.5034519569867075
0.900 0.850 0.5030616756630428
0.900 0.900 0.50293821929925
0.900 0.950 0.5028889214331843
0.900 1.000 0.5027770003824552
0.950 0.050 0.5046087057848716
0.950 0.100 0.5044666557564559
0.950 0.150 0.5043934936930718
0.950 0.200 0.5042140939245158
0.950 0.250 0.5040351114518359
0.950 0.300 0.5039824159531019
0.950 0.350 0.5039311890188568
0.950 0.400 0.503799496553962
0.950 0.450 0.5037819340586407
0.950 0.500 0.5033287552251451
0.950 0.550 0.5035795901519742
0.950 0.600 0.5035605195069218
0.950 0.650 0.5035605195069218
0.950 0.700 0.5035465728110985
0.950 0.750 0.5034519569867075
0.950 0.800 0.5034519569867075
0.950 0.850 0.5030616756630428
0.950 0.900 0.50293821929925
0.950 0.950 0.5028889214331843
0.950 1.000 0.5027770003824552
1.000 0.050 0.504821722505462
1.000 0.100 0.5043364037279803
1.000 0.150 0.5041084153244617
1.000 0.200 0.5039110399886291
1.000 0.250 0.503731800176239
1.000 0.300 0.5036968003122057
1.000 0.350 0.5037164261753223
1.000 0.400 0.5035843566669622
1.000 0.450 0.5035667941716409
1.000 0.500 0.5033831916792899
1.000 0.550 0.5033642405293798
1.000 0.600 0.503345171914305
1.000 0.650 0.503345171914305
1.000 0.700 0.5033310310460413
1.000 0.750 0.5032361620870461
1.000 0.800 0.5032361620870461
1.000 0.850 0.5030680851722849
1.000 0.900 0.5030403412605213
1.000 0.950 0.502990978072024
1.000 1.000 0.5029428672798966
