0.050 0.050 0.48556144262965784
0.050 0.100 0.48545103060788436
0.050 0.150 0.48545103060788436
0.050 0.200 0.48545103060788436
0.050 0.250 0.48545103060788436
0.050 0.300 0.48545103060788436
0.050 0.350 0.4854216419075012
0.050 0.400 0.4853180099812292
0.050 0.450 0.4853180099812292
0.050 0.500 0.4853180099812292
0.050 0.550 0.4853180099812292
0.050 0.600 0.4853180099812292
0.050 0.650 0.4853180099812292
0.050 0.700 0.4853180099812292
0.050 0.750 0.4853180099812292
0.050 0.800 0.4853180099812292
0.050 0.850 0.4853180099812292
0.050 0.900 0.4851696279616314
0.050 0.950 0.4851696279616314
0.050 1.000 0.4851696279616314
0.100 0.050 0.48556144262965784
0.100 0.100 0.48545103060788436
0.100 0.150 0.48545103060788436
0.100 0.200 0.48545103060788436
0.100 0.250 0.48545103060788436
0.100 0.300 0.48545103060788436
0.100 0.350 0.4854216419075012
0.100 0.400 0.4853180099812292
0.100 0.450 0.4853180099812292
0.100 0.500 0.4853180099812292
0.100 0.550 0.4853180099812292
0.100 0.600 0.4853180099812292
0.100 0.650 0.4853180099812292
0.100 0.700 0.4853180099812292
0.100 0.750 0.4853180099812292
0.100 0.800 0.4853180099812292
0.100 0.850 0.4853180099812292
0.100 0.900 0.4851696279616314
0.100 0.950 0.4851696279616314
0.100 1.000 0.4851696279616314
0.150 0.050 0.48908052146950753
0.150 0.100 0.48876689739444745
0.150 0.150 0.4886717493477027
0.150 0.200 0.4882222436104634
0.150 0.250 0.48787657538977436
0.150 0.300 0.4877892822626619
0.150 0.350 0.4877892822626619
0.150 0.400 0.4878409904534238
0.150 0.450 0.48766899524440455
0.150 0.500 0.4874855205185277
0.150 0.550 0.4870000403407931
0.150 0.600 0.4870000403407931
0.150 0.650 0.48646665937477535
0.150 0.700 0.48646665937477535
0.150 0.750 0.4860263005770725
0.150 0.800 0.4860263005770725
0.150 0.850 0.4860263005770725
0.150 0.900 0.4860263005770725
0.150 0.950 0.4859307992437823
0.150 1.000 0.4862498423340404
0.200 0.050 0.4888473033744981
0.200 0.100 0.48857905961278214
0.200 0.150 0.48832613602996516
0.200 0.200 0.4881744551404588
0.200 0.250 0.48782088279884767
0.200 0.300 0.4877892822626619
0.200 0.350 0.4877892822626619
0.200 0.400 0.4874588493918167
0.200 0.450 0.487314963093863
0.200 0.500 0.48713148164360465
0.200 0.550 0.4870000403407931
0.200 0.600 0.4870000403407931
0.200 0.650 0.48646665937477535
0.200 0.700 0.48646665937477535
0.200 0.750 0.4860263005770725
0.200 0.800 0.4860263005770725
0.200 0.850 0.4860263005770725
0.200 0.900 0.4860263005770725
0.200 0.950 0.4859307992437823
0.200 1.000 0.4862498423340404
0.250 0.050 0.5022273318683877
0.250 0.100 0.5021273683143286
0.250 0.150 0.5018112861531523
0.250 0.200 0.5014142285792327
0.250 0.250 0.5011685713222735
0.250 0.300 0.5008306055797407
0.250 0.350 0.500546624298212
0.250 0.400 0.49946179519286826
0.250 0.450 0.49918462765340854
0.250 0.500 0.49851051477596564
0.250 0.550 0.49821831559363877
0.250 0.600 0.4980609782627503
0.250 0.650 0.4978143789830985
0.250 0.700 0.49716379266866356
0.250 0.750 0.49547792185661094
0.250 0.800 0.49547792185661094
0.250 0.850 0.49547792185661094
0.250 0.900 0.4949476141849402
0.250 0.950 0.494160508731764
0.250 1.000 0.4940494604260155
0.300 0.050 0.5018299492634681
0.300 0.100 0.5015931810214359
0.300 0.150 0.5012502025780461
0.300 0.200 0.500093309104348
0.300 0.250 0.4998746762005771
0.300 0.300 0.49970155636764396
0.300 0.350 0.49920217432762193
0.300 0.400 0.49877882467903245
0.300 0.450 0.49842246191444317
0.300 0.500 0.49785605670214994
0.300 0.550 0.49749830893260305
0.300 0.600 0.49740057429765266
0.300 0.650 0.49710769691692835
0.300 0.700 0.4961425026650933
0.300 0.750 0.4941013040534912
0.300 0.800 0.49404798620631696
0.300 0.850 0.49404798620631696
0.300 0.900 0.4936350927283561
0.300 0.950 0.4925242357241568
0.300 1.000 0.49442455661189033
0.350 0.050 0.5022016741988308
0.350 0.100 0.5012804561796611
0.350 0.150 0.5006619182666684
0.350 0.200 0.5000969830880362
0.350 0.250 0.4998404632922587
0.350 0.300 0.4996708851008533
0.350 0.350 0.49917070935559865
0.350 0.400 0.498872259034741
0.350 0.450 0.4985158871513516
0.350 0.500 0.49785605670214994
0.350 0.550 0.49749830893260305
0.350 0.600 0.49740057429765266
0.350 0.650 0.49710769691692835
0.350 0.700 0.4961425026650933
0.350 0.750 0.4941013040534912
0.350 0.800 0.49404798620631696
0.350 0.850 0.49404798620631696
0.350 0.900 0.4936350927283561
0.350 0.950 0.4935070205131144
0.350 1.000 0.49442455661189033
0.400 0.050 0.5015057096144736
0.400 0.100 0.5011479126133576
0.400 0.150 0.5007649209632113
0.400 0.200 0.49949681268164586
0.400 0.250 0.49909987687228885
0.400 0.300 0.49877043865855303
0.400 0.350 0.4986757534601346
0.400 0.400 0.4983770513231968
0.400 0.450 0.4981455711497224
0.400 0.500 0.4974903475834776
0.400 0.550 0.4972826101413447
0.400 0.600 0.49702641516775786
0.400 0.650 0.49673383838830515
0.400 0.700 0.49577587754713875
0.400 0.750 0.4936475532819042
0.400 0.800 0.4935942354347302
0.400 0.850 0.4935942354347302
0.400 0.900 0.49311874860051047
0.400 0.950 0.4931411262472082
0.400 1.000 0.49595209248354605
0.450 0.050 0.500474972121647
0.450 0.100 0.5003210665104898
0.450 0.150 0.49951010863533346
0.450 0.200 0.49926177529960053
0.450 0.250 0.49848985576399774
0.450 0.300 0.49828461288674636
0.450 0.350 0.49822732434559325
0.450 0.400 0.49795069465768876
0.450 0.450 0.4976519250897493
0.450 0.500 0.4963282039777659
0.450 0.550 0.49623706458658434
0.450 0.600 0.4985891863360275
0.450 0.650 0.49822514326695516
0.450 0.700 0.4951175958632306
0.450 0.750 0.4932344638028307
0.450 0.800 0.4932344638028307
0.450 0.850 0.4932344638028307
0.450 0.900 0.49282430696818785
0.450 0.950 0.49301605938646437
0.450 1.000 0.4950802909297957
0.500 0.050 0.5002851863743232
0.500 0.100 0.5015304934465269
0.500 0.150 0.5003873283280265
0.500 0.200 0.4988110566822191
0.500 0.250 0.49870698859194995
0.500 0.300 0.49829704763410226
0.500 0.350 0.4982397590929493
0.500 0.400 0.4979499339307332
0.500 0.450 0.4976482680539038
0.500 0.500 0.49614068895865765
0.500 0.550 0.4960365782978101
0.500 0.600 0.4954026824129704
0.500 0.650 0.4950386468121829
0.500 0.700 0.49492996861228045
0.500 0.750 0.49370292606220245
0.500 0.800 0.49370292606220245
0.500 0.850 0.49370292606220245
0.500 0.900 0.4934557312531385
0.500 0.950 0.4934557312531385
0.500 1.000 0.4950797025230034
0.550 0.050 0.4991074805704446
0.550 0.100 0.49925450095011137
0.550 0.150 0.49949143283614345
0.550 0.200 0.49774226898186713
0.550 0.250 0.49756964150954697
0.550 0.300 0.49702752155408503
0.550 0.350 0.496801008916612
0.550 0.400 0.4968872451853382
0.550 0.450 0.4967915897650306
0.550 0.500 0.49593607467066597
0.550 0.550 0.495859492958213
0.550 0.600 0.4957121255706192
0.550 0.650 0.4953482030419601
0.550 0.700 0.4947336308448706
0.550 0.750 0.4928903599345969
0.550 0.800 0.4928903599345969
0.550 0.850 0.4928903599345969
0.550 0.900 0.4933183246867573
0.550 0.950 0.49325864067539066
0.550 1.000 0.49363423125661005
0.600 0.050 0.4988201420338779
0.600 0.100 0.49874377734454156
0.600 0.150 0.49813259505527685
0.600 0.200 0.49777613808971166
0.600 0.250 0.4973867606399296
0.600 0.300 0.4968430646251235
0.600 0.350 0.49661654290053464
0.600 0.400 0.4964025416738387
0.600 0.450 0.4962845738137508
0.600 0.500 0.49593607467066597
0.600 0.550 0.4957744190284456
0.600 0.600 0.4957121255706192
0.600 0.650 0.4953482030419601
0.600 0.700 0.4947336308448706
0.600 0.750 0.4928903599345969
0.600 0.800 0.4928903599345969
0.600 0.850 0.4928903599345969
0.600 0.900 0.4933183246867573
0.600 0.950 0.49370860885015583
0.600 1.000 0.4928789146980627
0.650 0.050 0.5019350474933245
0.650 0.100 0.5033594158974023
0.650 0.150 0.5026883162624374
0.650 0.200 0.49902013722482813
0.650 0.250 0.5011977786328188
0.650 0.300 0.4984708260231187
0.650 0.350 0.49802147060806196
0.650 0.400 0.49748151746383895
0.650 0.450 0.4980495645561295
0.650 0.500 0.499257992976573
0.650 0.550 0.4966976689872342
0.650 0.600 0.4966976689872342
0.650 0.650 0.49622560689691825
0.650 0.700 0.4956653397748553
0.650 0.750 0.49485641106277006
0.650 0.800 0.4947552143727931
0.650 0.850 0.49413279707359803
0.650 0.900 0.4954958851995122
0.650 0.950 0.49483553319411927
0.650 1.000 0.49469708493286785
0.700 0.050 0.50301453012984
0.700 0.100 0.5028265859118546
0.700 0.150 0.5015690105813593
0.700 0.200 0.4993724530119934
0.700 0.250 0.5004160169601088
0.700 0.300 0.49897736994708164
0.700 0.350 0.49859844010023213
0.700 0.400 0.4974125256161743
0.700 0.450 0.49752386125391074
0.700 0.500 0.49762083208477226
0.700 0.550 0.49751462932230583
0.700 0.600 0.49751462932230583
0.700 0.650 0.49701818260517683
0.700 0.700 0.49644768591829797
0.700 0.750 0.4955027772486922
0.700 0.800 0.4955027772486922
0.700 0.850 0.49488032286968314
0.700 0.900 0.49472529657083664
0.700 0.950 0.4946252664626119
0.700 1.000 0.49409673469471227
0.750 0.050 0.5014188943827707
0.750 0.100 0.5010235701640169
0.750 0.150 0.4996139167698227
0.750 0.200 0.49902277067430645
0.750 0.250 0.4987005305126951
0.750 0.300 0.49830844761921933
0.750 0.350 0.4978270028730152
0.750 0.400 0.4980944513031261
0.750 0.450 0.498025781411919
0.750 0.500 0.49779271951821985
0.750 0.550 0.49751299540231686
0.750 0.600 0.49751299540231686
0.750 0.650 0.49673393678217803
0.750 0.700 0.4966654679716537
0.750 0.750 0.49642794507258176
0.750 0.800 0.49642794507258176
0.750 0.850 0.4960189827306093
0.750 0.900 0.49490867829332325
0.750 0.950 0.4949676596688436
0.750 1.000 0.494118571096493
0.800 0.050 0.5020732912797503
0.800 0.100 0.5021782786789457
0.800 0.150 0.5005527967017596
0.800 0.200 0.4995673025476659
0.800 0.250 0.4993962200810369
0.800 0.300 0.4989708212110537
0.800 0.350 0.4986656888762981
0.800 0.400 0.497229669617515
0.800 0.450 0.4971609630396912
0.800 0.500 0.4985263144583587
0.800 0.550 0.49812065841420866
0.800 0.600 0.49812065841420866
0.800 0.650 0.49739695630645503
0.800 0.700 0.496840543966497
0.800 0.750 0.4954478982494561
0.800 0.800 0.49535983315965143
0.800 0.850 0.4949716472254436
0.800 0.900 0.49444913351588493
0.800 0.950 0.4941844016463365
0.800 1.000 0.49429540863530563
0.850 0.050 0.5019701782642029
0.850 0.100 0.5012434865706061
0.850 0.150 0.5003909938348217
0.850 0.200 0.5001212795724806
0.850 0.250 0.4994265596586204
0.850 0.300 0.49931149412589715
0.850 0.350 0.4985356075652372
0.850 0.400 0.4980420733446964
0.850 0.450 0.49809376039242936
0.850 0.500 0.49787044300169997
0.850 0.550 0.4974633566103858
0.850 0.600 0.4974633566103858
0.850 0.650 0.496727439624099
0.850 0.700 0.49616902909218147
0.850 0.750 0.4958410308431623
0.850 0.800 0.495611680593833
0.850 0.850 0.4952070408377014
0.850 0.900 0.4947002205852159
0.850 0.950 0.49445879367673184
0.850 1.000 0.49341183661172905
0.900 0.050 0.4994906649021766
0.900 0.100 0.4986046669427059
0.900 0.150 0.4982900386603424
0.900 0.200 0.49757331313857894
0.900 0.250 0.4970812721618298
0.900 0.300 0.4966728629355181
0.900 0.350 0.49651417696616884
0.900 0.400 0.49599919552938104
0.900 0.450 0.49591786912609004
0.900 0.500 0.49553031874497283
0.900 0.550 0.4954648244278557
0.900 0.600 0.4949265342630869
0.900 0.650 0.49463458708571234
0.900 0.700 0.4945373838115121
0.900 0.750 0.4950050950048833
0.900 0.800 0.49407598576673323
0.900 0.850 0.49364119770543646
0.900 0.900 0.4929188450664805
0.900 0.950 0.4929166542072777
0.900 1.000 0.4926741238748611
0.950 0.050 0.509172512164646
0.950 0.100 0.49897756528562437
0.950 0.150 0.49838194884059456
0.950 0.200 0.4979916598085717
0.950 0.250 0.4978101082595982
0.950 0.300 0.4975040492363371
0.950 0.350 0.4973072351944357
0.950 0.400 0.49870332087901914
0.950 0.450 0.49828479573101564
0.950 0.500 0.49731011262178076
0.950 0.550 0.4982652159011826
0.950 0.600 0.4980136024524986
0.950 0.650 0.497680915505604
0.950 0.700 0.4976269352934116
0.950 0.750 0.49607482450143126
0.950 0.800 0.49512115608550444
0.950 0.850 0.49468755770397127
0.950 0.900 0.49463422852477623
0.950 0.950 0.4945061085785336
0.950 1.000 0.49431100122582233
1.000 0.050 0.5004334757848725
1.000 0.100 0.4990877986486762
1.000 0.150 0.49859306335655346
1.000 0.200 0.49825689129000095
1.000 0.250 0.497352373131534
1.000 0.300 0.4970855241707663
1.000 0.350 0.49688871014684477
1.000 0.400 0.4977551505126143
1.000 0.450 0.4977551505126143
1.000 0.500 0.49731011262178076
1.000 0.550 0.4982042282973237
1.000 0.600 0.4980136024524986
1.000 0.650 0.497680915505604
1.000 0.700 0.4976269352934116
1.000 0.750 0.49623673062618073
1.000 0.800 0.4950143250614643
1.000 0.850 0.494581760188929
1.000 0.900 0.4948495822917515
1.000 0.950 0.4947216022081422
1.000 1.000 0.4950220590178893
