0.050 0.050 0.5060054061857144
0.050 0.100 0.5059267678442448
0.050 0.150 0.5059267678442448
0.050 0.200 0.5059267678442448
0.050 0.250 0.5059267678442448
0.050 0.300 0.5059267678442448
0.050 0.350 0.5059141431823365
0.050 0.400 0.5058958030518226
0.050 0.450 0.5058958030518226
0.050 0.500 0.5058958030518226
0.050 0.550 0.5058958030518226
0.050 0.600 0.5058958030518226
0.050 0.650 0.5058958030518226
0.050 0.700 0.5058958030518226
0.050 0.750 0.5058958030518226
0.050 0.800 0.5058958030518226
0.050 0.850 0.5058958030518226
0.050 0.900 0.5058667175126935
0.050 0.950 0.5058667175126935
0.050 1.000 0.5058667175126935
0.100 0.050 0.5060054061857144
0.100 0.100 0.5059267678442448
0.100 0.150 0.5059267678442448
0.100 0.200 0.5059267678442448
0.100 0.250 0.5059267678442448
0.100 0.300 0.5059267678442448
0.100 0.350 0.5059141431823365
0.100 0.400 0.5058958030518226
0.100 0.450 0.5058958030518226
0.100 0.500 0.5058958030518226
0.100 0.550 0.5058958030518226
0.100 0.600 0.5058958030518226
0.100 0.650 0.5058958030518226
0.100 0.700 0.5058958030518226
0.100 0.750 0.5058958030518226
0.100 0.800 0.5058958030518226
0.100 0.850 0.5058958030518226
0.100 0.900 0.5058667175126935
0.100 0.950 0.5058667175126935
0.100 1.000 0.5058667175126935
0.150 0.050 0.5066954645739354
0.150 0.100 0.5065665728568335
0.150 0.150 0.5065925300286017
0.150 0.200 0.506376427526541
0.150 0.250 0.5062321654778552
0.150 0.300 0.5061951941273263
0.150 0.350 0.5061951941273263
0.150 0.400 0.5062841843792327
0.150 0.450 0.5062306833420857
0.150 0.500 0.5061830753293568
0.150 0.550 0.5060185889902926
0.150 0.600 0.5060185889902926
0.150 0.650 0.5058578620784631
0.150 0.700 0.5058578620784631
0.150 0.750 0.5058288431268112
0.150 0.800 0.5058288431268112
0.150 0.850 0.5058288431268112
0.150 0.900 0.5058288431268112
0.150 0.950 0.5058189098435592
0.150 1.000 0.505758016292037
0.200 0.050 0.5064720849779225
0.200 0.100 0.5064078780497402
0.200 0.150 0.506323986671481
0.200 0.200 0.5063625405059033
0.200 0.250 0.5062101057768877
0.200 0.300 0.5061951941273263
0.200 0.350 0.5061951941273263
0.200 0.400 0.5061022102468783
0.200 0.450 0.5060777731811482
0.200 0.500 0.5060301582155625
0.200 0.550 0.5060185889902926
0.200 0.600 0.5060185889902926
0.200 0.650 0.5058578620784631
0.200 0.700 0.5058578620784631
0.200 0.750 0.5058288431268112
0.200 0.800 0.5058288431268112
0.200 0.850 0.5058288431268112
0.200 0.900 0.5058288431268112
0.200 0.950 0.5058189098435592
0.200 1.000 0.505758016292037
0.250 0.050 0.5101998191587795
0.250 0.100 0.509581344239514
0.250 0.150 0.5094676734999691
0.250 0.200 0.5093768515293313
0.250 0.250 0.5092827107834823
0.250 0.300 0.5091819380859254
0.250 0.350 0.5090481711748335
0.250 0.400 0.5088678995486653
0.250 0.450 0.50882999080312
0.250 0.500 0.5085059877298795
0.250 0.550 0.5083992488620487
0.250 0.600 0.5083609037357811
0.250 0.650 0.5083190767072179
0.250 0.700 0.5081437376390959
0.250 0.750 0.5079459304309347
0.250 0.800 0.5079459304309347
0.250 0.850 0.5079459304309347
0.250 0.900 0.507770618652794
0.250 0.950 0.5076317477403536
0.250 1.000 0.507019574023665
0.300 0.050 0.5097356468830236
0.300 0.100 0.5092066326152759
0.300 0.150 0.509100676899633
0.300 0.200 0.5087215542872874
0.300 0.250 0.5086731186872098
0.300 0.300 0.5086717425618605
0.300 0.350 0.508386306520588
0.300 0.400 0.5082860617282343
0.300 0.450 0.5082195546776764
0.300 0.500 0.5080069188677926
0.300 0.550 0.5079034545889634
0.300 0.600 0.5078912121228525
0.300 0.650 0.5078370597605973
0.300 0.700 0.5071232722889031
0.300 0.750 0.5066824023363288
0.300 0.800 0.5066805606485146
0.300 0.850 0.5066805606485146
0.300 0.900 0.5065733647151379
0.300 0.950 0.5065438066606469
0.300 1.000 0.5070876884211449
0.350 0.050 0.5096581748253112
0.350 0.100 0.5089898577728103
0.350 0.150 0.5089009437663038
0.350 0.200 0.5088319285968537
0.350 0.250 0.5087620813990144
0.350 0.300 0.5087288420852268
0.350 0.350 0.5084425853708895
0.350 0.400 0.5083826707159445
0.350 0.450 0.5083161542367558
0.350 0.500 0.5080069188677926
0.350 0.550 0.5079034545889634
0.350 0.600 0.5078912121228525
0.350 0.650 0.5078370597605973
0.350 0.700 0.5071232722889031
0.350 0.750 0.5066824023363288
0.350 0.800 0.5066805606485146
0.350 0.850 0.5066805606485146
0.350 0.900 0.5065733647151379
0.350 0.950 0.5065297538845823
0.350 1.000 0.5070876884211449
0.400 0.050 0.5094003904987168
0.400 0.100 0.5084265087777495
0.400 0.150 0.5084390435627415
0.400 0.200 0.5086376680954253
0.400 0.250 0.5085114468617523
0.400 0.300 0.508366203686802
0.400 0.350 0.5083393516859445
0.400 0.400 0.5082791766589299
0.400 0.450 0.5082174572756927
0.400 0.500 0.5078774601535754
0.400 0.550 0.5078402902117398
0.400 0.600 0.507753016290215
0.400 0.650 0.5076991747428024
0.400 0.700 0.5069928664523694
0.400 0.750 0.5064974357306113
0.400 0.800 0.5064955940427974
0.400 0.850 0.5064955940427974
0.400 0.900 0.5063769657572693
0.400 0.950 0.506400103732358
0.400 1.000 0.5069263925143329
0.450 0.050 0.5089030341327563
0.450 0.100 0.5090813883150893
0.450 0.150 0.5085093151483306
0.450 0.200 0.5086077958046595
0.450 0.250 0.508200425465338
0.450 0.300 0.5081658348465593
0.450 0.350 0.5081598875519489
0.450 0.400 0.5081225349326152
0.450 0.450 0.5080622901834864
0.450 0.500 0.5075639593543739
0.450 0.550 0.5075585362195398
0.450 0.600 0.5091912601261509
0.450 0.650 0.5090990492339398
0.450 0.700 0.5072536351082563
0.450 0.750 0.5065321377958013
0.450 0.800 0.5065321377958013
0.450 0.850 0.5065321377958013
0.450 0.900 0.5064277714890504
0.450 0.950 0.5062530248752177
0.450 1.000 0.5069130987590718
0.500 0.050 0.5088133755033244
0.500 0.100 0.5104384836115101
0.500 0.150 0.508172959487299
0.500 0.200 0.5083549140474516
0.500 0.250 0.5083538855157408
0.500 0.300 0.5081786920910426
0.500 0.350 0.5081727447964323
0.500 0.400 0.5081217483583349
0.500 0.450 0.5080585088920291
0.500 0.500 0.5075476989356218
0.500 0.550 0.5075288638045016
0.500 0.600 0.5073352570941962
0.500 0.650 0.5072430539240209
0.500 0.700 0.5072372586443454
0.500 0.750 0.5066612654139366
0.500 0.800 0.5066612654139366
0.500 0.850 0.5066612654139366
0.500 0.900 0.5063523838855085
0.500 0.950 0.5063523838855085
0.500 1.000 0.5069124903599005
0.550 0.050 0.5080219566044837
0.550 0.100 0.5082094974806943
0.550 0.150 0.5087919686998102
0.550 0.200 0.50753401331834
0.550 0.250 0.5077285346890579
0.550 0.300 0.507576534444338
0.550 0.350 0.5075199513797586
0.550 0.400 0.5075380673804735
0.550 0.450 0.5075279747747682
0.550 0.500 0.5073894201869353
0.550 0.550 0.5073990493590894
0.550 0.600 0.5073532503438517
0.550 0.650 0.5072611640876722
0.550 0.700 0.5071230627935321
0.550 0.750 0.5064783061638126
0.550 0.800 0.5064783061638126
0.550 0.850 0.5064783061638126
0.550 0.900 0.5063168841316806
0.550 0.950 0.5063084599756343
0.550 1.000 0.5067500997970925
0.600 0.050 0.5078136680388181
0.600 0.100 0.5078945719375312
0.600 0.150 0.507653400236155
0.600 0.200 0.5075690332015372
0.600 0.250 0.507734828457338
0.600 0.300 0.5075811986032881
0.600 0.350 0.5075246061428386
0.600 0.400 0.5074987221733718
0.600 0.450 0.5074833215974444
0.600 0.500 0.5073894201869353
0.600 0.550 0.5073643726078801
0.600 0.600 0.5073532503438517
0.600 0.650 0.5072611640876722
0.600 0.700 0.5071230627935321
0.600 0.750 0.5064783061638126
0.600 0.800 0.5064783061638126
0.600 0.850 0.5064783061638126
0.600 0.900 0.5063168841316806
0.600 0.950 0.5064539902979067
0.600 1.000 0.5065730475453238
0.650 0.050 0.5092226256657859
0.650 0.100 0.5095230595930531
0.650 0.150 0.5094330857149049
0.650 0.200 0.5081980843180239
0.650 0.250 0.5085846445962647
0.650 0.300 0.507861022665045
0.650 0.350 0.507804938834325
0.650 0.400 0.5077262293525067
0.650 0.450 0.5079050376639621
0.650 0.500 0.5078045687609173
0.650 0.550 0.5073420499257171
0.650 0.600 0.5073420499257171
0.650 0.650 0.5072624879118981
0.650 0.700 0.507145011659006
0.650 0.750 0.5070546263253941
0.650 0.800 0.5070388041735351
0.650 0.850 0.5069281163879813
0.650 0.900 0.5077158279631543
0.650 0.950 0.5074771036466311
0.650 1.000 0.5071918506504595
0.700 0.050 0.5104098363624736
0.700 0.100 0.509433952712051
0.700 0.150 0.5088619144495391
0.700 0.200 0.5083136946336606
0.700 0.250 0.5085578745250842
0.700 0.300 0.5081538639305778
0.700 0.350 0.508117310780104
0.700 0.400 0.5073529294584334
0.700 0.450 0.5074680479625021
0.700 0.500 0.507852514903142
0.700 0.550 0.5078315165867775
0.700 0.600 0.5078315165867775
0.700 0.650 0.5077622665911232
0.700 0.700 0.5076342132020795
0.700 0.750 0.5075098031955865
0.700 0.800 0.5075098031955865
0.700 0.850 0.5073990770703528
0.700 0.900 0.5067769562790331
0.700 0.950 0.5067623403460354
0.700 1.000 0.5070329293719061
0.750 0.050 0.508156057677609
0.750 0.100 0.5081025531213936
0.750 0.150 0.5074443199474374
0.750 0.200 0.507863318178893
0.750 0.250 0.5072814530651649
0.750 0.300 0.5077108896901059
0.750 0.350 0.507639388807009
0.750 0.400 0.5078981617869441
0.750 0.450 0.5078804464365778
0.750 0.500 0.5070000128001818
0.750 0.550 0.5069594606130424
0.750 0.600 0.5069594606130424
0.750 0.650 0.5068466725244009
0.750 0.700 0.5068469276692678
0.750 0.750 0.5077381396957549
0.750 0.800 0.5077381396957549
0.750 0.850 0.5076527710495211
0.750 0.900 0.5071441946116639
0.750 0.950 0.5074360935767809
0.750 1.000 0.5072331335361696
0.800 0.050 0.5092767536684039
0.800 0.100 0.5087636178547963
0.800 0.150 0.5078822228602907
0.800 0.200 0.5078046613027236
0.800 0.250 0.5076277659435094
0.800 0.300 0.5074543519734659
0.800 0.350 0.5074230534337235
0.800 0.400 0.5070750476242436
0.800 0.450 0.5070572943407541
0.800 0.500 0.5078828712736998
0.800 0.550 0.5078364464286351
0.800 0.600 0.5078364464286351
0.800 0.650 0.5077276079610279
0.800 0.700 0.5076141174647045
0.800 0.750 0.5068846569280735
0.800 0.800 0.5068824125505783
0.800 0.850 0.506818526234984
0.800 0.900 0.5066335106530774
0.800 0.950 0.5067505607651526
0.800 1.000 0.5070607278603592
0.850 0.050 0.5091701371676933
0.850 0.100 0.5087207184709864
0.850 0.150 0.5083543753615698
0.850 0.200 0.5082886479693596
0.850 0.250 0.508156488680435
0.850 0.300 0.5081263264622452
0.850 0.350 0.507981293045776
0.850 0.400 0.5076663783513455
0.850 0.450 0.5076842964122252
0.850 0.500 0.507631017159729
0.850 0.550 0.5075831133683972
0.850 0.600 0.5075831133683972
0.850 0.650 0.5074616449956427
0.850 0.700 0.5073460884145159
0.850 0.750 0.5070602334709258
0.850 0.800 0.5070362415453694
0.850 0.850 0.5069553423540725
0.850 0.900 0.5067510282831873
0.850 0.950 0.5069277003570151
0.850 1.000 0.5067332998075168
0.900 0.050 0.5084181604431502
0.900 0.100 0.507981648533628
0.900 0.150 0.5079227688187506
0.900 0.200 0.5076612807399182
0.900 0.250 0.5076321113439018
0.900 0.300 0.5073874513649757
0.900 0.350 0.5073477117773721
0.900 0.400 0.507206009558117
0.900 0.450 0.5071752076636086
0.900 0.500 0.5071119784953798
0.900 0.550 0.5070975466160227
0.900 0.600 0.5070027940345365
0.900 0.650 0.5069496034812786
0.900 0.700 0.5069379104300353
0.900 0.750 0.5071905995399287
0.900 0.800 0.5071002883667596
0.900 0.850 0.5070237416819802
0.900 0.900 0.5067741978750221
0.900 0.950 0.5067896951590982
0.900 1.000 0.5066454998345249
0.950 0.050 0.5169191496621686
0.950 0.100 0.5083316917302102
0.950 0.150 0.5081954276679297
0.950 0.200 0.508076079050062
0.950 0.250 0.5080126969758789
0.950 0.300 0.5079449150965989
0.950 0.350 0.5079012771184679
0.950 0.400 0.5085987693380847
0.950 0.450 0.5085212755514438
0.950 0.500 0.5081706910486268
0.950 0.550 0.5084655052902207
0.950 0.600 0.5084362563079162
0.950 0.650 0.5083764669291747
0.950 0.700 0.5083739403710748
0.950 0.750 0.5076394598342808
0.950 0.800 0.5074527047031433
0.950 0.850 0.507377388120041
0.950 0.900 0.5073755347151765
0.950 0.950 0.5073673996966661
0.950 1.000 0.5071123754072853
1.000 0.050 0.50937524275895
1.000 0.100 0.5084456705074553
1.000 0.150 0.5081650390972767
1.000 0.200 0.5082259842613172
1.000 0.250 0.5079124235486769
1.000 0.300 0.5078674213951917
1.000 0.350 0.5078237834356515
1.000 0.400 0.508257835822816
1.000 0.450 0.508257835822816
1.000 0.500 0.5081706910486268
1.000 0.550 0.5084557332493402
1.000 0.600 0.5084362563079162
1.000 0.650 0.5083764669291747
1.000 0.700 0.5083739403710748
1.000 0.750 0.5078601548129942
1.000 0.800 0.5075376322731019
1.000 0.850 0.5074633843146754
1.000 0.900 0.50759820558682
1.000 0.950 0.5075902151830749
1.000 1.000 0.5072791902711643
