0.050 0.050 0.007 1485.0
0.050 0.100 0.007 1485.0
0.050 0.150 0.007 1485.0
0.050 0.200 0.007 1485.0
0.050 0.250 0.007 1485.0
0.050 0.300 0.007 1485.0
0.050 0.350 0.007 1486.0
0.050 0.400 0.007 1491.0
0.050 0.450 0.007 1491.0
0.050 0.500 0.007 1491.0
0.050 0.550 0.007 1491.0
0.050 0.600 0.007 1491.0
0.050 0.650 0.007 1491.0
0.050 0.700 0.007 1491.0
0.050 0.750 0.007 1491.0
0.050 0.800 0.007 1491.0
0.050 0.850 0.007 1498.0
0.050 0.900 0.007 1498.0
0.050 0.950 0.007 1498.0
0.050 1.000 0.007 1498.0
0.100 0.050 0.007 1485.0
0.100 0.100 0.007 1485.0
0.100 0.150 0.007 1485.0
0.100 0.200 0.007 1485.0
0.100 0.250 0.007 1485.0
0.100 0.300 0.007 1485.0
0.100 0.350 0.007 1486.0
0.100 0.400 0.007 1491.0
0.100 0.450 0.007 1491.0
0.100 0.500 0.007 1491.0
0.100 0.550 0.007 1491.0
0.100 0.600 0.007 1491.0
0.100 0.650 0.007 1491.0
0.100 0.700 0.007 1491.0
0.100 0.750 0.007 1491.0
0.100 0.800 0.007 1491.0
0.100 0.850 0.007 1498.0
0.100 0.900 0.007 1498.0
0.100 0.950 0.007 1498.0
0.100 1.000 0.007 1498.0
0.150 0.050 0.007 1350.0
0.150 0.100 0.007 1352.0
0.150 0.150 0.007 1358.0
0.150 0.200 0.007 1368.0
0.150 0.250 0.007 1378.0
0.150 0.300 0.007 1380.0
0.150 0.350 0.007 1380.0
0.150 0.400 0.007 1385.0
0.150 0.450 0.007 1385.0
0.150 0.500 0.007 1397.0
0.150 0.550 0.007 1416.0
0.150 0.600 0.007 1421.0
0.150 0.650 0.007 1421.0
0.150 0.700 0.007 1411.0
0.150 0.750 0.007 1438.0
0.150 0.800 0.007 1438.0
0.150 0.850 0.007 1441.0
0.150 0.900 0.007 1446.0
0.150 0.950 0.007 1446.0
0.150 1.000 0.007 1431.0
0.200 0.050 0.007 1331.0
0.200 0.100 0.007 1333.0
0.200 0.150 0.007 1339.0
0.200 0.200 0.007 1345.0
0.200 0.250 0.007 1351.0
0.200 0.300 0.007 1355.0
0.200 0.350 0.007 1355.0
0.200 0.400 0.007 1390.0
0.200 0.450 0.007 1390.0
0.200 0.500 0.007 1401.0
0.200 0.550 0.007 1406.0
0.200 0.600 0.007 1416.0
0.200 0.650 0.007 1416.0
0.200 0.700 0.007 1419.0
0.200 0.750 0.007 1451.0
0.200 0.800 0.007 1451.0
0.200 0.850 0.007 1454.0
0.200 0.900 0.007 1459.0
0.200 0.950 0.007 1459.0
0.200 1.000 0.007 1440.0
0.250 0.050 0.007 941.0
0.250 0.100 0.007 933.0
0.250 0.150 0.007 938.0
0.250 0.200 0.007 952.0
0.250 0.250 0.007 962.0
0.250 0.300 0.007 979.0
0.250 0.350 0.007 982.0
0.250 0.400 0.007 1055.0
0.250 0.450 0.007 1061.0
0.250 0.500 0.007 1108.0
0.250 0.550 0.007 1109.0
0.250 0.600 0.007 1120.0
0.250 0.650 0.007 1111.0
0.250 0.700 0.007 1115.0
0.250 0.750 0.007 1177.0
0.250 0.800 0.007 1177.0
0.250 0.850 0.007 1177.0
0.250 0.900 0.007 1200.0
0.250 0.950 0.007 1209.0
0.250 1.000 0.007 1147.0
0.300 0.050 0.007 939.0
0.300 0.100 0.007 939.0
0.300 0.150 0.007 946.0
0.300 0.200 0.007 981.0
0.300 0.250 0.007 988.0
0.300 0.300 0.007 1004.0
0.300 0.350 0.007 1004.0
0.300 0.400 0.007 1089.0
0.300 0.450 0.007 1095.0
0.300 0.500 0.007 1105.0
0.300 0.550 0.007 1113.0
0.300 0.600 0.007 1119.0
0.300 0.650 0.007 1119.0
0.300 0.700 0.007 1123.0
0.300 0.750 0.007 1185.0
0.300 0.800 0.007 1185.0
0.300 0.850 0.007 1185.0
0.300 0.900 0.007 1195.0
0.300 0.950 0.007 1207.0
0.300 1.000 0.007 1167.0
0.350 0.050 0.007 999.0
0.350 0.100 0.007 1004.0
0.350 0.150 0.007 1013.0
0.350 0.200 0.007 1030.0
0.350 0.250 0.007 1037.0
0.350 0.300 0.007 1050.0
0.350 0.350 0.007 1053.0
0.350 0.400 0.007 1078.0
0.350 0.450 0.007 1084.0
0.350 0.500 0.007 1105.0
0.350 0.550 0.007 1113.0
0.350 0.600 0.007 1119.0
0.350 0.650 0.007 1119.0
0.350 0.700 0.007 1123.0
0.350 0.750 0.007 1185.0
0.350 0.800 0.007 1185.0
0.350 0.850 0.007 1185.0
0.350 0.900 0.007 1195.0
0.350 0.950 0.007 1207.0
0.350 1.000 0.007 1149.0
0.400 0.050 0.007 978.0
0.400 0.100 0.007 986.0
0.400 0.150 0.007 995.0
0.400 0.200 0.007 1015.0
0.400 0.250 0.007 1022.0
0.400 0.300 0.007 1032.0
0.400 0.350 0.007 1035.0
0.400 0.400 0.007 1046.0
0.400 0.450 0.007 1052.0
0.400 0.500 0.007 1074.0
0.400 0.550 0.007 1081.0
0.400 0.600 0.007 1087.0
0.400 0.650 0.007 1087.0
0.400 0.700 0.007 1091.0
0.400 0.750 0.007 1105.0
0.400 0.800 0.007 1105.0
0.400 0.850 0.007 1105.0
0.400 0.900 0.007 1115.0
0.400 0.950 0.007 1127.0
0.400 1.000 0.007 1154.0
0.450 0.050 0.007 985.0
0.450 0.100 0.007 993.0
0.450 0.150 0.007 1002.0
0.450 0.200 0.007 1026.0
0.450 0.250 0.007 1033.0
0.450 0.300 0.007 1052.0
0.450 0.350 0.007 1055.0
0.450 0.400 0.007 1051.0
0.450 0.450 0.007 1061.0
0.450 0.500 0.007 1083.0
0.450 0.550 0.007 1091.0
0.450 0.600 0.007 1097.0
0.450 0.650 0.007 1097.0
0.450 0.700 0.007 1100.0
0.450 0.750 0.007 1142.0
0.450 0.800 0.007 1142.0
0.450 0.850 0.007 1142.0
0.450 0.900 0.007 1147.0
0.450 0.950 0.007 1159.0
0.450 1.000 0.007 1158.0
0.500 0.050 0.007 985.0
0.500 0.100 0.007 989.0
0.500 0.150 0.007 998.0
0.500 0.200 0.007 1026.0
0.500 0.250 0.007 1037.0
0.500 0.300 0.007 1033.0
0.500 0.350 0.007 1036.0
0.500 0.400 0.007 1061.0
0.500 0.450 0.007 1062.0
0.500 0.500 0.007 1087.0
0.500 0.550 0.007 1095.0
0.500 0.600 0.007 1101.0
0.500 0.650 0.007 1101.0
0.500 0.700 0.007 1104.0
0.500 0.750 0.007 1146.0
0.500 0.800 0.007 1146.0
0.500 0.850 0.007 1149.0
0.500 0.900 0.007 1154.0
0.500 0.950 0.007 1166.0
0.500 1.000 0.007 1169.0
0.550 0.050 0.007 983.0
0.550 0.100 0.007 990.0
0.550 0.150 0.007 999.0
0.550 0.200 0.007 1020.0
0.550 0.250 0.007 1029.0
0.550 0.300 0.007 1039.0
0.550 0.350 0.007 1050.0
0.550 0.400 0.007 1069.0
0.550 0.450 0.007 1069.0
0.550 0.500 0.007 1084.0
0.550 0.550 0.007 1090.0
0.550 0.600 0.007 1096.0
0.550 0.650 0.007 1099.0
0.550 0.700 0.007 1115.0
0.550 0.750 0.007 1139.0
0.550 0.800 0.007 1140.0
0.550 0.850 0.007 1147.0
0.550 0.900 0.007 1132.0
0.550 0.950 0.007 1141.0
0.550 1.000 0.007 1125.0
0.600 0.050 0.007 931.0
0.600 0.100 0.007 941.0
0.600 0.150 0.007 949.0
0.600 0.200 0.007 969.0
0.600 0.250 0.007 979.0
0.600 0.300 0.007 995.0
0.600 0.350 0.007 1005.0
0.600 0.400 0.007 1064.0
0.600 0.450 0.007 1064.0
0.600 0.500 0.007 1087.0
0.600 0.550 0.007 1092.0
0.600 0.600 0.007 1098.0
0.600 0.650 0.007 1096.0
0.600 0.700 0.007 1103.0
0.600 0.750 0.007 1115.0
0.600 0.800 0.007 1115.0
0.600 0.850 0.007 1097.0
0.600 0.900 0.007 1100.0
0.600 0.950 0.007 1109.0
0.600 1.000 0.007 1125.0
0.650 0.050 0.007 938.0
0.650 0.100 0.007 946.0
0.650 0.150 0.007 954.0
0.650 0.200 0.007 1010.0
0.650 0.250 0.007 1020.0
0.650 0.300 0.007 1040.0
0.650 0.350 0.007 1067.0
0.650 0.400 0.007 1068.0
0.650 0.450 0.007 1068.0
0.650 0.500 0.007 1091.0
0.650 0.550 0.007 1096.0
0.650 0.600 0.007 1102.0
0.650 0.650 0.007 1100.0
0.650 0.700 0.007 1107.0
0.650 0.750 0.007 1129.0
0.650 0.800 0.007 1129.0
0.650 0.850 0.007 1107.0
0.650 0.900 0.007 1143.0
0.650 0.950 0.007 1148.0
0.650 1.000 0.007 1154.0
0.700 0.050 0.007 971.0
0.700 0.100 0.007 981.0
0.700 0.150 0.007 989.0
0.700 0.200 0.007 1008.0
0.700 0.250 0.007 1017.0
0.700 0.300 0.007 1025.0
0.700 0.350 0.007 1026.0
0.700 0.400 0.007 1041.0
0.700 0.450 0.007 1060.0
0.700 0.500 0.007 1078.0
0.700 0.550 0.007 1093.0
0.700 0.600 0.007 1100.0
0.700 0.650 0.007 1097.0
0.700 0.700 0.007 1105.0
0.700 0.750 0.007 1130.0
0.700 0.800 0.007 1130.0
0.700 0.850 0.007 1128.0
0.700 0.900 0.007 1126.0
0.700 0.950 0.007 1135.0
0.700 1.000 0.007 1170.0
0.750 0.050 0.007 974.0
0.750 0.100 0.007 985.0
0.750 0.150 0.007 1001.0
0.750 0.200 0.007 1011.0
0.750 0.250 0.007 1017.0
0.750 0.300 0.007 1026.0
0.750 0.350 0.007 1024.0
0.750 0.400 0.007 1044.0
0.750 0.450 0.007 1059.0
0.750 0.500 0.007 1075.0
0.750 0.550 0.007 1098.0
0.750 0.600 0.007 1105.0
0.750 0.650 0.007 1102.0
0.750 0.700 0.007 1107.0
0.750 0.750 0.007 1130.0
0.750 0.800 0.007 1130.0
0.750 0.850 0.007 1128.0
0.750 0.900 0.007 1126.0
0.750 0.950 0.007 1135.0
0.750 1.000 0.007 1170.0
0.800 0.050 0.007 971.0
0.800 0.100 0.007 981.0
0.800 0.150 0.007 990.0
0.800 0.200 0.007 1021.0
0.800 0.250 0.007 1028.0
0.800 0.300 0.007 1034.0
0.800 0.350 0.007 1032.0
0.800 0.400 0.007 1052.0
0.800 0.450 0.007 1067.0
0.800 0.500 0.007 1081.0
0.800 0.550 0.007 1114.0
0.800 0.600 0.007 1121.0
0.800 0.650 0.007 1121.0
0.800 0.700 0.007 1126.0
0.800 0.750 0.007 1150.0
0.800 0.800 0.007 1150.0
0.800 0.850 0.007 1148.0
0.800 0.900 0.007 1146.0
0.800 0.950 0.007 1155.0
0.800 1.000 0.007 1190.0
0.850 0.050 0.007 983.0
0.850 0.100 0.007 994.0
0.850 0.150 0.007 1009.0
0.850 0.200 0.007 1017.0
0.850 0.250 0.007 1027.0
0.850 0.300 0.007 1039.0
0.850 0.350 0.007 1037.0
0.850 0.400 0.007 1068.0
0.850 0.450 0.007 1078.0
0.850 0.500 0.007 1093.0
0.850 0.550 0.007 1116.0
0.850 0.600 0.007 1123.0
0.850 0.650 0.007 1123.0
0.850 0.700 0.007 1126.0
0.850 0.750 0.007 1150.0
0.850 0.800 0.007 1150.0
0.850 0.850 0.007 1148.0
0.850 0.900 0.007 1153.0
0.850 0.950 0.007 1162.0
0.850 1.000 0.007 1197.0
0.900 0.050 0.007 751.0
0.900 0.100 0.007 758.0
0.900 0.150 0.007 770.0
0.900 0.200 0.007 834.0
0.900 0.250 0.007 846.0
0.900 0.300 0.007 858.0
0.900 0.350 0.007 863.0
0.900 0.400 0.007 899.0
0.900 0.450 0.007 909.0
0.900 0.500 0.007 889.0
0.900 0.550 0.007 941.0
0.900 0.600 0.007 947.0
0.900 0.650 0.007 947.0
0.900 0.700 0.007 950.0
0.900 0.750 0.007 962.0
0.900 0.800 0.007 962.0
0.900 0.850 0.007 1006.0
0.900 0.900 0.007 982.0
0.900 0.950 0.007 991.0
0.900 1.000 0.007 1069.0
0.950 0.050 0.007 794.0
0.950 0.100 0.007 805.0
0.950 0.150 0.007 820.0
0.950 0.200 0.007 839.0
0.950 0.250 0.007 851.0
0.950 0.300 0.007 865.0
0.950 0.350 0.007 873.0
0.950 0.400 0.007 899.0
0.950 0.450 0.007 909.0
0.950 0.500 0.007 901.0
0.950 0.550 0.007 941.0
0.950 0.600 0.007 947.0
0.950 0.650 0.007 947.0
0.950 0.700 0.007 950.0
0.950 0.750 0.007 962.0
0.950 0.800 0.007 962.0
0.950 0.850 0.007 1006.0
0.950 0.900 0.007 982.0
0.950 0.950 0.007 991.0
0.950 1.000 0.007 1069.0
1.000 0.050 0.007 876.0
1.000 0.100 0.007 880.0
1.000 0.150 0.007 891.0
1.000 0.200 0.007 912.0
1.000 0.250 0.007 925.0
1.000 0.300 0.007 935.0
1.000 0.350 0.007 938.0
1.000 0.400 0.007 964.0
1.000 0.450 0.007 974.0
1.000 0.500 0.007 999.0
1.000 0.550 0.007 1006.0
1.000 0.600 0.007 1012.0
1.000 0.650 0.007 1012.0
1.000 0.700 0.007 1015.0
1.000 0.750 0.007 1027.0
1.000 0.800 0.007 1027.0
1.000 0.850 0.007 1056.0
1.000 0.900 0.007 1066.0
1.000 0.950 0.007 1075.0
1.000 1.000 0.007 1092.0
