0.050 0.050 0.49905059963127996
0.050 0.100 0.49905059963127996
0.050 0.150 0.49905059963127996
0.050 0.200 0.49905059963127996
0.050 0.250 0.49905059963127996
0.050 0.300 0.49905059963127996
0.050 0.350 0.49905059963127996
0.050 0.400 0.49905059963127996
0.050 0.450 0.49905059963127996
0.050 0.500 0.49905059963127996
0.050 0.550 0.49905059963127996
0.050 0.600 0.49905059963127996
0.050 0.650 0.49905059963127996
0.050 0.700 0.49905059963127996
0.050 0.750 0.49905059963127996
0.050 0.800 0.49905059963127996
0.050 0.850 0.49905059963127996
0.050 0.900 0.49905059963127996
0.050 0.950 0.4990344942276676
0.050 1.000 0.4990344942276676
0.100 0.050 0.49905059963127996
0.100 0.100 0.49905059963127996
0.100 0.150 0.49905059963127996
0.100 0.200 0.49905059963127996
0.100 0.250 0.49905059963127996
0.100 0.300 0.49905059963127996
0.100 0.350 0.49905059963127996
0.100 0.400 0.49905059963127996
0.100 0.450 0.49905059963127996
0.100 0.500 0.49905059963127996
0.100 0.550 0.49905059963127996
0.100 0.600 0.49905059963127996
0.100 0.650 0.49905059963127996
0.100 0.700 0.49905059963127996
0.100 0.750 0.49905059963127996
0.100 0.800 0.49905059963127996
0.100 0.850 0.49905059963127996
0.100 0.900 0.49905059963127996
0.100 0.950 0.4990344942276676
0.100 1.000 0.4990344942276676
0.150 0.050 0.49932277496572797
0.150 0.100 0.49932277496572797
0.150 0.150 0.4993210356360406
0.150 0.200 0.4993143132960996
0.150 0.250 0.4993143132960996
0.150 0.300 0.49931018449588305
0.150 0.350 0.4991977702881651
0.150 0.400 0.4992498833661083
0.150 0.450 0.4992431837978422
0.150 0.500 0.4992133211130817
0.150 0.550 0.4991848891056826
0.150 0.600 0.4990473752843725
0.150 0.650 0.4990473752843725
0.150 0.700 0.4990473752843725
0.150 0.750 0.4990315408952974
0.150 0.800 0.4989964315121972
0.150 0.850 0.4989964315121972
0.150 0.900 0.49895507636454217
0.150 0.950 0.49894621355866026
0.150 1.000 0.49894621355866026
0.200 0.050 0.5001816561459164
0.200 0.100 0.5001816561459164
0.200 0.150 0.5000681861404261
0.200 0.200 0.5000404205800643
0.200 0.250 0.5000404205800643
0.200 0.300 0.49999512127409595
0.200 0.350 0.49982131810283437
0.200 0.400 0.5002354427719775
0.200 0.450 0.5006352426041877
0.200 0.500 0.5006143324265476
0.200 0.550 0.49976137842025636
0.200 0.600 0.49967448088476807
0.200 0.650 0.4996426405733464
0.200 0.700 0.49959963088520526
0.200 0.750 0.49930132200373734
0.200 0.800 0.4992478658283906
0.200 0.850 0.4992334134276468
0.200 0.900 0.4991436392293818
0.200 0.950 0.4991436392293818
0.200 1.000 0.49907266987882226
0.250 0.050 0.500118073184115
0.250 0.100 0.500118073184115
0.250 0.150 0.49996928926329
0.250 0.200 0.4999590731248344
0.250 0.250 0.4999590731248344
0.250 0.300 0.4999580642491443
0.250 0.350 0.4998445816242108
0.250 0.400 0.5000484512316986
0.250 0.450 0.5000484512316986
0.250 0.500 0.4998751759678935
0.250 0.550 0.4996167853874248
0.250 0.600 0.4996552139083594
0.250 0.650 0.4996235427494032
0.250 0.700 0.49958053308610184
0.250 0.750 0.4993210393430659
0.250 0.800 0.49926766896794045
0.250 0.850 0.4992532165671967
0.250 0.900 0.4991436392293818
0.250 0.950 0.4991436392293818
0.250 1.000 0.4990408188459452
0.300 0.050 0.5018776199811629
0.300 0.100 0.5018776199811629
0.300 0.150 0.5018343494193749
0.300 0.200 0.5010046034807081
0.300 0.250 0.5009754368697582
0.300 0.300 0.5005723116163229
0.300 0.350 0.500765283452252
0.300 0.400 0.5008881421386093
0.300 0.450 0.5004103413081346
0.300 0.500 0.500316852403929
0.300 0.550 0.500135480745957
0.300 0.600 0.5002595166492033
0.300 0.650 0.5002595166492033
0.300 0.700 0.5002122864307438
0.300 0.750 0.5001579408915252
0.300 0.800 0.5001309974007236
0.300 0.850 0.5001266850688957
0.300 0.900 0.5000010241929983
0.300 0.950 0.5000010241929983
0.300 1.000 0.4999958583312162
0.350 0.050 0.49968536759667687
0.350 0.100 0.49968536759667687
0.350 0.150 0.4996837276898635
0.350 0.200 0.4996791744129927
0.350 0.250 0.4996791744129927
0.350 0.300 0.4996791744129927
0.350 0.350 0.49952353566775787
0.350 0.400 0.49939945608934916
0.350 0.450 0.49938316462545124
0.350 0.500 0.499361087208672
0.350 0.550 0.4992511740642252
0.350 0.600 0.49928599064978385
0.350 0.650 0.49928599064978385
0.350 0.700 0.49928599064978385
0.350 0.750 0.49929372598578853
0.350 0.800 0.49929372598578853
0.350 0.850 0.49926891150424274
0.350 0.900 0.4990965920180577
0.350 0.950 0.4990965920180577
0.350 1.000 0.4990333901351141
0.400 0.050 0.5019424815574145
0.400 0.100 0.5019424815574145
0.400 0.150 0.5018870077911486
0.400 0.200 0.502069317863049
0.400 0.250 0.5020651890628325
0.400 0.300 0.502080818476676
0.400 0.350 0.5020657977402703
0.400 0.400 0.5008138254694449
0.400 0.450 0.5008122328148165
0.400 0.500 0.5007622919789992
0.400 0.550 0.5013623454927864
0.400 0.600 0.5007685849294106
0.400 0.650 0.5006946005517164
0.400 0.700 0.5007685849294106
0.400 0.750 0.500438059184585
0.400 0.800 0.5003653070995311
0.400 0.850 0.5003508574528668
0.400 0.900 0.5002905462421738
0.400 0.950 0.5002905462421738
0.400 1.000 0.5001992743434504
0.450 0.050 0.5010100687429221
0.450 0.100 0.5010100687429221
0.450 0.150 0.5010038755425973
0.450 0.200 0.5010268048054418
0.450 0.250 0.5010226760052252
0.450 0.300 0.5010164892603858
0.450 0.350 0.5010712908714396
0.450 0.400 0.5008629196121821
0.450 0.450 0.5008505490360016
0.450 0.500 0.5008286846972689
0.450 0.550 0.5007411235872616
0.450 0.600 0.5007138750076459
0.450 0.650 0.5006921483635707
0.450 0.700 0.5006473312941335
0.450 0.750 0.5003939905575989
0.450 0.800 0.5003436593640619
0.450 0.850 0.5003292097173976
0.450 0.900 0.5002838140281396
0.450 0.950 0.5002838140281396
0.450 1.000 0.5002071358846193
0.500 0.050 0.5011170465676651
0.500 0.100 0.5011170465676651
0.500 0.150 0.5010471708378987
0.500 0.200 0.5011074255309916
0.500 0.250 0.5010932691162732
0.500 0.300 0.5010605518130301
0.500 0.350 0.5009541817007598
0.500 0.400 0.5006583261599883
0.500 0.450 0.5006459503380994
0.500 0.500 0.5006248258571744
0.500 0.550 0.500564945654545
0.500 0.600 0.5005592633099573
0.500 0.650 0.5005592633099573
0.500 0.700 0.5006419543591316
0.500 0.750 0.5003996830973652
0.500 0.800 0.5003243999584297
0.500 0.850 0.5003099503117654
0.500 0.900 0.5002838140281396
0.500 0.950 0.5002838140281396
0.500 1.000 0.5002071358846193
0.550 0.050 0.5011170465676651
0.550 0.100 0.5011170465676651
0.550 0.150 0.5010471708378987
0.550 0.200 0.5010602199876966
0.550 0.250 0.5010572843782805
0.550 0.300 0.501020319834007
0.550 0.350 0.500978695579975
0.550 0.400 0.5007163894587991
0.550 0.450 0.5006633797614282
0.550 0.500 0.500642358496948
0.550 0.550 0.5005901739562745
0.550 0.600 0.5004687244359332
0.550 0.650 0.500496597412663
0.550 0.700 0.5004932640059974
0.550 0.750 0.5003792582351868
0.550 0.800 0.5003792582351868
0.550 0.850 0.5003648085885226
0.550 0.900 0.5002838140281396
0.550 0.950 0.5002838140281396
0.550 1.000 0.5002071358846193
0.600 0.050 0.5004319101805894
0.600 0.100 0.5004319101805894
0.600 0.150 0.5003766011737372
0.600 0.200 0.5004046323872922
0.600 0.250 0.5003815402184055
0.600 0.300 0.5003815402184055
0.600 0.350 0.5003523356630514
0.600 0.400 0.5000440429477512
0.600 0.450 0.5000399305209585
0.600 0.500 0.5000189038871862
0.600 0.550 0.4999482258773452
0.600 0.600 0.49968221117098977
0.600 0.650 0.49968221117098977
0.600 0.700 0.49967887776432407
0.600 0.750 0.49957434428436864
0.600 0.800 0.49957434428436864
0.600 0.850 0.49955989463770445
0.600 0.900 0.4994789609482546
0.600 0.950 0.4994789609482546
0.600 1.000 0.4994226724779124
0.650 0.050 0.4998129590895413
0.650 0.100 0.4998129590895413
0.650 0.150 0.4997635813144534
0.650 0.200 0.4996772674102688
0.650 0.250 0.49965966774809945
0.650 0.300 0.49964979740690235
0.650 0.350 0.4996244534632734
0.650 0.400 0.4998729510560362
0.650 0.450 0.4998454129838189
0.650 0.500 0.4998210203991228
0.650 0.550 0.4995892310616123
0.650 0.600 0.49944452685521273
0.650 0.650 0.49944452685521273
0.650 0.700 0.4994320730394521
0.650 0.750 0.49933312143621245
0.650 0.800 0.49933312143621245
0.650 0.850 0.49931867178954803
0.650 0.900 0.49922031193329114
0.650 0.950 0.49922031193329114
0.650 1.000 0.49918146265528957
0.700 0.050 0.5002075660020868
0.700 0.100 0.5002075660020868
0.700 0.150 0.5001822287921962
0.700 0.200 0.5000233780589793
0.700 0.250 0.499936333980132
0.700 0.300 0.4996247674716
0.700 0.350 0.4996172501312737
0.700 0.400 0.4996681962485491
0.700 0.450 0.499608345874956
0.700 0.500 0.4996344751511971
0.700 0.550 0.4995892310616123
0.700 0.600 0.49944452685521273
0.700 0.650 0.49944452685521273
0.700 0.700 0.4994320730394521
0.700 0.750 0.49933312143621245
0.700 0.800 0.49933312143621245
0.700 0.850 0.49931867178954803
0.700 0.900 0.4992957276961732
0.700 0.950 0.4992957276961732
0.700 1.000 0.49918146265528957
0.750 0.050 0.5007635280361792
0.750 0.100 0.5007635280361792
0.750 0.150 0.5002746934322062
0.750 0.200 0.5002190656294098
0.750 0.250 0.5001424993323443
0.750 0.300 0.4997942732880345
0.750 0.350 0.4997791924495076
0.750 0.400 0.49962536284028225
0.750 0.450 0.49962536284028225
0.750 0.500 0.49959005936448003
0.750 0.550 0.4995184964663426
0.750 0.600 0.49952889159238517
0.750 0.650 0.49952889159238517
0.750 0.700 0.4995172824987556
0.750 0.750 0.4995000818553743
0.750 0.800 0.4995000818553743
0.750 0.850 0.4993704369280161
0.750 0.900 0.4993551734614958
0.750 0.950 0.4993551734614958
0.750 1.000 0.4993296409301703
0.800 0.050 0.49935462324425633
0.800 0.100 0.49935462324425633
0.800 0.150 0.5012113723498927
0.800 0.200 0.5007986533228773
0.800 0.250 0.5009350143918463
0.800 0.300 0.49866133689101233
0.800 0.350 0.49862245396678545
0.800 0.400 0.4985651674948092
0.800 0.450 0.4985651674948092
0.800 0.500 0.49852406036638064
0.800 0.550 0.4985095047695703
0.800 0.600 0.49794970960347756
0.800 0.650 0.49794970960347756
0.800 0.700 0.4979384061066843
0.800 0.750 0.4979213292036989
0.800 0.800 0.4979213292036989
0.800 0.850 0.4977924466904872
0.800 0.900 0.49777744801895857
0.800 0.950 0.49777744801895857
0.800 1.000 0.49775225232909054
0.850 0.050 0.49880589071257725
0.850 0.100 0.49880589071257725
0.850 0.150 0.5002804082918036
0.850 0.200 0.49998308492433985
0.850 0.250 0.500059081471406
0.850 0.300 0.49949625317702245
0.850 0.350 0.4994732382827948
0.850 0.400 0.49799961400165693
0.850 0.450 0.49790191863901956
0.850 0.500 0.4980981605419748
0.850 0.550 0.49808395910819003
0.850 0.600 0.49794970960347756
0.850 0.650 0.49794970960347756
0.850 0.700 0.4979384061066843
0.850 0.750 0.4979213292036989
0.850 0.800 0.4979213292036989
0.850 0.850 0.4977924466904872
0.850 0.900 0.49777744801895857
0.850 0.950 0.49777744801895857
0.850 1.000 0.49775225232909054
0.900 0.050 0.49880589071257725
0.900 0.100 0.49880589071257725
0.900 0.150 0.5003441805635113
0.900 0.200 0.49998308492433985
0.900 0.250 0.500059081471406
0.900 0.300 0.49949625317702245
0.900 0.350 0.4994732382827948
0.900 0.400 0.49799961400165693
0.900 0.450 0.49790191863901956
0.900 0.500 0.4980981605419748
0.900 0.550 0.49808395910819003
0.900 0.600 0.49794970960347756
0.900 0.650 0.49794970960347756
0.900 0.700 0.4979384061066843
0.900 0.750 0.4979213292036989
0.900 0.800 0.4979213292036989
0.900 0.850 0.4977924466904872
0.900 0.900 0.49777744801895857
0.900 0.950 0.49777744801895857
0.900 1.000 0.49775225232909054
0.950 0.050 0.49881078382201416
0.950 0.100 0.49881078382201416
0.950 0.150 0.5005653975989037
0.950 0.200 0.5002244246526207
0.950 0.250 0.4998971800081662
0.950 0.300 0.49949471750396285
0.950 0.350 0.4994732382827948
0.950 0.400 0.49799961400165693
0.950 0.450 0.49790191863901956
0.950 0.500 0.4980981605419748
0.950 0.550 0.49808395910819003
0.950 0.600 0.49794970960347756
0.950 0.650 0.49794970960347756
0.950 0.700 0.4979384061066843
0.950 0.750 0.4979213292036989
0.950 0.800 0.4979213292036989
0.950 0.850 0.4977924466904872
0.950 0.900 0.49777744801895857
0.950 0.950 0.49777744801895857
0.950 1.000 0.49775225232909054
1.000 0.050 0.4990860962131482
1.000 0.100 0.4990860962131482
1.000 0.150 0.5009786555370335
1.000 0.200 0.5006391374059647
1.000 0.250 0.5001862959321756
1.000 0.300 0.49886054460410273
1.000 0.350 0.4988535959501657
1.000 0.400 0.4982282846303028
1.000 0.450 0.4981322689661295
1.000 0.500 0.49811146183113447
1.000 0.550 0.4980972258194152
1.000 0.600 0.4979928228527491
1.000 0.650 0.4979928228527491
1.000 0.700 0.497979719881736
1.000 0.750 0.49795731461684833
1.000 0.800 0.49795731461684833
1.000 0.850 0.4979777693595826
1.000 0.900 0.4979624561721759
1.000 0.950 0.4979624561721759
1.000 1.000 0.4979368295285107
