0.050 0.050 0.004 809.0
0.050 0.100 0.004 809.0
0.050 0.150 0.004 809.0
0.050 0.200 0.004 809.0
0.050 0.250 0.004 809.0
0.050 0.300 0.004 809.0
0.050 0.350 0.004 809.0
0.050 0.400 0.004 809.0
0.050 0.450 0.004 809.0
0.050 0.500 0.004 809.0
0.050 0.550 0.004 809.0
0.050 0.600 0.004 809.0
0.050 0.650 0.004 809.0
0.050 0.700 0.004 809.0
0.050 0.750 0.004 809.0
0.050 0.800 0.004 809.0
0.050 0.850 0.004 809.0
0.050 0.900 0.004 809.0
0.050 0.950 0.004 814.0
0.050 1.000 0.004 814.0
0.100 0.050 0.004 809.0
0.100 0.100 0.004 809.0
0.100 0.150 0.004 809.0
0.100 0.200 0.004 809.0
0.100 0.250 0.004 809.0
0.100 0.300 0.004 809.0
0.100 0.350 0.004 809.0
0.100 0.400 0.004 809.0
0.100 0.450 0.004 809.0
0.100 0.500 0.004 809.0
0.100 0.550 0.004 809.0
0.100 0.600 0.004 809.0
0.100 0.650 0.004 809.0
0.100 0.700 0.004 809.0
0.100 0.750 0.004 809.0
0.100 0.800 0.004 809.0
0.100 0.850 0.004 809.0
0.100 0.900 0.004 809.0
0.100 0.950 0.004 814.0
0.100 1.000 0.004 814.0
0.150 0.050 0.004 732.0
0.150 0.100 0.004 732.0
0.150 0.150 0.004 733.0
0.150 0.200 0.004 734.0
0.150 0.250 0.004 734.0
0.150 0.300 0.004 736.0
0.150 0.350 0.004 746.0
0.150 0.400 0.004 744.0
0.150 0.450 0.004 748.0
0.150 0.500 0.004 753.0
0.150 0.550 0.004 761.0
0.150 0.600 0.004 778.0
0.150 0.650 0.004 778.0
0.150 0.700 0.004 778.0
0.150 0.750 0.004 785.0
0.150 0.800 0.004 788.0
0.150 0.850 0.004 788.0
0.150 0.900 0.004 793.0
0.150 0.950 0.004 796.0
0.150 1.000 0.004 796.0
0.200 0.050 0.004 633.0
0.200 0.100 0.004 633.0
0.200 0.150 0.004 637.0
0.200 0.200 0.004 639.0
0.200 0.250 0.004 639.0
0.200 0.300 0.004 641.0
0.200 0.350 0.004 651.0
0.200 0.400 0.004 650.0
0.200 0.450 0.004 642.0
0.200 0.500 0.004 647.0
0.200 0.550 0.004 664.0
0.200 0.600 0.004 673.0
0.200 0.650 0.004 676.0
0.200 0.700 0.004 681.0
0.200 0.750 0.004 710.0
0.200 0.800 0.004 718.0
0.200 0.850 0.004 725.0
0.200 0.900 0.004 736.0
0.200 0.950 0.004 736.0
0.200 1.000 0.004 744.0
0.250 0.050 0.004 634.0
0.250 0.100 0.004 634.0
0.250 0.150 0.004 638.0
0.250 0.200 0.004 641.0
0.250 0.250 0.004 641.0
0.250 0.300 0.004 642.0
0.250 0.350 0.004 654.0
0.250 0.400 0.004 660.0
0.250 0.450 0.004 660.0
0.250 0.500 0.004 664.0
0.250 0.550 0.004 677.0
0.250 0.600 0.004 678.0
0.250 0.650 0.004 681.0
0.250 0.700 0.004 686.0
0.250 0.750 0.004 708.0
0.250 0.800 0.004 716.0
0.250 0.850 0.004 723.0
0.250 0.900 0.004 736.0
0.250 0.950 0.004 736.0
0.250 1.000 0.004 751.0
0.300 0.050 0.004 510.0
0.300 0.100 0.004 510.0
0.300 0.150 0.004 520.0
0.300 0.200 0.004 520.0
0.300 0.250 0.004 522.0
0.300 0.300 0.004 534.0
0.300 0.350 0.004 521.0
0.300 0.400 0.004 524.0
0.300 0.450 0.004 535.0
0.300 0.500 0.004 546.0
0.300 0.550 0.004 546.0
0.300 0.600 0.004 574.0
0.300 0.650 0.004 574.0
0.300 0.700 0.004 581.0
0.300 0.750 0.004 600.0
0.300 0.800 0.004 602.0
0.300 0.850 0.004 614.0
0.300 0.900 0.004 621.0
0.300 0.950 0.004 621.0
0.300 1.000 0.004 624.0
0.350 0.050 0.004 693.0
0.350 0.100 0.004 693.0
0.350 0.150 0.004 694.0
0.350 0.200 0.004 696.0
0.350 0.250 0.004 696.0
0.350 0.300 0.004 696.0
0.350 0.350 0.004 700.0
0.350 0.400 0.004 714.0
0.350 0.450 0.004 718.0
0.350 0.500 0.004 723.0
0.350 0.550 0.004 731.0
0.350 0.600 0.004 732.0
0.350 0.650 0.004 732.0
0.350 0.700 0.004 732.0
0.350 0.750 0.004 739.0
0.350 0.800 0.004 739.0
0.350 0.850 0.004 751.0
0.350 0.900 0.004 766.0
0.350 0.950 0.004 766.0
0.350 1.000 0.004 771.0
0.400 0.050 0.004 492.0
0.400 0.100 0.004 492.0
0.400 0.150 0.004 495.0
0.400 0.200 0.004 495.0
0.400 0.250 0.004 497.0
0.400 0.300 0.004 499.0
0.400 0.350 0.004 503.0
0.400 0.400 0.004 538.0
0.400 0.450 0.004 539.0
0.400 0.500 0.004 545.0
0.400 0.550 0.004 548.0
0.400 0.600 0.004 560.0
0.400 0.650 0.004 560.0
0.400 0.700 0.004 560.0
0.400 0.750 0.004 583.0
0.400 0.800 0.004 591.0
0.400 0.850 0.004 598.0
0.400 0.900 0.004 610.0
0.400 0.950 0.004 610.0
0.400 1.000 0.004 624.0
0.450 0.050 0.004 500.0
0.450 0.100 0.004 500.0
0.450 0.150 0.004 503.0
0.450 0.200 0.004 498.0
0.450 0.250 0.004 500.0
0.450 0.300 0.004 503.0
0.450 0.350 0.004 518.0
0.450 0.400 0.004 542.0
0.450 0.450 0.004 548.0
0.450 0.500 0.004 553.0
0.450 0.550 0.004 557.0
0.450 0.600 0.004 560.0
0.450 0.650 0.004 563.0
0.450 0.700 0.004 568.0
0.450 0.750 0.004 589.0
0.450 0.800 0.004 592.0
0.450 0.850 0.004 599.0
0.450 0.900 0.004 604.0
0.450 0.950 0.004 604.0
0.450 1.000 0.004 622.0
0.500 0.050 0.004 497.0
0.500 0.100 0.004 497.0
0.500 0.150 0.004 500.0
0.500 0.200 0.004 500.0
0.500 0.250 0.004 502.0
0.500 0.300 0.004 506.0
0.500 0.350 0.004 517.0
0.500 0.400 0.004 548.0
0.500 0.450 0.004 554.0
0.500 0.500 0.004 559.0
0.500 0.550 0.004 563.0
0.500 0.600 0.004 566.0
0.500 0.650 0.004 566.0
0.500 0.700 0.004 564.0
0.500 0.750 0.004 586.0
0.500 0.800 0.004 592.0
0.500 0.850 0.004 599.0
0.500 0.900 0.004 604.0
0.500 0.950 0.004 604.0
0.500 1.000 0.004 622.0
0.550 0.050 0.004 497.0
0.550 0.100 0.004 497.0
0.550 0.150 0.004 500.0
0.550 0.200 0.004 508.0
0.550 0.250 0.004 509.0
0.550 0.300 0.004 512.0
0.550 0.350 0.004 521.0
0.550 0.400 0.004 543.0
0.550 0.450 0.004 549.0
0.550 0.500 0.004 554.0
0.550 0.550 0.004 556.0
0.550 0.600 0.004 579.0
0.550 0.650 0.004 574.0
0.550 0.700 0.004 577.0
0.550 0.750 0.004 588.0
0.550 0.800 0.004 588.0
0.550 0.850 0.004 595.0
0.550 0.900 0.004 604.0
0.550 0.950 0.004 604.0
0.550 1.000 0.004 622.0
0.600 0.050 0.004 504.0
0.600 0.100 0.004 504.0
0.600 0.150 0.004 507.0
0.600 0.200 0.004 512.0
0.600 0.250 0.004 514.0
0.600 0.300 0.004 514.0
0.600 0.350 0.004 523.0
0.600 0.400 0.004 550.0
0.600 0.450 0.004 551.0
0.600 0.500 0.004 556.0
0.600 0.550 0.004 565.0
0.600 0.600 0.004 597.0
0.600 0.650 0.004 597.0
0.600 0.700 0.004 600.0
0.600 0.750 0.004 615.0
0.600 0.800 0.004 615.0
0.600 0.850 0.004 622.0
0.600 0.900 0.004 631.0
0.600 0.950 0.004 631.0
0.600 1.000 0.004 640.0
0.650 0.050 0.004 582.0
0.650 0.100 0.004 582.0
0.650 0.150 0.004 586.0
0.650 0.200 0.004 592.0
0.650 0.250 0.004 594.0
0.650 0.300 0.004 599.0
0.650 0.350 0.004 606.0
0.650 0.400 0.004 618.0
0.650 0.450 0.004 622.0
0.650 0.500 0.004 628.0
0.650 0.550 0.004 639.0
0.650 0.600 0.004 662.0
0.650 0.650 0.004 662.0
0.650 0.700 0.004 665.0
0.650 0.750 0.004 676.0
0.650 0.800 0.004 676.0
0.650 0.850 0.004 683.0
0.650 0.900 0.004 697.0
0.650 0.950 0.004 697.0
0.650 1.000 0.004 702.0
0.700 0.050 0.004 574.0
0.700 0.100 0.004 574.0
0.700 0.150 0.004 578.0
0.700 0.200 0.004 585.0
0.700 0.250 0.004 587.0
0.700 0.300 0.004 601.0
0.700 0.350 0.004 607.0
0.700 0.400 0.004 625.0
0.700 0.450 0.004 630.0
0.700 0.500 0.004 632.0
0.700 0.550 0.004 639.0
0.700 0.600 0.004 662.0
0.700 0.650 0.004 662.0
0.700 0.700 0.004 665.0
0.700 0.750 0.004 676.0
0.700 0.800 0.004 676.0
0.700 0.850 0.004 683.0
0.700 0.900 0.004 688.0
0.700 0.950 0.004 688.0
0.700 1.000 0.004 702.0
0.750 0.050 0.004 566.0
0.750 0.100 0.004 566.0
0.750 0.150 0.004 571.0
0.750 0.200 0.004 575.0
0.750 0.250 0.004 577.0
0.750 0.300 0.004 588.0
0.750 0.350 0.004 594.0
0.750 0.400 0.004 617.0
0.750 0.450 0.004 617.0
0.750 0.500 0.004 622.0
0.750 0.550 0.004 633.0
0.750 0.600 0.004 615.0
0.750 0.650 0.004 615.0
0.750 0.700 0.004 618.0
0.750 0.750 0.004 627.0
0.750 0.800 0.004 627.0
0.750 0.850 0.004 636.0
0.750 0.900 0.004 641.0
0.750 0.950 0.004 641.0
0.750 1.000 0.004 644.0
0.800 0.050 0.004 478.0
0.800 0.100 0.004 478.0
0.800 0.150 0.004 456.0
0.800 0.200 0.004 462.0
0.800 0.250 0.004 461.0
0.800 0.300 0.004 512.0
0.800 0.350 0.004 516.0
0.800 0.400 0.004 533.0
0.800 0.450 0.004 533.0
0.800 0.500 0.004 541.0
0.800 0.550 0.004 544.0
0.800 0.600 0.004 578.0
0.800 0.650 0.004 578.0
0.800 0.700 0.004 581.0
0.800 0.750 0.004 590.0
0.800 0.800 0.004 590.0
0.800 0.850 0.004 599.0
0.800 0.900 0.004 604.0
0.800 0.950 0.004 604.0
0.800 1.000 0.004 607.0
0.850 0.050 0.004 499.0
0.850 0.100 0.004 499.0
0.850 0.150 0.004 500.0
0.850 0.200 0.004 508.0
0.850 0.250 0.004 510.0
0.850 0.300 0.004 466.0
0.850 0.350 0.004 471.0
0.850 0.400 0.004 545.0
0.850 0.450 0.004 554.0
0.850 0.500 0.004 552.0
0.850 0.550 0.004 555.0
0.850 0.600 0.004 578.0
0.850 0.650 0.004 578.0
0.850 0.700 0.004 581.0
0.850 0.750 0.004 590.0
0.850 0.800 0.004 590.0
0.850 0.850 0.004 599.0
0.850 0.900 0.004 604.0
0.850 0.950 0.004 604.0
0.850 1.000 0.004 607.0
0.900 0.050 0.004 499.0
0.900 0.100 0.004 499.0
0.900 0.150 0.004 500.0
0.900 0.200 0.004 508.0
0.900 0.250 0.004 510.0
0.900 0.300 0.004 466.0
0.900 0.350 0.004 471.0
0.900 0.400 0.004 545.0
0.900 0.450 0.004 554.0
0.900 0.500 0.004 552.0
0.900 0.550 0.004 555.0
0.900 0.600 0.004 578.0
0.900 0.650 0.004 578.0
0.900 0.700 0.004 581.0
0.900 0.750 0.004 590.0
0.900 0.800 0.004 590.0
0.900 0.850 0.004 599.0
0.900 0.900 0.004 604.0
0.900 0.950 0.004 604.0
0.900 1.000 0.004 607.0
0.950 0.050 0.004 499.0
0.950 0.100 0.004 499.0
0.950 0.150 0.004 501.0
0.950 0.200 0.004 508.0
0.950 0.250 0.004 510.0
0.950 0.300 0.004 467.0
0.950 0.350 0.004 471.0
0.950 0.400 0.004 545.0
0.950 0.450 0.004 554.0
0.950 0.500 0.004 552.0
0.950 0.550 0.004 555.0
0.950 0.600 0.004 578.0
0.950 0.650 0.004 578.0
0.950 0.700 0.004 581.0
0.950 0.750 0.004 590.0
0.950 0.800 0.004 590.0
0.950 0.850 0.004 599.0
0.950 0.900 0.004 604.0
0.950 0.950 0.004 604.0
0.950 1.000 0.004 607.0
1.000 0.050 0.004 484.0
1.000 0.100 0.004 484.0
1.000 0.150 0.004 494.0
1.000 0.200 0.004 502.0
1.000 0.250 0.004 502.0
1.000 0.300 0.004 494.0
1.000 0.350 0.004 497.0
1.000 0.400 0.004 535.0
1.000 0.450 0.004 543.0
1.000 0.500 0.004 548.0
1.000 0.550 0.004 551.0
1.000 0.600 0.004 570.0
1.000 0.650 0.004 570.0
1.000 0.700 0.004 573.0
1.000 0.750 0.004 585.0
1.000 0.800 0.004 585.0
1.000 0.850 0.004 589.0
1.000 0.900 0.004 594.0
1.000 0.950 0.004 594.0
1.000 1.000 0.004 597.0
