0.050 0.050 0.001 190.53138795614973
0.050 0.100 0.001 190.53138795614973
0.050 0.150 0.001 190.53138795614973
0.050 0.200 0.001 190.53138795614973
0.050 0.250 0.001 190.53138795614973
0.050 0.300 0.001 190.53138795614973
0.050 0.350 0.001 190.53138795614973
0.050 0.400 0.001 190.53138795614973
0.050 0.450 0.001 190.53138795614973
0.050 0.500 0.001 190.53138795614973
0.050 0.550 0.001 190.53138795614973
0.050 0.600 0.001 190.53138795614973
0.050 0.650 0.001 190.53138795614973
0.050 0.700 0.001 190.53138795614973
0.050 0.750 0.001 190.53138795614973
0.050 0.800 0.001 190.53138795614973
0.050 0.850 0.001 190.5313877553799
0.050 0.900 0.001 190.5313877553799
0.050 0.950 0.001 190.5313877553799
0.050 1.000 0.001 190.5313877553799
0.100 0.050 0.001 190.53138795614973
0.100 0.100 0.001 190.53138795614973
0.100 0.150 0.001 190.53138795614973
0.100 0.200 0.001 190.53138795614973
0.100 0.250 0.001 190.53138795614973
0.100 0.300 0.001 190.53138795614973
0.100 0.350 0.001 190.53138795614973
0.100 0.400 0.001 190.53138795614973
0.100 0.450 0.001 190.53138795614973
0.100 0.500 0.001 190.53138795614973
0.100 0.550 0.001 190.53138795614973
0.100 0.600 0.001 190.53138795614973
0.100 0.650 0.001 190.53138795614973
0.100 0.700 0.001 190.53138795614973
0.100 0.750 0.001 190.53138795614973
0.100 0.800 0.001 190.53138795614973
0.100 0.850 0.001 190.5313877553799
0.100 0.900 0.001 190.5313877553799
0.100 0.950 0.001 190.5313877553799
0.100 1.000 0.001 190.5313877553799
0.150 0.050 0.001 190.53138795614973
0.150 0.100 0.001 190.53138795614973
0.150 0.150 0.001 190.53138795614973
0.150 0.200 0.001 190.53138795614973
0.150 0.250 0.001 190.53138795614973
0.150 0.300 0.001 190.53138795614973
0.150 0.350 0.001 190.53138795614973
0.150 0.400 0.001 190.53138795614973
0.150 0.450 0.001 190.53138795614973
0.150 0.500 0.001 190.53138795614973
0.150 0.550 0.001 190.53138795614973
0.150 0.600 0.001 190.53138795614973
0.150 0.650 0.001 190.53138795614973
0.150 0.700 0.001 190.53138795614973
0.150 0.750 0.001 190.53138795614973
0.150 0.800 0.001 190.53138795614973
0.150 0.850 0.001 190.5313877553799
0.150 0.900 0.001 190.5313877553799
0.150 0.950 0.001 190.5313877553799
0.150 1.000 0.001 190.5313877553799
0.200 0.050 0.001 190.53138795614973
0.200 0.100 0.001 190.53138795614973
0.200 0.150 0.001 190.53138795614973
0.200 0.200 0.001 190.53138795614973
0.200 0.250 0.001 190.53138795614973
0.200 0.300 0.001 190.53138795614973
0.200 0.350 0.001 190.53138795614973
0.200 0.400 0.001 190.53138795614973
0.200 0.450 0.001 190.53138795614973
0.200 0.500 0.001 190.53138795614973
0.200 0.550 0.001 190.53138795614973
0.200 0.600 0.001 190.53138795614973
0.200 0.650 0.001 190.53138795614973
0.200 0.700 0.001 190.53138795614973
0.200 0.750 0.001 190.53138795614973
0.200 0.800 0.001 190.53138795614973
0.200 0.850 0.001 190.5313877553799
0.200 0.900 0.001 190.5313877553799
0.200 0.950 0.001 190.5313877553799
0.200 1.000 0.001 190.5313877553799
0.250 0.050 0.001 190.53138795614973
0.250 0.100 0.001 190.53138795614973
0.250 0.150 0.001 190.53138795614973
0.250 0.200 0.001 190.53138795614973
0.250 0.250 0.001 190.53138795614973
0.250 0.300 0.001 190.53138795614973
0.250 0.350 0.001 190.53138795614973
0.250 0.400 0.001 190.53138795614973
0.250 0.450 0.001 190.53138795614973
0.250 0.500 0.001 190.53138795614973
0.250 0.550 0.001 190.53138795614973
0.250 0.600 0.001 190.53138795614973
0.250 0.650 0.001 190.53138795614973
0.250 0.700 0.001 190.53138795614973
0.250 0.750 0.001 190.53138795614973
0.250 0.800 0.001 190.53138795614973
0.250 0.850 0.001 190.5313877553799
0.250 0.900 0.001 190.5313877553799
0.250 0.950 0.001 190.5313877553799
0.250 1.000 0.001 190.5313877553799
0.300 0.050 0.001 190.53138795614973
0.300 0.100 0.001 190.53138795614973
0.300 0.150 0.001 190.53138795614973
0.300 0.200 0.001 190.53138795614973
0.300 0.250 0.001 190.53138795614973
0.300 0.300 0.001 190.53138795614973
0.300 0.350 0.001 190.53138795614973
0.300 0.400 0.001 190.53138795614973
0.300 0.450 0.001 190.53138795614973
0.300 0.500 0.001 190.53138795614973
0.300 0.550 0.001 190.53138795614973
0.300 0.600 0.001 190.53138795614973
0.300 0.650 0.001 190.53138795614973
0.300 0.700 0.001 190.53138795614973
0.300 0.750 0.001 190.53138795614973
0.300 0.800 0.001 190.53138795614973
0.300 0.850 0.001 190.5313877553799
0.300 0.900 0.001 190.5313877553799
0.300 0.950 0.001 190.5313877553799
0.300 1.000 0.001 190.5313877553799
0.350 0.050 0.001 190.53138795614973
0.350 0.100 0.001 190.53138795614973
0.350 0.150 0.001 190.53138795614973
0.350 0.200 0.001 190.53138795614973
0.350 0.250 0.001 190.53138795614973
0.350 0.300 0.001 190.53138795614973
0.350 0.350 0.001 190.53138795614973
0.350 0.400 0.001 190.53138795614973
0.350 0.450 0.001 190.53138795614973
0.350 0.500 0.001 190.53138795614973
0.350 0.550 0.001 190.53138795614973
0.350 0.600 0.001 190.53138795614973
0.350 0.650 0.001 190.53138795614973
0.350 0.700 0.001 190.53138795614973
0.350 0.750 0.001 190.53138795614973
0.350 0.800 0.001 190.53138795614973
0.350 0.850 0.001 190.5313877553799
0.350 0.900 0.001 190.5313877553799
0.350 0.950 0.001 190.5313877553799
0.350 1.000 0.001 190.5313877553799
0.400 0.050 0.001 190.53138795614973
0.400 0.100 0.001 190.53138795614973
0.400 0.150 0.001 190.53138795614973
0.400 0.200 0.001 190.53138795614973
0.400 0.250 0.001 190.53138795614973
0.400 0.300 0.001 190.53138795614973
0.400 0.350 0.001 190.53138795614973
0.400 0.400 0.001 190.53138795614973
0.400 0.450 0.001 190.53138795614973
0.400 0.500 0.001 190.53138795614973
0.400 0.550 0.001 190.53138795614973
0.400 0.600 0.001 190.53138795614973
0.400 0.650 0.001 190.53138795614973
0.400 0.700 0.001 190.53138795614973
0.400 0.750 0.001 190.53138795614973
0.400 0.800 0.001 190.53138795614973
0.400 0.850 0.001 190.5313877553799
0.400 0.900 0.001 190.5313877553799
0.400 0.950 0.001 190.5313877553799
0.400 1.000 0.001 190.5313877553799
0.450 0.050 0.001 190.53175444929434
0.450 0.100 0.001 190.53175444929434
0.450 0.150 0.001 190.53175444929434
0.450 0.200 0.001 190.53175444929434
0.450 0.250 0.001 190.53175444929434
0.450 0.300 0.001 190.53175444929434
0.450 0.350 0.001 190.53175444929434
0.450 0.400 0.001 190.53175444929434
0.450 0.450 0.001 190.53175444929434
0.450 0.500 0.001 190.53175444929434
0.450 0.550 0.001 190.53175444929434
0.450 0.600 0.001 190.53175444929434
0.450 0.650 0.001 190.53175444929434
0.450 0.700 0.001 190.53175444929434
0.450 0.750 0.001 190.53175733228656
0.450 0.800 0.001 190.53175733228656
0.450 0.850 0.001 190.5317571315167
0.450 0.900 0.001 190.5317571315167
0.450 0.950 0.001 190.5317571315167
0.450 1.000 0.001 190.5317571315167
0.500 0.050 0.001 190.53175444929434
0.500 0.100 0.001 190.53175444929434
0.500 0.150 0.001 190.53175444929434
0.500 0.200 0.001 190.53175444929434
0.500 0.250 0.001 190.53175444929434
0.500 0.300 0.001 190.53175444929434
0.500 0.350 0.001 190.53175444929434
0.500 0.400 0.001 190.53175444929434
0.500 0.450 0.001 190.53175444929434
0.500 0.500 0.001 190.53175444929434
0.500 0.550 0.001 190.53175444929434
0.500 0.600 0.001 190.53175444929434
0.500 0.650 0.001 190.53175444929434
0.500 0.700 0.001 190.53175444929434
0.500 0.750 0.001 190.53175733228656
0.500 0.800 0.001 190.53175733228656
0.500 0.850 0.001 190.5317571315167
0.500 0.900 0.001 190.5317571315167
0.500 0.950 0.001 190.5317571315167
0.500 1.000 0.001 190.5317571315167
0.550 0.050 0.001 190.41484373063776
0.550 0.100 0.001 190.41484373063776
0.550 0.150 0.001 190.41484373063776
0.550 0.200 0.001 190.41484373063776
0.550 0.250 0.001 190.41484373063776
0.550 0.300 0.001 190.41484373063776
0.550 0.350 0.001 190.41484373063776
0.550 0.400 0.001 190.41484373063776
0.550 0.450 0.001 190.41484373063776
0.550 0.500 0.001 190.41484373063776
0.550 0.550 0.001 190.41484373063776
0.550 0.600 0.001 190.41484373063776
0.550 0.650 0.001 190.41484373063776
0.550 0.700 0.001 190.41484373063776
0.550 0.750 0.001 190.41484373063776
0.550 0.800 0.001 190.41484373063776
0.550 0.850 0.001 190.41484373063776
0.550 0.900 0.001 190.41484373063776
0.550 0.950 0.001 190.41484373063776
0.550 1.000 0.001 190.41484373063776
0.600 0.050 0.001 190.41484373063776
0.600 0.100 0.001 190.41484373063776
0.600 0.150 0.001 190.41484373063776
0.600 0.200 0.001 190.41484373063776
0.600 0.250 0.001 190.41484373063776
0.600 0.300 0.001 190.41484373063776
0.600 0.350 0.001 190.41484373063776
0.600 0.400 0.001 190.41484373063776
0.600 0.450 0.001 190.41484373063776
0.600 0.500 0.001 190.41484373063776
0.600 0.550 0.001 190.41484373063776
0.600 0.600 0.001 190.41484373063776
0.600 0.650 0.001 190.41484373063776
0.600 0.700 0.001 190.41484373063776
0.600 0.750 0.001 190.41484373063776
0.600 0.800 0.001 190.41484373063776
0.600 0.850 0.001 190.41484373063776
0.600 0.900 0.001 190.41484373063776
0.600 0.950 0.001 190.41484373063776
0.600 1.000 0.001 190.41484373063776
0.650 0.050 0.001 190.41484373063776
0.650 0.100 0.001 190.41484373063776
0.650 0.150 0.001 190.41484373063776
0.650 0.200 0.001 190.41484373063776
0.650 0.250 0.001 190.41484373063776
0.650 0.300 0.001 190.41484373063776
0.650 0.350 0.001 190.41484373063776
0.650 0.400 0.001 190.41484373063776
0.650 0.450 0.001 190.41484373063776
0.650 0.500 0.001 190.41484373063776
0.650 0.550 0.001 190.41484373063776
0.650 0.600 0.001 190.41484373063776
0.650 0.650 0.001 190.41484373063776
0.650 0.700 0.001 190.41484373063776
0.650 0.750 0.001 190.41484373063776
0.650 0.800 0.001 190.41484373063776
0.650 0.850 0.001 190.41484373063776
0.650 0.900 0.001 190.41484373063776
0.650 0.950 0.001 190.41484373063776
0.650 1.000 0.001 190.41484373063776
0.700 0.050 0.001 190.41364417721618
0.700 0.100 0.001 190.41364417721618
0.700 0.150 0.001 190.41364417721618
0.700 0.200 0.001 190.41364417721618
0.700 0.250 0.001 190.41364417721618
0.700 0.300 0.001 190.41364417721618
0.700 0.350 0.001 190.41364417721618
0.700 0.400 0.001 190.41364417721618
0.700 0.450 0.001 190.41364417721618
0.700 0.500 0.001 190.41364417721618
0.700 0.550 0.001 190.41364417721618
0.700 0.600 0.001 190.41364417721618
0.700 0.650 0.001 190.41364417721618
0.700 0.700 0.001 190.41364417721618
0.700 0.750 0.001 190.41364701413102
0.700 0.800 0.001 190.41364701413102
0.700 0.850 0.001 190.41364637626202
0.700 0.900 0.001 190.41364637626202
0.700 0.950 0.001 190.41364637626202
0.700 1.000 0.001 190.41364637626202
0.750 0.050 0.001 190.63385952429877
0.750 0.100 0.001 190.63385952429877
0.750 0.150 0.001 190.63385952429877
0.750 0.200 0.001 190.63385952429877
0.750 0.250 0.001 190.63385952429877
0.750 0.300 0.001 190.63385952429877
0.750 0.350 0.001 190.63385952429877
0.750 0.400 0.001 190.63385952429877
0.750 0.450 0.001 190.63385952429877
0.750 0.500 0.001 190.63385952429877
0.750 0.550 0.001 190.63385952429877
0.750 0.600 0.001 190.63385952429877
0.750 0.650 0.001 190.63385952429877
0.750 0.700 0.001 190.63385952429877
0.750 0.750 0.001 190.63390067201615
0.750 0.800 0.001 190.63390067201615
0.750 0.850 0.001 190.63388992318798
0.750 0.900 0.001 190.63388992318798
0.750 0.950 0.001 190.63388992318798
0.750 1.000 0.001 190.63388992318798
0.800 0.050 0.001 190.48936416330983
0.800 0.100 0.001 190.48936416330983
0.800 0.150 0.001 190.48936416330983
0.800 0.200 0.001 190.48936416330983
0.800 0.250 0.001 190.48936416330983
0.800 0.300 0.001 190.48936416330983
0.800 0.350 0.001 190.48936416330983
0.800 0.400 0.001 190.48936416330983
0.800 0.450 0.001 190.48936416330983
0.800 0.500 0.001 190.48936416330983
0.800 0.550 0.001 190.48936416330983
0.800 0.600 0.001 190.48936416330983
0.800 0.650 0.001 190.48936416330983
0.800 0.700 0.001 190.48936416330983
0.800 0.750 0.001 190.48940531102724
0.800 0.800 0.001 190.48940531102724
0.800 0.850 0.001 190.48939456219904
0.800 0.900 0.001 190.48939456219904
0.800 0.950 0.001 190.48939456219904
0.800 1.000 0.001 190.48939456219904
0.850 0.050 0.001 190.48936416330983
0.850 0.100 0.001 190.48936416330983
0.850 0.150 0.001 190.48936416330983
0.850 0.200 0.001 190.48936416330983
0.850 0.250 0.001 190.48936416330983
0.850 0.300 0.001 190.48936416330983
0.850 0.350 0.001 190.48936416330983
0.850 0.400 0.001 190.48936416330983
0.850 0.450 0.001 190.48936416330983
0.850 0.500 0.001 190.48936416330983
0.850 0.550 0.001 190.48936416330983
0.850 0.600 0.001 190.48936416330983
0.850 0.650 0.001 190.48936416330983
0.850 0.700 0.001 190.48936416330983
0.850 0.750 0.001 190.48940531102724
0.850 0.800 0.001 190.48940531102724
0.850 0.850 0.001 190.48939456219904
0.850 0.900 0.001 190.48939456219904
0.850 0.950 0.001 190.48939456219904
0.850 1.000 0.001 190.48939456219904
0.900 0.050 0.001 190.65886730368115
0.900 0.100 0.001 190.65886730368115
0.900 0.150 0.001 190.65886730368115
0.900 0.200 0.001 190.65886730368115
0.900 0.250 0.001 190.65886730368115
0.900 0.300 0.001 190.65886730368115
0.900 0.350 0.001 190.65886730368115
0.900 0.400 0.001 190.65886730368115
0.900 0.450 0.001 190.65886730368115
0.900 0.500 0.001 190.65886730368115
0.900 0.550 0.001 190.65886730368115
0.900 0.600 0.001 190.65886730368115
0.900 0.650 0.001 190.65886730368115
0.900 0.700 0.001 190.65886730368115
0.900 0.750 0.001 190.65890052454898
0.900 0.800 0.001 190.65890052454898
0.900 0.850 0.001 190.6588918680891
0.900 0.900 0.001 190.6588918680891
0.900 0.950 0.001 190.6588918680891
0.900 1.000 0.001 190.6588918680891
0.950 0.050 0.001 190.5254499073633
0.950 0.100 0.001 190.5254499073633
0.950 0.150 0.001 190.5254499073633
0.950 0.200 0.001 190.5254499073633
0.950 0.250 0.001 190.5254499073633
0.950 0.300 0.001 190.5254499073633
0.950 0.350 0.001 190.5254499073633
0.950 0.400 0.001 190.5254499073633
0.950 0.450 0.001 190.5254499073633
0.950 0.500 0.001 190.5254499073633
0.950 0.550 0.001 190.5254499073633
0.950 0.600 0.001 190.5254499073633
0.950 0.650 0.001 190.5254499073633
0.950 0.700 0.001 190.5254499073633
0.950 0.750 0.001 190.52548356861166
0.950 0.800 0.001 190.52548356861166
0.950 0.850 0.001 190.5254747959091
0.950 0.900 0.001 190.5254747959091
0.950 0.950 0.001 190.5254747959091
0.950 1.000 0.001 190.5254747959091
1.000 0.050 0.001 190.79949165922704
1.000 0.100 0.001 190.79949165922704
1.000 0.150 0.001 190.79949165922704
1.000 0.200 0.001 190.79949165922704
1.000 0.250 0.001 190.79949165922704
1.000 0.300 0.001 190.79949165922704
1.000 0.350 0.001 190.79949165922704
1.000 0.400 0.001 190.79949165922704
1.000 0.450 0.001 190.79949165922704
1.000 0.500 0.001 190.79949165922704
1.000 0.550 0.001 190.79949165922704
1.000 0.600 0.001 190.79949165922704
1.000 0.650 0.001 190.79949165922704
1.000 0.700 0.001 190.79949165922704
1.000 0.750 0.001 190.7995244397143
1.000 0.800 0.001 190.7995244397143
1.000 0.850 0.001 190.79951589949712
1.000 0.900 0.001 190.79951589949712
1.000 0.950 0.001 190.79951589949712
1.000 1.000 0.001 190.79951589949712
