0.020 0.020 0.020576885037808152
0.020 0.040 0.020576885037808152
0.020 0.060 0.020576885037808152
0.020 0.080 0.020576885037808152
0.020 0.100 0.020576885037808152
0.020 0.120 0.020576885037808152
0.020 0.140 0.020576885037808152
0.020 0.160 0.020576885037808152
0.020 0.180 0.020576885037808152
0.020 0.200 0.020577052768902416
0.020 0.220 0.020598173322276685
0.020 0.240 0.020598951996172475
0.020 0.260 0.0205575154970289
0.020 0.280 0.020641501324041356
0.020 0.300 0.020641501324041356
0.020 0.320 0.020641501324041356
0.020 0.340 0.020641501324041356
0.020 0.360 0.020641501324041356
0.020 0.380 0.020621653425735118
0.020 0.400 0.020651176918908054
0.020 0.420 0.020651176918908054
0.020 0.440 0.020651176918908054
0.020 0.460 0.020651176918908054
0.020 0.480 0.020651176918908054
0.020 0.500 0.020651176918908054
0.020 0.520 0.020651176918908054
0.020 0.540 0.020651176918908054
0.020 0.560 0.020651176918908054
0.020 0.580 0.020651176918908054
0.020 0.600 0.020651176918908054
0.020 0.620 0.020651176918908054
0.020 0.640 0.020651176918908054
0.020 0.660 0.020651176918908054
0.020 0.680 0.02051369002752962
0.020 0.700 0.02051369002752962
0.020 0.720 0.02051369002752962
0.020 0.740 0.02051369002752962
0.020 0.760 0.02051369002752962
0.020 0.780 0.02051369002752962
0.020 0.800 0.02051369002752962
0.020 0.820 0.02052076165323111
0.020 0.840 0.02052076165323111
0.020 0.860 0.02052076165323111
0.020 0.880 0.02052076165323111
0.020 0.900 0.02052076165323111
0.020 0.920 0.020614194278453374
0.020 0.940 0.020614194278453374
0.020 0.960 0.020614194278453374
0.020 0.980 0.020614194278453374
0.020 1.000 0.020620668869485444
0.040 0.020 0.020581342614268645
0.040 0.040 0.020581342614268645
0.040 0.060 0.020581342614268645
0.040 0.080 0.020581342614268645
0.040 0.100 0.020581342614268645
0.040 0.120 0.020581342614268645
0.040 0.140 0.020581342614268645
0.040 0.160 0.020581342614268645
0.040 0.180 0.020581342614268645
0.040 0.200 0.020579106389737513
0.040 0.220 0.020579164217344518
0.040 0.240 0.020579482939145913
0.040 0.260 0.02057969234635438
0.040 0.280 0.020581342614268645
0.040 0.300 0.020581342614268645
0.040 0.320 0.020581342614268645
0.040 0.340 0.020581342614268645
0.040 0.360 0.020581342614268645
0.040 0.380 0.0205607789128354
0.040 0.400 0.0205607789128354
0.040 0.420 0.0205607789128354
0.040 0.440 0.0205607789128354
0.040 0.460 0.0205607789128354
0.040 0.480 0.0205607789128354
0.040 0.500 0.0205607789128354
0.040 0.520 0.0205607789128354
0.040 0.540 0.0205607789128354
0.040 0.560 0.0205607789128354
0.040 0.580 0.0205607789128354
0.040 0.600 0.0205607789128354
0.040 0.620 0.0205607789128354
0.040 0.640 0.0205607789128354
0.040 0.660 0.0205607789128354
0.040 0.680 0.02051369002752962
0.040 0.700 0.02051369002752962
0.040 0.720 0.02051369002752962
0.040 0.740 0.02051369002752962
0.040 0.760 0.02051369002752962
0.040 0.780 0.02051369002752962
0.040 0.800 0.02051369002752962
0.040 0.820 0.02052076165323111
0.040 0.840 0.02052076165323111
0.040 0.860 0.02052076165323111
0.040 0.880 0.02052076165323111
0.040 0.900 0.02052076165323111
0.040 0.920 0.02051343418024571
0.040 0.940 0.02051343418024571
0.040 0.960 0.02051343418024571
0.040 0.980 0.02051343418024571
0.040 1.000 0.020519814202822534
0.060 0.020 0.02052502740264387
0.060 0.040 0.02052502740264387
0.060 0.060 0.02052502740264387
0.060 0.080 0.02052502740264387
0.060 0.100 0.02052502740264387
0.060 0.120 0.02052502740264387
0.060 0.140 0.02052502740264387
0.060 0.160 0.02052502740264387
0.060 0.180 0.02052502740264387
0.060 0.200 0.020567244093755654
0.060 0.220 0.020567636581536507
0.060 0.240 0.02054241626171175
0.060 0.260 0.02054053175092191
0.060 0.280 0.02053947496623895
0.060 0.300 0.02053947496623895
0.060 0.320 0.02053947496623895
0.060 0.340 0.02053947496623895
0.060 0.360 0.02053947496623895
0.060 0.380 0.020516146580366514
0.060 0.400 0.02051482321106267
0.060 0.420 0.02051482321106267
0.060 0.440 0.02051482321106267
0.060 0.460 0.02051482321106267
0.060 0.480 0.02051482321106267
0.060 0.500 0.02051482321106267
0.060 0.520 0.02051482321106267
0.060 0.540 0.02051482321106267
0.060 0.560 0.02051482321106267
0.060 0.580 0.02051482321106267
0.060 0.600 0.020516572725532454
0.060 0.620 0.020516572725532454
0.060 0.640 0.020516572725532454
0.060 0.660 0.020516572725532454
0.060 0.680 0.02050832942623822
0.060 0.700 0.02050832942623822
0.060 0.720 0.02050832942623822
0.060 0.740 0.02050832942623822
0.060 0.760 0.02050832942623822
0.060 0.780 0.02050832942623822
0.060 0.800 0.02050832942623822
0.060 0.820 0.020532000972863413
0.060 0.840 0.020532000972863413
0.060 0.860 0.020532000972863413
0.060 0.880 0.020532000972863413
0.060 0.900 0.020532000972863413
0.060 0.920 0.02053262104539135
0.060 0.940 0.020525325670587898
0.060 0.960 0.020516903348128453
0.060 0.980 0.02050848793483295
0.060 1.000 0.02049801627437746
0.080 0.020 0.02052502740264387
0.080 0.040 0.02052502740264387
0.080 0.060 0.02052502740264387
0.080 0.080 0.02052502740264387
0.080 0.100 0.02052502740264387
0.080 0.120 0.02052502740264387
0.080 0.140 0.02052502740264387
0.080 0.160 0.02052502740264387
0.080 0.180 0.02052502740264387
0.080 0.200 0.020567244093755654
0.080 0.220 0.020567636581536507
0.080 0.240 0.02054241626171175
0.080 0.260 0.020542784914033205
0.080 0.280 0.02053947496623895
0.080 0.300 0.02053947496623895
0.080 0.320 0.02053947496623895
0.080 0.340 0.02053947496623895
0.080 0.360 0.02053947496623895
0.080 0.380 0.020516146580366514
0.080 0.400 0.02051482321106267
0.080 0.420 0.02051482321106267
0.080 0.440 0.02051482321106267
0.080 0.460 0.02051482321106267
0.080 0.480 0.02051482321106267
0.080 0.500 0.02051482321106267
0.080 0.520 0.02051482321106267
0.080 0.540 0.02051482321106267
0.080 0.560 0.02051482321106267
0.080 0.580 0.02051482321106267
0.080 0.600 0.020516572725532454
0.080 0.620 0.020516572725532454
0.080 0.640 0.020516572725532454
0.080 0.660 0.020516572725532454
0.080 0.680 0.020516040970442913
0.080 0.700 0.020516040970442913
0.080 0.720 0.020516040970442913
0.080 0.740 0.020516040970442913
0.080 0.760 0.020516040970442913
0.080 0.780 0.020516040970442913
0.080 0.800 0.020516040970442913
0.080 0.820 0.0205383644193781
0.080 0.840 0.0205383644193781
0.080 0.860 0.0205383644193781
0.080 0.880 0.0205383644193781
0.080 0.900 0.0205383644193781
0.080 0.920 0.020540119444642856
0.080 0.940 0.02053168497940532
0.080 0.960 0.02052325743827584
0.080 0.980 0.020514836812731602
0.080 1.000 0.02050642309426377
0.100 0.020 0.02052502740264387
0.100 0.040 0.02052502740264387
0.100 0.060 0.02052502740264387
0.100 0.080 0.02052502740264387
0.100 0.100 0.02052502740264387
0.100 0.120 0.02052502740264387
0.100 0.140 0.02052502740264387
0.100 0.160 0.02052502740264387
0.100 0.180 0.02052502740264387
0.100 0.200 0.02052502740264387
0.100 0.220 0.020567636581536507
0.100 0.240 0.02054241626171175
0.100 0.260 0.020542784914033205
0.100 0.280 0.02053947496623895
0.100 0.300 0.02053947496623895
0.100 0.320 0.02053947496623895
0.100 0.340 0.02053947496623895
0.100 0.360 0.02053947496623895
0.100 0.380 0.020516146580366514
0.100 0.400 0.020516572725532454
0.100 0.420 0.020516572725532454
0.100 0.440 0.020516572725532454
0.100 0.460 0.020516572725532454
0.100 0.480 0.020516572725532454
0.100 0.500 0.020516572725532454
0.100 0.520 0.020516572725532454
0.100 0.540 0.020516572725532454
0.100 0.560 0.020516572725532454
0.100 0.580 0.020516572725532454
0.100 0.600 0.020516572725532454
0.100 0.620 0.020516572725532454
0.100 0.640 0.020516572725532454
0.100 0.660 0.020516572725532454
0.100 0.680 0.020516040970442913
0.100 0.700 0.020516040970442913
0.100 0.720 0.020516040970442913
0.100 0.740 0.020516040970442913
0.100 0.760 0.020516040970442913
0.100 0.780 0.020516040970442913
0.100 0.800 0.020516040970442913
0.100 0.820 0.0205383644193781
0.100 0.840 0.0205383644193781
0.100 0.860 0.0205383644193781
0.100 0.880 0.0205383644193781
0.100 0.900 0.0205383644193781
0.100 0.920 0.02053168497940532
0.100 0.940 0.02052325743827584
0.100 0.960 0.020514836812731602
0.100 0.980 0.02050642309426377
0.100 1.000 0.02049801627437746
0.120 0.020 0.02052502740264387
0.120 0.040 0.02052502740264387
0.120 0.060 0.02052502740264387
0.120 0.080 0.02052502740264387
0.120 0.100 0.02052502740264387
0.120 0.120 0.02052502740264387
0.120 0.140 0.02052502740264387
0.120 0.160 0.02052502740264387
0.120 0.180 0.02052502740264387
0.120 0.200 0.02052502740264387
0.120 0.220 0.02052502740264387
0.120 0.240 0.02054241626171175
0.120 0.260 0.020542784914033205
0.120 0.280 0.02053947496623895
0.120 0.300 0.02053947496623895
0.120 0.320 0.02053947496623895
0.120 0.340 0.02053947496623895
0.120 0.360 0.02053947496623895
0.120 0.380 0.020516146580366514
0.120 0.400 0.020516572725532454
0.120 0.420 0.020516572725532454
0.120 0.440 0.020516572725532454
0.120 0.460 0.020516572725532454
0.120 0.480 0.020516572725532454
0.120 0.500 0.020516572725532454
0.120 0.520 0.020516572725532454
0.120 0.540 0.020516572725532454
0.120 0.560 0.020516572725532454
0.120 0.580 0.020516572725532454
0.120 0.600 0.020516572725532454
0.120 0.620 0.020516572725532454
0.120 0.640 0.020516572725532454
0.120 0.660 0.020516572725532454
0.120 0.680 0.020516040970442913
0.120 0.700 0.020516040970442913
0.120 0.720 0.020516040970442913
0.120 0.740 0.020516040970442913
0.120 0.760 0.020516040970442913
0.120 0.780 0.020516040970442913
0.120 0.800 0.020516040970442913
0.120 0.820 0.0205383644193781
0.120 0.840 0.0205383644193781
0.120 0.860 0.0205383644193781
0.120 0.880 0.0205383644193781
0.120 0.900 0.0205383644193781
0.120 0.920 0.02053168497940532
0.120 0.940 0.02052325743827584
0.120 0.960 0.020514836812731602
0.120 0.980 0.02050642309426377
0.120 1.000 0.02049801627437746
0.140 0.020 0.02052502740264387
0.140 0.040 0.02052502740264387
0.140 0.060 0.02052502740264387
0.140 0.080 0.02052502740264387
0.140 0.100 0.02052502740264387
0.140 0.120 0.02052502740264387
0.140 0.140 0.02052502740264387
0.140 0.160 0.02052502740264387
0.140 0.180 0.02052502740264387
0.140 0.200 0.02052502740264387
0.140 0.220 0.02052502740264387
0.140 0.240 0.02052502740264387
0.140 0.260 0.020542784914033205
0.140 0.280 0.02053947496623895
0.140 0.300 0.02053947496623895
0.140 0.320 0.02053947496623895
0.140 0.340 0.02053947496623895
0.140 0.360 0.02053947496623895
0.140 0.380 0.020516146580366514
0.140 0.400 0.020516572725532454
0.140 0.420 0.020516572725532454
0.140 0.440 0.020516572725532454
0.140 0.460 0.020516572725532454
0.140 0.480 0.020516572725532454
0.140 0.500 0.020516572725532454
0.140 0.520 0.020516572725532454
0.140 0.540 0.020516572725532454
0.140 0.560 0.020516572725532454
0.140 0.580 0.020516572725532454
0.140 0.600 0.020516572725532454
0.140 0.620 0.020516572725532454
0.140 0.640 0.020516572725532454
0.140 0.660 0.020516572725532454
0.140 0.680 0.020516040970442913
0.140 0.700 0.020516040970442913
0.140 0.720 0.020516040970442913
0.140 0.740 0.020516040970442913
0.140 0.760 0.020516040970442913
0.140 0.780 0.020516040970442913
0.140 0.800 0.020516040970442913
0.140 0.820 0.0205383644193781
0.140 0.840 0.0205383644193781
0.140 0.860 0.0205383644193781
0.140 0.880 0.0205383644193781
0.140 0.900 0.0205383644193781
0.140 0.920 0.020540119444642856
0.140 0.940 0.02052325743827584
0.140 0.960 0.020514836812731602
0.140 0.980 0.020507736242378838
0.140 1.000 0.02049801627437746
0.160 0.020 0.02052502740264387
0.160 0.040 0.02052502740264387
0.160 0.060 0.02052502740264387
0.160 0.080 0.02052502740264387
0.160 0.100 0.02052502740264387
0.160 0.120 0.02052502740264387
0.160 0.140 0.02052502740264387
0.160 0.160 0.02052502740264387
0.160 0.180 0.02052502740264387
0.160 0.200 0.02052502740264387
0.160 0.220 0.02052502740264387
0.160 0.240 0.02052502740264387
0.160 0.260 0.02052502740264387
0.160 0.280 0.02053947496623895
0.160 0.300 0.02053947496623895
0.160 0.320 0.02053947496623895
0.160 0.340 0.02053947496623895
0.160 0.360 0.02053947496623895
0.160 0.380 0.020516146580366514
0.160 0.400 0.020516572725532454
0.160 0.420 0.020516572725532454
0.160 0.440 0.020516572725532454
0.160 0.460 0.020516572725532454
0.160 0.480 0.020516572725532454
0.160 0.500 0.020516572725532454
0.160 0.520 0.020516572725532454
0.160 0.540 0.020516572725532454
0.160 0.560 0.020516572725532454
0.160 0.580 0.020516572725532454
0.160 0.600 0.020516572725532454
0.160 0.620 0.020516572725532454
0.160 0.640 0.020516572725532454
0.160 0.660 0.020516572725532454
0.160 0.680 0.0204848248173044
0.160 0.700 0.0204848248173044
0.160 0.720 0.0204848248173044
0.160 0.740 0.0204848248173044
0.160 0.760 0.0204848248173044
0.160 0.780 0.0204848248173044
0.160 0.800 0.0204848248173044
0.160 0.820 0.0205383644193781
0.160 0.840 0.0205383644193781
0.160 0.860 0.0205383644193781
0.160 0.880 0.0205383644193781
0.160 0.900 0.0205383644193781
0.160 0.920 0.020540119444642856
0.160 0.940 0.02052747034386008
0.160 0.960 0.020519046261587695
0.160 0.980 0.020510629090644394
0.160 1.000 0.02050221882252831
0.180 0.020 0.02052502740264387
0.180 0.040 0.02052502740264387
0.180 0.060 0.02052502740264387
0.180 0.080 0.02052502740264387
0.180 0.100 0.02052502740264387
0.180 0.120 0.02052502740264387
0.180 0.140 0.02052502740264387
0.180 0.160 0.02052502740264387
0.180 0.180 0.02052502740264387
0.180 0.200 0.02052502740264387
0.180 0.220 0.02052502740264387
0.180 0.240 0.02052502740264387
0.180 0.260 0.02052502740264387
0.180 0.280 0.020526661867807054
0.180 0.300 0.020526661867807054
0.180 0.320 0.020526661867807054
0.180 0.340 0.020526661867807054
0.180 0.360 0.020526661867807054
0.180 0.380 0.020516146580366514
0.180 0.400 0.020516572725532454
0.180 0.420 0.020516572725532454
0.180 0.440 0.020516572725532454
0.180 0.460 0.020516572725532454
0.180 0.480 0.020516572725532454
0.180 0.500 0.020516572725532454
0.180 0.520 0.020516572725532454
0.180 0.540 0.020516572725532454
0.180 0.560 0.020516572725532454
0.180 0.580 0.020516572725532454
0.180 0.600 0.020516572725532454
0.180 0.620 0.020516572725532454
0.180 0.640 0.020516572725532454
0.180 0.660 0.020516572725532454
0.180 0.680 0.0204848248173044
0.180 0.700 0.0204848248173044
0.180 0.720 0.0204848248173044
0.180 0.740 0.0204848248173044
0.180 0.760 0.0204848248173044
0.180 0.780 0.0204848248173044
0.180 0.800 0.0204848248173044
0.180 0.820 0.020523045589819704
0.180 0.840 0.020523045589819704
0.180 0.860 0.020523045589819704
0.180 0.880 0.020523045589819704
0.180 0.900 0.020523045589819704
0.180 0.920 0.02052325743827584
0.180 0.940 0.020514836812731602
0.180 0.960 0.02050642309426377
0.180 0.980 0.02049801627437746
0.180 1.000 0.020489616344591715
0.200 0.020 0.020527088449919944
0.200 0.040 0.020527088449919944
0.200 0.060 0.020527088449919944
0.200 0.080 0.020527088449919944
0.200 0.100 0.020527088449919944
0.200 0.120 0.020527088449919944
0.200 0.140 0.020527088449919944
0.200 0.160 0.020527088449919944
0.200 0.180 0.020527088449919944
0.200 0.200 0.020527088449919944
0.200 0.220 0.020527088449919944
0.200 0.240 0.020527088449919944
0.200 0.260 0.020527088449919944
0.200 0.280 0.020526661867807054
0.200 0.300 0.020526661867807054
0.200 0.320 0.020526661867807054
0.200 0.340 0.020526661867807054
0.200 0.360 0.020526661867807054
0.200 0.380 0.020516146580366514
0.200 0.400 0.020516572725532454
0.200 0.420 0.020516572725532454
0.200 0.440 0.020516572725532454
0.200 0.460 0.020516572725532454
0.200 0.480 0.020516572725532454
0.200 0.500 0.020516572725532454
0.200 0.520 0.020516572725532454
0.200 0.540 0.020516572725532454
0.200 0.560 0.020516572725532454
0.200 0.580 0.020516572725532454
0.200 0.600 0.020516572725532454
0.200 0.620 0.020516572725532454
0.200 0.640 0.020516572725532454
0.200 0.660 0.020516572725532454
0.200 0.680 0.0204848248173044
0.200 0.700 0.0204848248173044
0.200 0.720 0.0204848248173044
0.200 0.740 0.0204848248173044
0.200 0.760 0.0204848248173044
0.200 0.780 0.0204848248173044
0.200 0.800 0.0204848248173044
0.200 0.820 0.020523045589819704
0.200 0.840 0.020523045589819704
0.200 0.860 0.020523045589819704
0.200 0.880 0.020523045589819704
0.200 0.900 0.020523045589819704
0.200 0.920 0.020514836812731602
0.200 0.940 0.02050642309426377
0.200 0.960 0.02049801627437746
0.200 0.980 0.020489616344591715
0.200 1.000 0.020481223296439477
0.220 0.020 0.020527088449919944
0.220 0.040 0.020527088449919944
0.220 0.060 0.020527088449919944
0.220 0.080 0.020527088449919944
0.220 0.100 0.020527088449919944
0.220 0.120 0.020527088449919944
0.220 0.140 0.020527088449919944
0.220 0.160 0.020527088449919944
0.220 0.180 0.020527088449919944
0.220 0.200 0.020527088449919944
0.220 0.220 0.020527088449919944
0.220 0.240 0.020527088449919944
0.220 0.260 0.020527088449919944
0.220 0.280 0.020526661867807054
0.220 0.300 0.020526661867807054
0.220 0.320 0.020526661867807054
0.220 0.340 0.020526661867807054
0.220 0.360 0.020526661867807054
0.220 0.380 0.020516146580366514
0.220 0.400 0.020516572725532454
0.220 0.420 0.020516572725532454
0.220 0.440 0.020516572725532454
0.220 0.460 0.020516572725532454
0.220 0.480 0.020516572725532454
0.220 0.500 0.020516572725532454
0.220 0.520 0.020516572725532454
0.220 0.540 0.020516572725532454
0.220 0.560 0.020516572725532454
0.220 0.580 0.020516572725532454
0.220 0.600 0.020516572725532454
0.220 0.620 0.020516572725532454
0.220 0.640 0.020516572725532454
0.220 0.660 0.020516572725532454
0.220 0.680 0.0204848248173044
0.220 0.700 0.0204848248173044
0.220 0.720 0.0204848248173044
0.220 0.740 0.0204848248173044
0.220 0.760 0.0204848248173044
0.220 0.780 0.0204848248173044
0.220 0.800 0.0204848248173044
0.220 0.820 0.020523045589819704
0.220 0.840 0.020523045589819704
0.220 0.860 0.020523045589819704
0.220 0.880 0.020523045589819704
0.220 0.900 0.020523045589819704
0.220 0.920 0.020514836812731602
0.220 0.940 0.02050642309426377
0.220 0.960 0.02049801627437746
0.220 0.980 0.020489616344591715
0.220 1.000 0.020481223296439477
0.240 0.020 0.020529842948695847
0.240 0.040 0.020529842948695847
0.240 0.060 0.020529842948695847
0.240 0.080 0.020529842948695847
0.240 0.100 0.020529842948695847
0.240 0.120 0.020529842948695847
0.240 0.140 0.020529842948695847
0.240 0.160 0.020529842948695847
0.240 0.180 0.020529842948695847
0.240 0.200 0.020529842948695847
0.240 0.220 0.020529842948695847
0.240 0.240 0.020529842948695847
0.240 0.260 0.020529842948695847
0.240 0.280 0.020543777244002484
0.240 0.300 0.020543777244002484
0.240 0.320 0.020543777244002484
0.240 0.340 0.020544569709185837
0.240 0.360 0.020544569709185837
0.240 0.380 0.020519324402663956
0.240 0.400 0.020519324402663956
0.240 0.420 0.020519324402663956
0.240 0.440 0.020519324402663956
0.240 0.460 0.020519324402663956
0.240 0.480 0.020519324402663956
0.240 0.500 0.020519324402663956
0.240 0.520 0.020519324402663956
0.240 0.540 0.020519324402663956
0.240 0.560 0.020519324402663956
0.240 0.580 0.020519324402663956
0.240 0.600 0.020519324402663956
0.240 0.620 0.020519324402663956
0.240 0.640 0.020519324402663956
0.240 0.660 0.020519324402663956
0.240 0.680 0.0204848248173044
0.240 0.700 0.0204848248173044
0.240 0.720 0.0204848248173044
0.240 0.740 0.0204848248173044
0.240 0.760 0.0204848248173044
0.240 0.780 0.0204848248173044
0.240 0.800 0.0204848248173044
0.240 0.820 0.020523045589819704
0.240 0.840 0.020523045589819704
0.240 0.860 0.020523045589819704
0.240 0.880 0.020523045589819704
0.240 0.900 0.020523045589819704
0.240 0.920 0.02052325743827584
0.240 0.940 0.020514836812731602
0.240 0.960 0.02050642309426377
0.240 0.980 0.02049801627437746
0.240 1.000 0.020489616344591715
0.260 0.020 0.020529842948695847
0.260 0.040 0.020529842948695847
0.260 0.060 0.020529842948695847
0.260 0.080 0.020529842948695847
0.260 0.100 0.020529842948695847
0.260 0.120 0.020529842948695847
0.260 0.140 0.020529842948695847
0.260 0.160 0.020529842948695847
0.260 0.180 0.020529842948695847
0.260 0.200 0.020529842948695847
0.260 0.220 0.020529842948695847
0.260 0.240 0.020529842948695847
0.260 0.260 0.020529842948695847
0.260 0.280 0.020543777244002484
0.260 0.300 0.020543777244002484
0.260 0.320 0.020543777244002484
0.260 0.340 0.020544569709185837
0.260 0.360 0.020544569709185837
0.260 0.380 0.020519324402663956
0.260 0.400 0.020519324402663956
0.260 0.420 0.020519324402663956
0.260 0.440 0.020519324402663956
0.260 0.460 0.020519324402663956
0.260 0.480 0.020519324402663956
0.260 0.500 0.020519324402663956
0.260 0.520 0.020519324402663956
0.260 0.540 0.020519324402663956
0.260 0.560 0.020519324402663956
0.260 0.580 0.020519324402663956
0.260 0.600 0.020519324402663956
0.260 0.620 0.020519324402663956
0.260 0.640 0.020519324402663956
0.260 0.660 0.020519324402663956
0.260 0.680 0.0204848248173044
0.260 0.700 0.0204848248173044
0.260 0.720 0.0204848248173044
0.260 0.740 0.0204848248173044
0.260 0.760 0.0204848248173044
0.260 0.780 0.0204848248173044
0.260 0.800 0.0204848248173044
0.260 0.820 0.020490365642642644
0.260 0.840 0.020490365642642644
0.260 0.860 0.020490365642642644
0.260 0.880 0.020490365642642644
0.260 0.900 0.020490365642642644
0.260 0.920 0.020489616344591715
0.260 0.940 0.020481223296439477
0.260 0.960 0.02047283712146755
0.260 0.980 0.020464457811236576
0.260 1.000 0.02045608535732102
0.280 0.020 0.020529842948695847
0.280 0.040 0.020529842948695847
0.280 0.060 0.020529842948695847
0.280 0.080 0.020529842948695847
0.280 0.100 0.020529842948695847
0.280 0.120 0.020529842948695847
0.280 0.140 0.020529842948695847
0.280 0.160 0.020529842948695847
0.280 0.180 0.020529842948695847
0.280 0.200 0.020529842948695847
0.280 0.220 0.020529842948695847
0.280 0.240 0.020529842948695847
0.280 0.260 0.020529842948695847
0.280 0.280 0.020529842948695847
0.280 0.300 0.020529842948695847
0.280 0.320 0.020529842948695847
0.280 0.340 0.020544569709185837
0.280 0.360 0.020544569709185837
0.280 0.380 0.020519324402663956
0.280 0.400 0.020519324402663956
0.280 0.420 0.020519324402663956
0.280 0.440 0.020519324402663956
0.280 0.460 0.020519324402663956
0.280 0.480 0.020519324402663956
0.280 0.500 0.020519324402663956
0.280 0.520 0.020519324402663956
0.280 0.540 0.020519324402663956
0.280 0.560 0.020519324402663956
0.280 0.580 0.020519324402663956
0.280 0.600 0.020519324402663956
0.280 0.620 0.020519324402663956
0.280 0.640 0.020519324402663956
0.280 0.660 0.020519324402663956
0.280 0.680 0.0204848248173044
0.280 0.700 0.0204848248173044
0.280 0.720 0.0204848248173044
0.280 0.740 0.0204848248173044
0.280 0.760 0.0204848248173044
0.280 0.780 0.0204848248173044
0.280 0.800 0.0204848248173044
0.280 0.820 0.020490365642642644
0.280 0.840 0.020490365642642644
0.280 0.860 0.020490365642642644
0.280 0.880 0.020490365642642644
0.280 0.900 0.020490365642642644
0.280 0.920 0.020481223296439477
0.280 0.940 0.02047283712146755
0.280 0.960 0.020464457811236576
0.280 0.980 0.02045608535732102
0.280 1.000 0.02044771975130911
0.300 0.020 0.020529842948695847
0.300 0.040 0.020529842948695847
0.300 0.060 0.020529842948695847
0.300 0.080 0.020529842948695847
0.300 0.100 0.020529842948695847
0.300 0.120 0.020529842948695847
0.300 0.140 0.020529842948695847
0.300 0.160 0.020529842948695847
0.300 0.180 0.020529842948695847
0.300 0.200 0.020529842948695847
0.300 0.220 0.020529842948695847
0.300 0.240 0.020529842948695847
0.300 0.260 0.020529842948695847
0.300 0.280 0.020529842948695847
0.300 0.300 0.020529842948695847
0.300 0.320 0.020529842948695847
0.300 0.340 0.020544569709185837
0.300 0.360 0.020544569709185837
0.300 0.380 0.020519324402663956
0.300 0.400 0.020519324402663956
0.300 0.420 0.020519324402663956
0.300 0.440 0.020519324402663956
0.300 0.460 0.020519324402663956
0.300 0.480 0.020519324402663956
0.300 0.500 0.020519324402663956
0.300 0.520 0.020519324402663956
0.300 0.540 0.020519324402663956
0.300 0.560 0.020519324402663956
0.300 0.580 0.020519324402663956
0.300 0.600 0.020519324402663956
0.300 0.620 0.020519324402663956
0.300 0.640 0.020519324402663956
0.300 0.660 0.020519324402663956
0.300 0.680 0.0204848248173044
0.300 0.700 0.0204848248173044
0.300 0.720 0.0204848248173044
0.300 0.740 0.0204848248173044
0.300 0.760 0.0204848248173044
0.300 0.780 0.0204848248173044
0.300 0.800 0.0204848248173044
0.300 0.820 0.020490365642642644
0.300 0.840 0.020490365642642644
0.300 0.860 0.020490365642642644
0.300 0.880 0.020490365642642644
0.300 0.900 0.020481971980743287
0.300 0.920 0.020481223296439477
0.300 0.940 0.02047283712146755
0.300 0.960 0.020464457811236576
0.300 0.980 0.02045608535732102
0.300 1.000 0.02044771975130911
0.320 0.020 0.02048778185431223
0.320 0.040 0.020483585222055994
0.320 0.060 0.020529842948695847
0.320 0.080 0.020529842948695847
0.320 0.100 0.020529842948695847
0.320 0.120 0.020529842948695847
0.320 0.140 0.020529842948695847
0.320 0.160 0.020529842948695847
0.320 0.180 0.020529842948695847
0.320 0.200 0.020529842948695847
0.320 0.220 0.020529842948695847
0.320 0.240 0.020529842948695847
0.320 0.260 0.020529842948695847
0.320 0.280 0.020529842948695847
0.320 0.300 0.020529842948695847
0.320 0.320 0.020529842948695847
0.320 0.340 0.020544569709185837
0.320 0.360 0.020544569709185837
0.320 0.380 0.020519324402663956
0.320 0.400 0.020519324402663956
0.320 0.420 0.020519324402663956
0.320 0.440 0.020519324402663956
0.320 0.460 0.020519324402663956
0.320 0.480 0.020519324402663956
0.320 0.500 0.020519324402663956
0.320 0.520 0.020519324402663956
0.320 0.540 0.020519324402663956
0.320 0.560 0.020519324402663956
0.320 0.580 0.020519324402663956
0.320 0.600 0.020519324402663956
0.320 0.620 0.020519324402663956
0.320 0.640 0.020519324402663956
0.320 0.660 0.020519324402663956
0.320 0.680 0.0204848248173044
0.320 0.700 0.0204848248173044
0.320 0.720 0.0204848248173044
0.320 0.740 0.0204848248173044
0.320 0.760 0.0204848248173044
0.320 0.780 0.0204848248173044
0.320 0.800 0.0204848248173044
0.320 0.820 0.020490365642642644
0.320 0.840 0.020490365642642644
0.320 0.860 0.020490365642642644
0.320 0.880 0.020490365642642644
0.320 0.900 0.020490365642642644
0.320 0.920 0.020481223296439477
0.320 0.940 0.02047283712146755
0.320 0.960 0.020464457811236576
0.320 0.980 0.02045608535732102
0.320 1.000 0.020445916917600584
0.340 0.020 0.020529842948695847
0.340 0.040 0.020529842948695847
0.340 0.060 0.020529842948695847
0.340 0.080 0.020529842948695847
0.340 0.100 0.020529842948695847
0.340 0.120 0.020529842948695847
0.340 0.140 0.020529842948695847
0.340 0.160 0.020529842948695847
0.340 0.180 0.020529842948695847
0.340 0.200 0.020529842948695847
0.340 0.220 0.020529842948695847
0.340 0.240 0.020529842948695847
0.340 0.260 0.020529842948695847
0.340 0.280 0.020529842948695847
0.340 0.300 0.020529842948695847
0.340 0.320 0.020529842948695847
0.340 0.340 0.020544569709185837
0.340 0.360 0.020544569709185837
0.340 0.380 0.020519324402663956
0.340 0.400 0.020519324402663956
0.340 0.420 0.020519324402663956
0.340 0.440 0.020519324402663956
0.340 0.460 0.020519324402663956
0.340 0.480 0.020519324402663956
0.340 0.500 0.020519324402663956
0.340 0.520 0.020519324402663956
0.340 0.540 0.020519324402663956
0.340 0.560 0.020519324402663956
0.340 0.580 0.020519324402663956
0.340 0.600 0.020519324402663956
0.340 0.620 0.020519324402663956
0.340 0.640 0.020519324402663956
0.340 0.660 0.020519324402663956
0.340 0.680 0.0204848248173044
0.340 0.700 0.0204848248173044
0.340 0.720 0.0204848248173044
0.340 0.740 0.0204848248173044
0.340 0.760 0.0204848248173044
0.340 0.780 0.0204848248173044
0.340 0.800 0.0204848248173044
0.340 0.820 0.020490365642642644
0.340 0.840 0.020490365642642644
0.340 0.860 0.020490365642642644
0.340 0.880 0.020490365642642644
0.340 0.900 0.020490365642642644
0.340 0.920 0.020489616344591715
0.340 0.940 0.020481223296439477
0.340 0.960 0.02047283712146755
0.340 0.980 0.020464457811236576
0.340 1.000 0.02045608535732102
0.360 0.020 0.020529842948695847
0.360 0.040 0.020529842948695847
0.360 0.060 0.020529842948695847
0.360 0.080 0.020529842948695847
0.360 0.100 0.020529842948695847
0.360 0.120 0.020529842948695847
0.360 0.140 0.020529842948695847
0.360 0.160 0.020529842948695847
0.360 0.180 0.020529842948695847
0.360 0.200 0.020529842948695847
0.360 0.220 0.020529842948695847
0.360 0.240 0.020529842948695847
0.360 0.260 0.020529842948695847
0.360 0.280 0.020529842948695847
0.360 0.300 0.020529842948695847
0.360 0.320 0.020529842948695847
0.360 0.340 0.020544569709185837
0.360 0.360 0.020544569709185837
0.360 0.380 0.020519324402663956
0.360 0.400 0.020519324402663956
0.360 0.420 0.020519324402663956
0.360 0.440 0.020519324402663956
0.360 0.460 0.020519324402663956
0.360 0.480 0.020519324402663956
0.360 0.500 0.020519324402663956
0.360 0.520 0.020519324402663956
0.360 0.540 0.020519324402663956
0.360 0.560 0.020519324402663956
0.360 0.580 0.020519324402663956
0.360 0.600 0.020519324402663956
0.360 0.620 0.020519324402663956
0.360 0.640 0.020519324402663956
0.360 0.660 0.020519324402663956
0.360 0.680 0.0204848248173044
0.360 0.700 0.0204848248173044
0.360 0.720 0.0204848248173044
0.360 0.740 0.0204848248173044
0.360 0.760 0.0204848248173044
0.360 0.780 0.0204848248173044
0.360 0.800 0.0204848248173044
0.360 0.820 0.020490365642642644
0.360 0.840 0.020490365642642644
0.360 0.860 0.020490365642642644
0.360 0.880 0.020490365642642644
0.360 0.900 0.020490365642642644
0.360 0.920 0.020489616344591715
0.360 0.940 0.020481223296439477
0.360 0.960 0.02047283712146755
0.360 0.980 0.020464457811236576
0.360 1.000 0.02045608535732102
0.380 0.020 0.020529842948695847
0.380 0.040 0.020529842948695847
0.380 0.060 0.020529842948695847
0.380 0.080 0.020529842948695847
0.380 0.100 0.020529842948695847
0.380 0.120 0.020529842948695847
0.380 0.140 0.020529842948695847
0.380 0.160 0.020529842948695847
0.380 0.180 0.020529842948695847
0.380 0.200 0.020529842948695847
0.380 0.220 0.020529842948695847
0.380 0.240 0.020529842948695847
0.380 0.260 0.020529842948695847
0.380 0.280 0.020529842948695847
0.380 0.300 0.020529842948695847
0.380 0.320 0.020529842948695847
0.380 0.340 0.020544569709185837
0.380 0.360 0.020544569709185837
0.380 0.380 0.020519324402663956
0.380 0.400 0.020519324402663956
0.380 0.420 0.020519324402663956
0.380 0.440 0.020519324402663956
0.380 0.460 0.020519324402663956
0.380 0.480 0.020519324402663956
0.380 0.500 0.020519324402663956
0.380 0.520 0.020519324402663956
0.380 0.540 0.020519324402663956
0.380 0.560 0.020519324402663956
0.380 0.580 0.020519324402663956
0.380 0.600 0.020519324402663956
0.380 0.620 0.020519324402663956
0.380 0.640 0.020519324402663956
0.380 0.660 0.020519324402663956
0.380 0.680 0.0204848248173044
0.380 0.700 0.0204848248173044
0.380 0.720 0.0204848248173044
0.380 0.740 0.0204848248173044
0.380 0.760 0.0204848248173044
0.380 0.780 0.0204848248173044
0.380 0.800 0.0204848248173044
0.380 0.820 0.020490365642642644
0.380 0.840 0.020490365642642644
0.380 0.860 0.020490365642642644
0.380 0.880 0.020490365642642644
0.380 0.900 0.020490365642642644
0.380 0.920 0.020489616344591715
0.380 0.940 0.020481223296439477
0.380 0.960 0.020473963717997777
0.380 0.980 0.020464457811236576
0.380 1.000 0.02045608535732102
0.400 0.020 0.020529842948695847
0.400 0.040 0.020529842948695847
0.400 0.060 0.020529842948695847
0.400 0.080 0.020529842948695847
0.400 0.100 0.020529842948695847
0.400 0.120 0.020529842948695847
0.400 0.140 0.020529842948695847
0.400 0.160 0.020529842948695847
0.400 0.180 0.020529842948695847
0.400 0.200 0.020529842948695847
0.400 0.220 0.020529842948695847
0.400 0.240 0.020529842948695847
0.400 0.260 0.020529842948695847
0.400 0.280 0.020529842948695847
0.400 0.300 0.020529842948695847
0.400 0.320 0.020529842948695847
0.400 0.340 0.020544569709185837
0.400 0.360 0.020544569709185837
0.400 0.380 0.020519324402663956
0.400 0.400 0.020519324402663956
0.400 0.420 0.020519324402663956
0.400 0.440 0.020519324402663956
0.400 0.460 0.020519324402663956
0.400 0.480 0.020519324402663956
0.400 0.500 0.020519324402663956
0.400 0.520 0.020519324402663956
0.400 0.540 0.020519324402663956
0.400 0.560 0.020519324402663956
0.400 0.580 0.020519324402663956
0.400 0.600 0.020519324402663956
0.400 0.620 0.020519324402663956
0.400 0.640 0.020519324402663956
0.400 0.660 0.020519324402663956
0.400 0.680 0.0204848248173044
0.400 0.700 0.0204848248173044
0.400 0.720 0.0204848248173044
0.400 0.740 0.0204848248173044
0.400 0.760 0.0204848248173044
0.400 0.780 0.0204848248173044
0.400 0.800 0.0204848248173044
0.400 0.820 0.020490365642642644
0.400 0.840 0.020490365642642644
0.400 0.860 0.020490365642642644
0.400 0.880 0.020490365642642644
0.400 0.900 0.020490365642642644
0.400 0.920 0.020481223296439477
0.400 0.940 0.02047465960241274
0.400 0.960 0.020464457811236576
0.400 0.980 0.02045608535732102
0.400 1.000 0.02044771975130911
0.420 0.020 0.020510233598953112
0.420 0.040 0.020510233598953112
0.420 0.060 0.020510233598953112
0.420 0.080 0.020510233598953112
0.420 0.100 0.020510233598953112
0.420 0.120 0.020510233598953112
0.420 0.140 0.020510233598953112
0.420 0.160 0.020510233598953112
0.420 0.180 0.020510233598953112
0.420 0.200 0.020510233598953112
0.420 0.220 0.020510233598953112
0.420 0.240 0.020510233598953112
0.420 0.260 0.020510233598953112
0.420 0.280 0.020510233598953112
0.420 0.300 0.020510233598953112
0.420 0.320 0.020510233598953112
0.420 0.340 0.02052493496945243
0.420 0.360 0.02052493496945243
0.420 0.380 0.020499300716955726
0.420 0.400 0.020487144623744614
0.420 0.420 0.020487144623744614
0.420 0.440 0.020487144623744614
0.420 0.460 0.020487144623744614
0.420 0.480 0.020487144623744614
0.420 0.500 0.020487144623744614
0.420 0.520 0.020487144623744614
0.420 0.540 0.020487144623744614
0.420 0.560 0.020487144623744614
0.420 0.580 0.020487144623744614
0.420 0.600 0.020487144623744614
0.420 0.620 0.020487144623744614
0.420 0.640 0.020487144623744614
0.420 0.660 0.020487144623744614
0.420 0.680 0.0204848248173044
0.420 0.700 0.0204848248173044
0.420 0.720 0.0204848248173044
0.420 0.740 0.0204848248173044
0.420 0.760 0.0204848248173044
0.420 0.780 0.0204848248173044
0.420 0.800 0.0204848248173044
0.420 0.820 0.020490365642642644
0.420 0.840 0.020490365642642644
0.420 0.860 0.020490365642642644
0.420 0.880 0.020490365642642644
0.420 0.900 0.020490365642642644
0.420 0.920 0.020489616344591715
0.420 0.940 0.020481223296439477
0.420 0.960 0.02047283712146755
0.420 0.980 0.020464457811236576
0.420 1.000 0.02045608535732102
0.440 0.020 0.020590442341517558
0.440 0.040 0.020590442341517558
0.440 0.060 0.020590442341517558
0.440 0.080 0.020590442341517558
0.440 0.100 0.020590442341517558
0.440 0.120 0.020590442341517558
0.440 0.140 0.020590442341517558
0.440 0.160 0.020590442341517558
0.440 0.180 0.020590442341517558
0.440 0.200 0.020590442341517558
0.440 0.220 0.020590442341517558
0.440 0.240 0.020590442341517558
0.440 0.260 0.020590442341517558
0.440 0.280 0.020590442341517558
0.440 0.300 0.020590442341517558
0.440 0.320 0.020590442341517558
0.440 0.340 0.02059030509869502
0.440 0.360 0.02059030509869502
0.440 0.380 0.020614966288681955
0.440 0.400 0.020601347772669264
0.440 0.420 0.020601347772669264
0.440 0.440 0.020601347772669264
0.440 0.460 0.020601347772669264
0.440 0.480 0.020601347772669264
0.440 0.500 0.020601347772669264
0.440 0.520 0.020601347772669264
0.440 0.540 0.020601347772669264
0.440 0.560 0.020601347772669264
0.440 0.580 0.020601347772669264
0.440 0.600 0.020547409227148913
0.440 0.620 0.020547409227148913
0.440 0.640 0.020547409227148913
0.440 0.660 0.020547409227148913
0.440 0.680 0.0204848248173044
0.440 0.700 0.0204848248173044
0.440 0.720 0.0204848248173044
0.440 0.740 0.0204848248173044
0.440 0.760 0.0204848248173044
0.440 0.780 0.0204848248173044
0.440 0.800 0.0204848248173044
0.440 0.820 0.020490365642642644
0.440 0.840 0.020490365642642644
0.440 0.860 0.020490365642642644
0.440 0.880 0.020490365642642644
0.440 0.900 0.020490365642642644
0.440 0.920 0.020481223296439477
0.440 0.940 0.02047283712146755
0.440 0.960 0.02045608535732102
0.440 0.980 0.02044771975130911
0.440 1.000 0.020439360984802847
0.460 0.020 0.02050747944442495
0.460 0.040 0.02050747944442495
0.460 0.060 0.02050747944442495
0.460 0.080 0.02050747944442495
0.460 0.100 0.02050747944442495
0.460 0.120 0.02050747944442495
0.460 0.140 0.02050747944442495
0.460 0.160 0.02050747944442495
0.460 0.180 0.02050747944442495
0.460 0.200 0.02050747944442495
0.460 0.220 0.02050747944442495
0.460 0.240 0.02050747944442495
0.460 0.260 0.02050747944442495
0.460 0.280 0.02050747944442495
0.460 0.300 0.02050747944442495
0.460 0.320 0.02050747944442495
0.460 0.340 0.02050747944442495
0.460 0.360 0.02050747944442495
0.460 0.380 0.02049464858453968
0.460 0.400 0.020482406090865563
0.460 0.420 0.020482406090865563
0.460 0.440 0.020482406090865563
0.460 0.460 0.020482406090865563
0.460 0.480 0.020482406090865563
0.460 0.500 0.020482406090865563
0.460 0.520 0.020482406090865563
0.460 0.540 0.020482406090865563
0.460 0.560 0.020482406090865563
0.460 0.580 0.020482406090865563
0.460 0.600 0.0204848248173044
0.460 0.620 0.0204848248173044
0.460 0.640 0.0204848248173044
0.460 0.660 0.0204848248173044
0.460 0.680 0.0204848248173044
0.460 0.700 0.0204848248173044
0.460 0.720 0.0204848248173044
0.460 0.740 0.0204848248173044
0.460 0.760 0.0204848248173044
0.460 0.780 0.0204848248173044
0.460 0.800 0.0204848248173044
0.460 0.820 0.020490365642642644
0.460 0.840 0.020490365642642644
0.460 0.860 0.020490365642642644
0.460 0.880 0.020490365642642644
0.460 0.900 0.020490365642642644
0.460 0.920 0.020544339276469353
0.460 0.940 0.020544339276469353
0.460 0.960 0.020544339276469353
0.460 0.980 0.020544339276469353
0.460 1.000 0.020544339276469353
0.480 0.020 0.02050747944442495
0.480 0.040 0.02050747944442495
0.480 0.060 0.02050747944442495
0.480 0.080 0.02050747944442495
0.480 0.100 0.02050747944442495
0.480 0.120 0.02050747944442495
0.480 0.140 0.02050747944442495
0.480 0.160 0.02050747944442495
0.480 0.180 0.02050747944442495
0.480 0.200 0.02050747944442495
0.480 0.220 0.02050747944442495
0.480 0.240 0.02050747944442495
0.480 0.260 0.02050747944442495
0.480 0.280 0.02050747944442495
0.480 0.300 0.02050747944442495
0.480 0.320 0.02050747944442495
0.480 0.340 0.02050747944442495
0.480 0.360 0.02050747944442495
0.480 0.380 0.02049464858453968
0.480 0.400 0.020482406090865563
0.480 0.420 0.020482406090865563
0.480 0.440 0.020482406090865563
0.480 0.460 0.020482406090865563
0.480 0.480 0.020482406090865563
0.480 0.500 0.020482406090865563
0.480 0.520 0.020482406090865563
0.480 0.540 0.020482406090865563
0.480 0.560 0.020482406090865563
0.480 0.580 0.020482406090865563
0.480 0.600 0.0204848248173044
0.480 0.620 0.0204848248173044
0.480 0.640 0.0204848248173044
0.480 0.660 0.0204848248173044
0.480 0.680 0.0204848248173044
0.480 0.700 0.0204848248173044
0.480 0.720 0.0204848248173044
0.480 0.740 0.0204848248173044
0.480 0.760 0.0204848248173044
0.480 0.780 0.0204848248173044
0.480 0.800 0.0204848248173044
0.480 0.820 0.020490365642642644
0.480 0.840 0.020490365642642644
0.480 0.860 0.020490365642642644
0.480 0.880 0.020490365642642644
0.480 0.900 0.020490365642642644
0.480 0.920 0.020544339276469353
0.480 0.940 0.020544339276469353
0.480 0.960 0.020544339276469353
0.480 0.980 0.020544339276469353
0.480 1.000 0.020544339276469353
0.500 0.020 0.02050747944442495
0.500 0.040 0.02050747944442495
0.500 0.060 0.02050747944442495
0.500 0.080 0.02050747944442495
0.500 0.100 0.02050747944442495
0.500 0.120 0.02050747944442495
0.500 0.140 0.02050747944442495
0.500 0.160 0.02050747944442495
0.500 0.180 0.02050747944442495
0.500 0.200 0.02050747944442495
0.500 0.220 0.02050747944442495
0.500 0.240 0.02050747944442495
0.500 0.260 0.02050747944442495
0.500 0.280 0.02050747944442495
0.500 0.300 0.02050747944442495
0.500 0.320 0.02050747944442495
0.500 0.340 0.02050747944442495
0.500 0.360 0.02050747944442495
0.500 0.380 0.02049464858453968
0.500 0.400 0.020482406090865563
0.500 0.420 0.020482406090865563
0.500 0.440 0.020482406090865563
0.500 0.460 0.020482406090865563
0.500 0.480 0.020482406090865563
0.500 0.500 0.020482406090865563
0.500 0.520 0.020482406090865563
0.500 0.540 0.020482406090865563
0.500 0.560 0.020482406090865563
0.500 0.580 0.020482406090865563
0.500 0.600 0.0204848248173044
0.500 0.620 0.0204848248173044
0.500 0.640 0.0204848248173044
0.500 0.660 0.0204848248173044
0.500 0.680 0.0204848248173044
0.500 0.700 0.0204848248173044
0.500 0.720 0.0204848248173044
0.500 0.740 0.0204848248173044
0.500 0.760 0.0204848248173044
0.500 0.780 0.0204848248173044
0.500 0.800 0.0204848248173044
0.500 0.820 0.020490365642642644
0.500 0.840 0.020490365642642644
0.500 0.860 0.020490365642642644
0.500 0.880 0.020490365642642644
0.500 0.900 0.020490365642642644
0.500 0.920 0.020544339276469353
0.500 0.940 0.020544339276469353
0.500 0.960 0.020544339276469353
0.500 0.980 0.020544339276469353
0.500 1.000 0.020544339276469353
0.520 0.020 0.020624905013357647
0.520 0.040 0.020624905013357647
0.520 0.060 0.020624905013357647
0.520 0.080 0.020624905013357647
0.520 0.100 0.020624905013357647
0.520 0.120 0.020624905013357647
0.520 0.140 0.020624905013357647
0.520 0.160 0.020624905013357647
0.520 0.180 0.020624905013357647
0.520 0.200 0.020671156844701766
0.520 0.220 0.020624905013357647
0.520 0.240 0.020624905013357647
0.520 0.260 0.020624905013357647
0.520 0.280 0.020624905013357647
0.520 0.300 0.020624905013357647
0.520 0.320 0.020624905013357647
0.520 0.340 0.020624905013357647
0.520 0.360 0.020624905013357647
0.520 0.380 0.020603765590543492
0.520 0.400 0.02058064985999709
0.520 0.420 0.020568522876470662
0.520 0.440 0.020568522876470662
0.520 0.460 0.020568522876470662
0.520 0.480 0.020568522876470662
0.520 0.500 0.020568522876470662
0.520 0.520 0.020568522876470662
0.520 0.540 0.020568522876470662
0.520 0.560 0.020568522876470662
0.520 0.580 0.020568522876470662
0.520 0.600 0.02057009789494014
0.520 0.620 0.02057009789494014
0.520 0.640 0.02057009789494014
0.520 0.660 0.02057009789494014
0.520 0.680 0.02057009789494014
0.520 0.700 0.02057009789494014
0.520 0.720 0.02057009789494014
0.520 0.740 0.02057009789494014
0.520 0.760 0.02057009789494014
0.520 0.780 0.02057009789494014
0.520 0.800 0.02057009789494014
0.520 0.820 0.02057643105927756
0.520 0.840 0.02057643105927756
0.520 0.860 0.02057643105927756
0.520 0.880 0.02057643105927756
0.520 0.900 0.02057643105927756
0.520 0.920 0.020568661110825993
0.520 0.940 0.020568661110825993
0.520 0.960 0.020568661110825993
0.520 0.980 0.020568661110825993
0.520 1.000 0.020568661110825993
0.540 0.020 0.020624905013357647
0.540 0.040 0.020624905013357647
0.540 0.060 0.020624905013357647
0.540 0.080 0.020624905013357647
0.540 0.100 0.020624905013357647
0.540 0.120 0.020624905013357647
0.540 0.140 0.020624905013357647
0.540 0.160 0.020624905013357647
0.540 0.180 0.020624905013357647
0.540 0.200 0.020671156844701766
0.540 0.220 0.020624905013357647
0.540 0.240 0.020624905013357647
0.540 0.260 0.020624905013357647
0.540 0.280 0.020624905013357647
0.540 0.300 0.020624905013357647
0.540 0.320 0.020624905013357647
0.540 0.340 0.020624905013357647
0.540 0.360 0.020624905013357647
0.540 0.380 0.020603765590543492
0.540 0.400 0.02058064985999709
0.540 0.420 0.020568522876470662
0.540 0.440 0.020568522876470662
0.540 0.460 0.020568522876470662
0.540 0.480 0.020568522876470662
0.540 0.500 0.020568522876470662
0.540 0.520 0.020568522876470662
0.540 0.540 0.020568522876470662
0.540 0.560 0.020568522876470662
0.540 0.580 0.020568522876470662
0.540 0.600 0.02057009789494014
0.540 0.620 0.02057009789494014
0.540 0.640 0.02057009789494014
0.540 0.660 0.02057009789494014
0.540 0.680 0.02057009789494014
0.540 0.700 0.02057009789494014
0.540 0.720 0.02057009789494014
0.540 0.740 0.02057009789494014
0.540 0.760 0.02057009789494014
0.540 0.780 0.02057009789494014
0.540 0.800 0.02057009789494014
0.540 0.820 0.02057643105927756
0.540 0.840 0.02057643105927756
0.540 0.860 0.02057643105927756
0.540 0.880 0.02057643105927756
0.540 0.900 0.02057643105927756
0.540 0.920 0.020568661110825993
0.540 0.940 0.020568661110825993
0.540 0.960 0.020568661110825993
0.540 0.980 0.020568661110825993
0.540 1.000 0.020568661110825993
0.560 0.020 0.020602048695900738
0.560 0.040 0.020602048695900738
0.560 0.060 0.020602048695900738
0.560 0.080 0.020602048695900738
0.560 0.100 0.020602048695900738
0.560 0.120 0.020602048695900738
0.560 0.140 0.020602048695900738
0.560 0.160 0.020602048695900738
0.560 0.180 0.020602048695900738
0.560 0.200 0.02064604977919278
0.560 0.220 0.020602048695900738
0.560 0.240 0.020602048695900738
0.560 0.260 0.020602048695900738
0.560 0.280 0.020602048695900738
0.560 0.300 0.020602048695900738
0.560 0.320 0.020602048695900738
0.560 0.340 0.020602048695900738
0.560 0.360 0.020602048695900738
0.560 0.380 0.020580242920348667
0.560 0.400 0.02058064985999709
0.560 0.420 0.020568522876470662
0.560 0.440 0.020568522876470662
0.560 0.460 0.020568522876470662
0.560 0.480 0.020568522876470662
0.560 0.500 0.020568522876470662
0.560 0.520 0.020568522876470662
0.560 0.540 0.020568522876470662
0.560 0.560 0.020568522876470662
0.560 0.580 0.020568522876470662
0.560 0.600 0.02057009789494014
0.560 0.620 0.02057009789494014
0.560 0.640 0.02057009789494014
0.560 0.660 0.02057009789494014
0.560 0.680 0.02057009789494014
0.560 0.700 0.02057009789494014
0.560 0.720 0.02057009789494014
0.560 0.740 0.02057009789494014
0.560 0.760 0.02057009789494014
0.560 0.780 0.02057009789494014
0.560 0.800 0.02057009789494014
0.560 0.820 0.02057643105927756
0.560 0.840 0.02057643105927756
0.560 0.860 0.02057643105927756
0.560 0.880 0.02057643105927756
0.560 0.900 0.02057643105927756
0.560 0.920 0.020568661110825993
0.560 0.940 0.020568661110825993
0.560 0.960 0.020568661110825993
0.560 0.980 0.020568661110825993
0.560 1.000 0.020568661110825993
0.580 0.020 0.020602048695900738
0.580 0.040 0.020602048695900738
0.580 0.060 0.020602048695900738
0.580 0.080 0.020602048695900738
0.580 0.100 0.020602048695900738
0.580 0.120 0.020602048695900738
0.580 0.140 0.020602048695900738
0.580 0.160 0.020602048695900738
0.580 0.180 0.020602048695900738
0.580 0.200 0.02064604977919278
0.580 0.220 0.020602048695900738
0.580 0.240 0.020602048695900738
0.580 0.260 0.020602048695900738
0.580 0.280 0.020602048695900738
0.580 0.300 0.020602048695900738
0.580 0.320 0.020602048695900738
0.580 0.340 0.020602048695900738
0.580 0.360 0.020602048695900738
0.580 0.380 0.020580242920348667
0.580 0.400 0.02058064985999709
0.580 0.420 0.020568522876470662
0.580 0.440 0.020568522876470662
0.580 0.460 0.020568522876470662
0.580 0.480 0.020568522876470662
0.580 0.500 0.020568522876470662
0.580 0.520 0.020568522876470662
0.580 0.540 0.020568522876470662
0.580 0.560 0.020568522876470662
0.580 0.580 0.020568522876470662
0.580 0.600 0.02057009789494014
0.580 0.620 0.02057009789494014
0.580 0.640 0.02057009789494014
0.580 0.660 0.02057009789494014
0.580 0.680 0.02057009789494014
0.580 0.700 0.02057009789494014
0.580 0.720 0.02057009789494014
0.580 0.740 0.02057009789494014
0.580 0.760 0.02057009789494014
0.580 0.780 0.02057009789494014
0.580 0.800 0.02057009789494014
0.580 0.820 0.02057643105927756
0.580 0.840 0.02057643105927756
0.580 0.860 0.02057643105927756
0.580 0.880 0.02057643105927756
0.580 0.900 0.02057643105927756
0.580 0.920 0.020568661110825993
0.580 0.940 0.020568661110825993
0.580 0.960 0.020568661110825993
0.580 0.980 0.020568661110825993
0.580 1.000 0.020568661110825993
0.600 0.020 0.020581194234733667
0.600 0.040 0.020581194234733667
0.600 0.060 0.020581194234733667
0.600 0.080 0.020581194234733667
0.600 0.100 0.020581194234733667
0.600 0.120 0.020581194234733667
0.600 0.140 0.020581194234733667
0.600 0.160 0.020581194234733667
0.600 0.180 0.020581194234733667
0.600 0.200 0.020617346584757345
0.600 0.220 0.020581194234733667
0.600 0.240 0.020581194234733667
0.600 0.260 0.020581194234733667
0.600 0.280 0.020581194234733667
0.600 0.300 0.020581194234733667
0.600 0.320 0.020581194234733667
0.600 0.340 0.020581194234733667
0.600 0.360 0.020581194234733667
0.600 0.380 0.020580242920348667
0.600 0.400 0.02058064985999709
0.600 0.420 0.020568522876470662
0.600 0.440 0.020568522876470662
0.600 0.460 0.020568522876470662
0.600 0.480 0.020568522876470662
0.600 0.500 0.020568522876470662
0.600 0.520 0.020568522876470662
0.600 0.540 0.020568522876470662
0.600 0.560 0.020568522876470662
0.600 0.580 0.020568522876470662
0.600 0.600 0.02057009789494014
0.600 0.620 0.02057009789494014
0.600 0.640 0.02057009789494014
0.600 0.660 0.02057009789494014
0.600 0.680 0.02057009789494014
0.600 0.700 0.02057009789494014
0.600 0.720 0.02057009789494014
0.600 0.740 0.02057009789494014
0.600 0.760 0.02057009789494014
0.600 0.780 0.02057009789494014
0.600 0.800 0.02057009789494014
0.600 0.820 0.02057643105927756
0.600 0.840 0.02057643105927756
0.600 0.860 0.02057643105927756
0.600 0.880 0.02057643105927756
0.600 0.900 0.02057643105927756
0.600 0.920 0.020568661110825993
0.600 0.940 0.020568661110825993
0.600 0.960 0.020568661110825993
0.600 0.980 0.020568661110825993
0.600 1.000 0.020568661110825993
0.620 0.020 0.020581194234733667
0.620 0.040 0.020581194234733667
0.620 0.060 0.020581194234733667
0.620 0.080 0.020581194234733667
0.620 0.100 0.020581194234733667
0.620 0.120 0.020581194234733667
0.620 0.140 0.020581194234733667
0.620 0.160 0.020581194234733667
0.620 0.180 0.020581194234733667
0.620 0.200 0.020617346584757345
0.620 0.220 0.020581194234733667
0.620 0.240 0.020581194234733667
0.620 0.260 0.020581194234733667
0.620 0.280 0.020581194234733667
0.620 0.300 0.020581194234733667
0.620 0.320 0.020581194234733667
0.620 0.340 0.020581194234733667
0.620 0.360 0.020581194234733667
0.620 0.380 0.020580242920348667
0.620 0.400 0.02058064985999709
0.620 0.420 0.020568522876470662
0.620 0.440 0.020568522876470662
0.620 0.460 0.020568522876470662
0.620 0.480 0.020568522876470662
0.620 0.500 0.020568522876470662
0.620 0.520 0.020568522876470662
0.620 0.540 0.020568522876470662
0.620 0.560 0.020568522876470662
0.620 0.580 0.020568522876470662
0.620 0.600 0.02057009789494014
0.620 0.620 0.02057009789494014
0.620 0.640 0.02057009789494014
0.620 0.660 0.02057009789494014
0.620 0.680 0.02057009789494014
0.620 0.700 0.02057009789494014
0.620 0.720 0.02057009789494014
0.620 0.740 0.02057009789494014
0.620 0.760 0.02057009789494014
0.620 0.780 0.02057009789494014
0.620 0.800 0.02057009789494014
0.620 0.820 0.02057643105927756
0.620 0.840 0.02057643105927756
0.620 0.860 0.02057643105927756
0.620 0.880 0.02057643105927756
0.620 0.900 0.02057643105927756
0.620 0.920 0.020568661110825993
0.620 0.940 0.020568661110825993
0.620 0.960 0.020568661110825993
0.620 0.980 0.020568661110825993
0.620 1.000 0.020568661110825993
0.640 0.020 0.020579632081099312
0.640 0.040 0.020579632081099312
0.640 0.060 0.020579632081099312
0.640 0.080 0.020579632081099312
0.640 0.100 0.020579632081099312
0.640 0.120 0.020579632081099312
0.640 0.140 0.020579632081099312
0.640 0.160 0.020579632081099312
0.640 0.180 0.020579632081099312
0.640 0.200 0.020579632081099312
0.640 0.220 0.020579632081099312
0.640 0.240 0.020579632081099312
0.640 0.260 0.020579632081099312
0.640 0.280 0.020579632081099312
0.640 0.300 0.020579632081099312
0.640 0.320 0.020579632081099312
0.640 0.340 0.020579632081099312
0.640 0.360 0.020579632081099312
0.640 0.380 0.020580242920348667
0.640 0.400 0.02058064985999709
0.640 0.420 0.020568522876470662
0.640 0.440 0.020568522876470662
0.640 0.460 0.020568522876470662
0.640 0.480 0.020568522876470662
0.640 0.500 0.020568522876470662
0.640 0.520 0.020568522876470662
0.640 0.540 0.020568522876470662
0.640 0.560 0.020568522876470662
0.640 0.580 0.020568522876470662
0.640 0.600 0.02058047508087416
0.640 0.620 0.02058047508087416
0.640 0.640 0.02058047508087416
0.640 0.660 0.02058047508087416
0.640 0.680 0.02058047508087416
0.640 0.700 0.02058047508087416
0.640 0.720 0.02058047508087416
0.640 0.740 0.02058047508087416
0.640 0.760 0.02058047508087416
0.640 0.780 0.02058047508087416
0.640 0.800 0.02058047508087416
0.640 0.820 0.02058297761549099
0.640 0.840 0.02058297761549099
0.640 0.860 0.02058297761549099
0.640 0.880 0.02058297761549099
0.640 0.900 0.020568661110825993
0.640 0.920 0.020568661110825993
0.640 0.940 0.020568661110825993
0.640 0.960 0.020568661110825993
0.640 0.980 0.020568661110825993
0.640 1.000 0.020568661110825993
0.660 0.020 0.020547261063562604
0.660 0.040 0.020547261063562604
0.660 0.060 0.020547261063562604
0.660 0.080 0.020547261063562604
0.660 0.100 0.020547261063562604
0.660 0.120 0.020547261063562604
0.660 0.140 0.020547261063562604
0.660 0.160 0.020547261063562604
0.660 0.180 0.020547261063562604
0.660 0.200 0.020547261063562604
0.660 0.220 0.020547261063562604
0.660 0.240 0.020547261063562604
0.660 0.260 0.020547261063562604
0.660 0.280 0.020547261063562604
0.660 0.300 0.020547261063562604
0.660 0.320 0.020547261063562604
0.660 0.340 0.020547261063562604
0.660 0.360 0.020547261063562604
0.660 0.380 0.02053346092217505
0.660 0.400 0.02053346092217505
0.660 0.420 0.02053346092217505
0.660 0.440 0.02053346092217505
0.660 0.460 0.020535784147207106
0.660 0.480 0.020535784147207106
0.660 0.500 0.020535784147207106
0.660 0.520 0.020535784147207106
0.660 0.540 0.020535784147207106
0.660 0.560 0.020535784147207106
0.660 0.580 0.020535784147207106
0.660 0.600 0.020547699123162552
0.660 0.620 0.020547699123162552
0.660 0.640 0.020535324199128756
0.660 0.660 0.020535324199128756
0.660 0.680 0.0205374590778735
0.660 0.700 0.0205374590778735
0.660 0.720 0.0205374590778735
0.660 0.740 0.0205374590778735
0.660 0.760 0.0205374590778735
0.660 0.780 0.0205374590778735
0.660 0.800 0.0205374590778735
0.660 0.820 0.02053995116151161
0.660 0.840 0.02053995116151161
0.660 0.860 0.02053995116151161
0.660 0.880 0.02053995116151161
0.660 0.900 0.020525459969736263
0.660 0.920 0.020525459969736263
0.660 0.940 0.020525459969736263
0.660 0.960 0.020525459969736263
0.660 0.980 0.020525459969736263
0.660 1.000 0.020525459969736263
0.680 0.020 0.020547261063562604
0.680 0.040 0.020547261063562604
0.680 0.060 0.020547261063562604
0.680 0.080 0.020547261063562604
0.680 0.100 0.020547261063562604
0.680 0.120 0.020547261063562604
0.680 0.140 0.020547261063562604
0.680 0.160 0.020547261063562604
0.680 0.180 0.020547261063562604
0.680 0.200 0.020547261063562604
0.680 0.220 0.020547261063562604
0.680 0.240 0.020547261063562604
0.680 0.260 0.020547261063562604
0.680 0.280 0.020547261063562604
0.680 0.300 0.020547261063562604
0.680 0.320 0.020547261063562604
0.680 0.340 0.020547261063562604
0.680 0.360 0.020547261063562604
0.680 0.380 0.02053346092217505
0.680 0.400 0.02053346092217505
0.680 0.420 0.02053346092217505
0.680 0.440 0.02053346092217505
0.680 0.460 0.020535784147207106
0.680 0.480 0.020535784147207106
0.680 0.500 0.020535784147207106
0.680 0.520 0.020535784147207106
0.680 0.540 0.020535784147207106
0.680 0.560 0.020535784147207106
0.680 0.580 0.020535784147207106
0.680 0.600 0.020547699123162552
0.680 0.620 0.020547699123162552
0.680 0.640 0.020535324199128756
0.680 0.660 0.020535324199128756
0.680 0.680 0.0205374590778735
0.680 0.700 0.0205374590778735
0.680 0.720 0.0205374590778735
0.680 0.740 0.0205374590778735
0.680 0.760 0.0205374590778735
0.680 0.780 0.0205374590778735
0.680 0.800 0.0205374590778735
0.680 0.820 0.02053995116151161
0.680 0.840 0.02053995116151161
0.680 0.860 0.02053995116151161
0.680 0.880 0.02053995116151161
0.680 0.900 0.020525459969736263
0.680 0.920 0.020525459969736263
0.680 0.940 0.020525459969736263
0.680 0.960 0.020525459969736263
0.680 0.980 0.020525459969736263
0.680 1.000 0.020525459969736263
0.700 0.020 0.020547261063562604
0.700 0.040 0.020547261063562604
0.700 0.060 0.020547261063562604
0.700 0.080 0.020547261063562604
0.700 0.100 0.020547261063562604
0.700 0.120 0.020547261063562604
0.700 0.140 0.020547261063562604
0.700 0.160 0.020547261063562604
0.700 0.180 0.020547261063562604
0.700 0.200 0.020547261063562604
0.700 0.220 0.020547261063562604
0.700 0.240 0.020547261063562604
0.700 0.260 0.020547261063562604
0.700 0.280 0.020547261063562604
0.700 0.300 0.020547261063562604
0.700 0.320 0.020547261063562604
0.700 0.340 0.020547261063562604
0.700 0.360 0.020547261063562604
0.700 0.380 0.02053346092217505
0.700 0.400 0.02053346092217505
0.700 0.420 0.02053346092217505
0.700 0.440 0.02053346092217505
0.700 0.460 0.020535784147207106
0.700 0.480 0.020535784147207106
0.700 0.500 0.020535784147207106
0.700 0.520 0.020535784147207106
0.700 0.540 0.020535784147207106
0.700 0.560 0.020535784147207106
0.700 0.580 0.020535784147207106
0.700 0.600 0.020547699123162552
0.700 0.620 0.020547699123162552
0.700 0.640 0.020535324199128756
0.700 0.660 0.020535324199128756
0.700 0.680 0.0205374590778735
0.700 0.700 0.0205374590778735
0.700 0.720 0.0205374590778735
0.700 0.740 0.0205374590778735
0.700 0.760 0.0205374590778735
0.700 0.780 0.0205374590778735
0.700 0.800 0.0205374590778735
0.700 0.820 0.02053995116151161
0.700 0.840 0.02053995116151161
0.700 0.860 0.02053995116151161
0.700 0.880 0.02053995116151161
0.700 0.900 0.020525459969736263
0.700 0.920 0.020525459969736263
0.700 0.940 0.020525459969736263
0.700 0.960 0.020525459969736263
0.700 0.980 0.020525459969736263
0.700 1.000 0.020525459969736263
0.720 0.020 0.020547261063562604
0.720 0.040 0.020547261063562604
0.720 0.060 0.020547261063562604
0.720 0.080 0.020547261063562604
0.720 0.100 0.020547261063562604
0.720 0.120 0.020547261063562604
0.720 0.140 0.020547261063562604
0.720 0.160 0.020547261063562604
0.720 0.180 0.020547261063562604
0.720 0.200 0.020547261063562604
0.720 0.220 0.020547261063562604
0.720 0.240 0.020547261063562604
0.720 0.260 0.020547261063562604
0.720 0.280 0.020547261063562604
0.720 0.300 0.020547261063562604
0.720 0.320 0.020547261063562604
0.720 0.340 0.020547261063562604
0.720 0.360 0.020547261063562604
0.720 0.380 0.020542936225952078
0.720 0.400 0.020542936225952078
0.720 0.420 0.020542936225952078
0.720 0.440 0.020542936225952078
0.720 0.460 0.020545261595735918
0.720 0.480 0.020545261595735918
0.720 0.500 0.020545261595735918
0.720 0.520 0.020545261595735918
0.720 0.540 0.020545261595735918
0.720 0.560 0.020545261595735918
0.720 0.580 0.020545261595735918
0.720 0.600 0.020547699123162552
0.720 0.620 0.020547699123162552
0.720 0.640 0.020535324199128756
0.720 0.660 0.020535324199128756
0.720 0.680 0.0205374590778735
0.720 0.700 0.0205374590778735
0.720 0.720 0.0205374590778735
0.720 0.740 0.0205374590778735
0.720 0.760 0.0205374590778735
0.720 0.780 0.0205374590778735
0.720 0.800 0.0205374590778735
0.720 0.820 0.02053995116151161
0.720 0.840 0.02053995116151161
0.720 0.860 0.02053995116151161
0.720 0.880 0.02053995116151161
0.720 0.900 0.020525459969736263
0.720 0.920 0.020525459969736263
0.720 0.940 0.020525459969736263
0.720 0.960 0.020525459969736263
0.720 0.980 0.020525459969736263
0.720 1.000 0.020525459969736263
0.740 0.020 0.020547261063562604
0.740 0.040 0.020547261063562604
0.740 0.060 0.020547261063562604
0.740 0.080 0.020547261063562604
0.740 0.100 0.020547261063562604
0.740 0.120 0.020547261063562604
0.740 0.140 0.020547261063562604
0.740 0.160 0.020547261063562604
0.740 0.180 0.020547261063562604
0.740 0.200 0.020547261063562604
0.740 0.220 0.020547261063562604
0.740 0.240 0.020547261063562604
0.740 0.260 0.020547261063562604
0.740 0.280 0.020547261063562604
0.740 0.300 0.020547261063562604
0.740 0.320 0.020547261063562604
0.740 0.340 0.020547261063562604
0.740 0.360 0.020547261063562604
0.740 0.380 0.020542936225952078
0.740 0.400 0.020542936225952078
0.740 0.420 0.020542936225952078
0.740 0.440 0.020542936225952078
0.740 0.460 0.020545261595735918
0.740 0.480 0.020545261595735918
0.740 0.500 0.020545261595735918
0.740 0.520 0.020545261595735918
0.740 0.540 0.020545261595735918
0.740 0.560 0.020545261595735918
0.740 0.580 0.020545261595735918
0.740 0.600 0.020547699123162552
0.740 0.620 0.020547699123162552
0.740 0.640 0.020535324199128756
0.740 0.660 0.020535324199128756
0.740 0.680 0.0205374590778735
0.740 0.700 0.0205374590778735
0.740 0.720 0.0205374590778735
0.740 0.740 0.0205374590778735
0.740 0.760 0.0205374590778735
0.740 0.780 0.0205374590778735
0.740 0.800 0.0205374590778735
0.740 0.820 0.02053995116151161
0.740 0.840 0.02053995116151161
0.740 0.860 0.02053995116151161
0.740 0.880 0.02053995116151161
0.740 0.900 0.020525459969736263
0.740 0.920 0.020525459969736263
0.740 0.940 0.020525459969736263
0.740 0.960 0.020525459969736263
0.740 0.980 0.020525459969736263
0.740 1.000 0.020525459969736263
0.760 0.020 0.020547261063562604
0.760 0.040 0.020547261063562604
0.760 0.060 0.020547261063562604
0.760 0.080 0.020547261063562604
0.760 0.100 0.020547261063562604
0.760 0.120 0.020547261063562604
0.760 0.140 0.020547261063562604
0.760 0.160 0.020547261063562604
0.760 0.180 0.020547261063562604
0.760 0.200 0.020547261063562604
0.760 0.220 0.020547261063562604
0.760 0.240 0.020547261063562604
0.760 0.260 0.020547261063562604
0.760 0.280 0.020547261063562604
0.760 0.300 0.020547261063562604
0.760 0.320 0.020547261063562604
0.760 0.340 0.020547261063562604
0.760 0.360 0.020547261063562604
0.760 0.380 0.020542936225952078
0.760 0.400 0.020542936225952078
0.760 0.420 0.020542936225952078
0.760 0.440 0.020542936225952078
0.760 0.460 0.020545261595735918
0.760 0.480 0.020545261595735918
0.760 0.500 0.020545261595735918
0.760 0.520 0.020545261595735918
0.760 0.540 0.020545261595735918
0.760 0.560 0.020545261595735918
0.760 0.580 0.020545261595735918
0.760 0.600 0.020547699123162552
0.760 0.620 0.020547699123162552
0.760 0.640 0.020535324199128756
0.760 0.660 0.020535324199128756
0.760 0.680 0.0205374590778735
0.760 0.700 0.0205374590778735
0.760 0.720 0.0205374590778735
0.760 0.740 0.0205374590778735
0.760 0.760 0.0205374590778735
0.760 0.780 0.0205374590778735
0.760 0.800 0.0205374590778735
0.760 0.820 0.02053995116151161
0.760 0.840 0.02053995116151161
0.760 0.860 0.02053995116151161
0.760 0.880 0.02053995116151161
0.760 0.900 0.020525459969736263
0.760 0.920 0.020525459969736263
0.760 0.940 0.020525459969736263
0.760 0.960 0.020525459969736263
0.760 0.980 0.020525459969736263
0.760 1.000 0.020525459969736263
0.780 0.020 0.020547261063562604
0.780 0.040 0.020547261063562604
0.780 0.060 0.020547261063562604
0.780 0.080 0.020547261063562604
0.780 0.100 0.020547261063562604
0.780 0.120 0.020547261063562604
0.780 0.140 0.020547261063562604
0.780 0.160 0.020547261063562604
0.780 0.180 0.020547261063562604
0.780 0.200 0.020547261063562604
0.780 0.220 0.020547261063562604
0.780 0.240 0.020547261063562604
0.780 0.260 0.020547261063562604
0.780 0.280 0.020547261063562604
0.780 0.300 0.020547261063562604
0.780 0.320 0.020547261063562604
0.780 0.340 0.020547261063562604
0.780 0.360 0.020547261063562604
0.780 0.380 0.020545261595735918
0.780 0.400 0.020545261595735918
0.780 0.420 0.020545261595735918
0.780 0.440 0.020545261595735918
0.780 0.460 0.020545261595735918
0.780 0.480 0.020545261595735918
0.780 0.500 0.020545261595735918
0.780 0.520 0.020545261595735918
0.780 0.540 0.020545261595735918
0.780 0.560 0.020545261595735918
0.780 0.580 0.020545261595735918
0.780 0.600 0.020547699123162552
0.780 0.620 0.020547699123162552
0.780 0.640 0.020535324199128756
0.780 0.660 0.020535324199128756
0.780 0.680 0.0205374590778735
0.780 0.700 0.0205374590778735
0.780 0.720 0.0205374590778735
0.780 0.740 0.0205374590778735
0.780 0.760 0.0205374590778735
0.780 0.780 0.0205374590778735
0.780 0.800 0.0205374590778735
0.780 0.820 0.02053995116151161
0.780 0.840 0.02053995116151161
0.780 0.860 0.02053995116151161
0.780 0.880 0.02053995116151161
0.780 0.900 0.020525459969736263
0.780 0.920 0.020525459969736263
0.780 0.940 0.020525459969736263
0.780 0.960 0.020525459969736263
0.780 0.980 0.020525459969736263
0.780 1.000 0.020525459969736263
0.800 0.020 0.020547261063562604
0.800 0.040 0.020547261063562604
0.800 0.060 0.020547261063562604
0.800 0.080 0.020547261063562604
0.800 0.100 0.020547261063562604
0.800 0.120 0.020547261063562604
0.800 0.140 0.020547261063562604
0.800 0.160 0.020547261063562604
0.800 0.180 0.020547261063562604
0.800 0.200 0.020547261063562604
0.800 0.220 0.020547261063562604
0.800 0.240 0.020547261063562604
0.800 0.260 0.020547261063562604
0.800 0.280 0.020547261063562604
0.800 0.300 0.020547261063562604
0.800 0.320 0.020547261063562604
0.800 0.340 0.020547261063562604
0.800 0.360 0.020547261063562604
0.800 0.380 0.020545261595735918
0.800 0.400 0.020545261595735918
0.800 0.420 0.020545261595735918
0.800 0.440 0.020545261595735918
0.800 0.460 0.020545261595735918
0.800 0.480 0.020545261595735918
0.800 0.500 0.020545261595735918
0.800 0.520 0.020545261595735918
0.800 0.540 0.020545261595735918
0.800 0.560 0.020545261595735918
0.800 0.580 0.020545261595735918
0.800 0.600 0.020547699123162552
0.800 0.620 0.020547699123162552
0.800 0.640 0.020535324199128756
0.800 0.660 0.020535324199128756
0.800 0.680 0.0205374590778735
0.800 0.700 0.0205374590778735
0.800 0.720 0.0205374590778735
0.800 0.740 0.0205374590778735
0.800 0.760 0.0205374590778735
0.800 0.780 0.0205374590778735
0.800 0.800 0.0205374590778735
0.800 0.820 0.02053995116151161
0.800 0.840 0.02053995116151161
0.800 0.860 0.02053995116151161
0.800 0.880 0.02053995116151161
0.800 0.900 0.020525459969736263
0.800 0.920 0.020525459969736263
0.800 0.940 0.020525459969736263
0.800 0.960 0.020525459969736263
0.800 0.980 0.020525459969736263
0.800 1.000 0.020525459969736263
0.820 0.020 0.020547261063562604
0.820 0.040 0.020547261063562604
0.820 0.060 0.020547261063562604
0.820 0.080 0.020547261063562604
0.820 0.100 0.020547261063562604
0.820 0.120 0.020547261063562604
0.820 0.140 0.020547261063562604
0.820 0.160 0.020547261063562604
0.820 0.180 0.020547261063562604
0.820 0.200 0.020547261063562604
0.820 0.220 0.020547261063562604
0.820 0.240 0.020547261063562604
0.820 0.260 0.020547261063562604
0.820 0.280 0.020547261063562604
0.820 0.300 0.020547261063562604
0.820 0.320 0.020547261063562604
0.820 0.340 0.020547261063562604
0.820 0.360 0.020547261063562604
0.820 0.380 0.020545261595735918
0.820 0.400 0.020545261595735918
0.820 0.420 0.020545261595735918
0.820 0.440 0.020545261595735918
0.820 0.460 0.020545261595735918
0.820 0.480 0.020545261595735918
0.820 0.500 0.020545261595735918
0.820 0.520 0.020545261595735918
0.820 0.540 0.020545261595735918
0.820 0.560 0.020545261595735918
0.820 0.580 0.020545261595735918
0.820 0.600 0.020547699123162552
0.820 0.620 0.020547699123162552
0.820 0.640 0.020535324199128756
0.820 0.660 0.020535324199128756
0.820 0.680 0.0205374590778735
0.820 0.700 0.0205374590778735
0.820 0.720 0.0205374590778735
0.820 0.740 0.0205374590778735
0.820 0.760 0.0205374590778735
0.820 0.780 0.0205374590778735
0.820 0.800 0.0205374590778735
0.820 0.820 0.02053995116151161
0.820 0.840 0.02053995116151161
0.820 0.860 0.02053995116151161
0.820 0.880 0.02053995116151161
0.820 0.900 0.020525459969736263
0.820 0.920 0.020525459969736263
0.820 0.940 0.020525459969736263
0.820 0.960 0.020525459969736263
0.820 0.980 0.020525459969736263
0.820 1.000 0.020525459969736263
0.840 0.020 0.020547261063562604
0.840 0.040 0.020547261063562604
0.840 0.060 0.020547261063562604
0.840 0.080 0.020547261063562604
0.840 0.100 0.020547261063562604
0.840 0.120 0.020547261063562604
0.840 0.140 0.020547261063562604
0.840 0.160 0.020547261063562604
0.840 0.180 0.020547261063562604
0.840 0.200 0.020547261063562604
0.840 0.220 0.020547261063562604
0.840 0.240 0.020547261063562604
0.840 0.260 0.020547261063562604
0.840 0.280 0.020547261063562604
0.840 0.300 0.020547261063562604
0.840 0.320 0.020547261063562604
0.840 0.340 0.020547261063562604
0.840 0.360 0.020547261063562604
0.840 0.380 0.020545261595735918
0.840 0.400 0.020545261595735918
0.840 0.420 0.020545261595735918
0.840 0.440 0.020545261595735918
0.840 0.460 0.020545261595735918
0.840 0.480 0.020545261595735918
0.840 0.500 0.020545261595735918
0.840 0.520 0.020545261595735918
0.840 0.540 0.020545261595735918
0.840 0.560 0.020545261595735918
0.840 0.580 0.020545261595735918
0.840 0.600 0.020547699123162552
0.840 0.620 0.020547699123162552
0.840 0.640 0.020535324199128756
0.840 0.660 0.020535324199128756
0.840 0.680 0.0205374590778735
0.840 0.700 0.0205374590778735
0.840 0.720 0.0205374590778735
0.840 0.740 0.0205374590778735
0.840 0.760 0.0205374590778735
0.840 0.780 0.0205374590778735
0.840 0.800 0.0205374590778735
0.840 0.820 0.02053995116151161
0.840 0.840 0.02053995116151161
0.840 0.860 0.02053995116151161
0.840 0.880 0.02053995116151161
0.840 0.900 0.020525459969736263
0.840 0.920 0.020525459969736263
0.840 0.940 0.020525459969736263
0.840 0.960 0.020525459969736263
0.840 0.980 0.020525459969736263
0.840 1.000 0.020525459969736263
0.860 0.020 0.020547261063562604
0.860 0.040 0.020547261063562604
0.860 0.060 0.020547261063562604
0.860 0.080 0.020547261063562604
0.860 0.100 0.020547261063562604
0.860 0.120 0.020547261063562604
0.860 0.140 0.020547261063562604
0.860 0.160 0.020547261063562604
0.860 0.180 0.020547261063562604
0.860 0.200 0.020547261063562604
0.860 0.220 0.020547261063562604
0.860 0.240 0.020547261063562604
0.860 0.260 0.020547261063562604
0.860 0.280 0.020547261063562604
0.860 0.300 0.020547261063562604
0.860 0.320 0.020547261063562604
0.860 0.340 0.020547261063562604
0.860 0.360 0.020547261063562604
0.860 0.380 0.020545261595735918
0.860 0.400 0.020545261595735918
0.860 0.420 0.020545261595735918
0.860 0.440 0.020545261595735918
0.860 0.460 0.020545261595735918
0.860 0.480 0.020545261595735918
0.860 0.500 0.020545261595735918
0.860 0.520 0.020545261595735918
0.860 0.540 0.020545261595735918
0.860 0.560 0.020545261595735918
0.860 0.580 0.020545261595735918
0.860 0.600 0.020547699123162552
0.860 0.620 0.020547699123162552
0.860 0.640 0.020535324199128756
0.860 0.660 0.020535324199128756
0.860 0.680 0.0205374590778735
0.860 0.700 0.0205374590778735
0.860 0.720 0.0205374590778735
0.860 0.740 0.0205374590778735
0.860 0.760 0.0205374590778735
0.860 0.780 0.0205374590778735
0.860 0.800 0.0205374590778735
0.860 0.820 0.02053995116151161
0.860 0.840 0.02053995116151161
0.860 0.860 0.02053995116151161
0.860 0.880 0.02053995116151161
0.860 0.900 0.020525459969736263
0.860 0.920 0.020525459969736263
0.860 0.940 0.020525459969736263
0.860 0.960 0.020525459969736263
0.860 0.980 0.020525459969736263
0.860 1.000 0.020525459969736263
0.880 0.020 0.020547261063562604
0.880 0.040 0.020547261063562604
0.880 0.060 0.020547261063562604
0.880 0.080 0.020547261063562604
0.880 0.100 0.020547261063562604
0.880 0.120 0.020547261063562604
0.880 0.140 0.020547261063562604
0.880 0.160 0.020547261063562604
0.880 0.180 0.020547261063562604
0.880 0.200 0.020547261063562604
0.880 0.220 0.020547261063562604
0.880 0.240 0.020547261063562604
0.880 0.260 0.020547261063562604
0.880 0.280 0.020547261063562604
0.880 0.300 0.020547261063562604
0.880 0.320 0.020547261063562604
0.880 0.340 0.020547261063562604
0.880 0.360 0.020547261063562604
0.880 0.380 0.020545261595735918
0.880 0.400 0.020545261595735918
0.880 0.420 0.020545261595735918
0.880 0.440 0.020545261595735918
0.880 0.460 0.020545261595735918
0.880 0.480 0.020545261595735918
0.880 0.500 0.020545261595735918
0.880 0.520 0.020545261595735918
0.880 0.540 0.020545261595735918
0.880 0.560 0.020545261595735918
0.880 0.580 0.020545261595735918
0.880 0.600 0.020547699123162552
0.880 0.620 0.020547699123162552
0.880 0.640 0.020535324199128756
0.880 0.660 0.020535324199128756
0.880 0.680 0.0205374590778735
0.880 0.700 0.0205374590778735
0.880 0.720 0.0205374590778735
0.880 0.740 0.0205374590778735
0.880 0.760 0.0205374590778735
0.880 0.780 0.0205374590778735
0.880 0.800 0.0205374590778735
0.880 0.820 0.02053995116151161
0.880 0.840 0.02053995116151161
0.880 0.860 0.02053995116151161
0.880 0.880 0.02053995116151161
0.880 0.900 0.020525459969736263
0.880 0.920 0.020525459969736263
0.880 0.940 0.020525459969736263
0.880 0.960 0.020525459969736263
0.880 0.980 0.020525459969736263
0.880 1.000 0.020525459969736263
0.900 0.020 0.020547261063562604
0.900 0.040 0.020547261063562604
0.900 0.060 0.020547261063562604
0.900 0.080 0.020547261063562604
0.900 0.100 0.020547261063562604
0.900 0.120 0.020547261063562604
0.900 0.140 0.020547261063562604
0.900 0.160 0.020547261063562604
0.900 0.180 0.020547261063562604
0.900 0.200 0.020547261063562604
0.900 0.220 0.020547261063562604
0.900 0.240 0.020547261063562604
0.900 0.260 0.020547261063562604
0.900 0.280 0.020547261063562604
0.900 0.300 0.020547261063562604
0.900 0.320 0.020547261063562604
0.900 0.340 0.020547261063562604
0.900 0.360 0.020547261063562604
0.900 0.380 0.020545261595735918
0.900 0.400 0.020545261595735918
0.900 0.420 0.020545261595735918
0.900 0.440 0.020545261595735918
0.900 0.460 0.020545261595735918
0.900 0.480 0.020545261595735918
0.900 0.500 0.020545261595735918
0.900 0.520 0.020545261595735918
0.900 0.540 0.020545261595735918
0.900 0.560 0.020545261595735918
0.900 0.580 0.020545261595735918
0.900 0.600 0.020547699123162552
0.900 0.620 0.020547699123162552
0.900 0.640 0.020535324199128756
0.900 0.660 0.020535324199128756
0.900 0.680 0.0205374590778735
0.900 0.700 0.0205374590778735
0.900 0.720 0.0205374590778735
0.900 0.740 0.0205374590778735
0.900 0.760 0.0205374590778735
0.900 0.780 0.0205374590778735
0.900 0.800 0.0205374590778735
0.900 0.820 0.02053995116151161
0.900 0.840 0.02053995116151161
0.900 0.860 0.02053995116151161
0.900 0.880 0.02053995116151161
0.900 0.900 0.020525459969736263
0.900 0.920 0.020525459969736263
0.900 0.940 0.020525459969736263
0.900 0.960 0.020525459969736263
0.900 0.980 0.020525459969736263
0.900 1.000 0.020525459969736263
0.920 0.020 0.020547261063562604
0.920 0.040 0.020547261063562604
0.920 0.060 0.020547261063562604
0.920 0.080 0.020547261063562604
0.920 0.100 0.020547261063562604
0.920 0.120 0.020547261063562604
0.920 0.140 0.020547261063562604
0.920 0.160 0.020547261063562604
0.920 0.180 0.020547261063562604
0.920 0.200 0.020547261063562604
0.920 0.220 0.020547261063562604
0.920 0.240 0.020547261063562604
0.920 0.260 0.020547261063562604
0.920 0.280 0.020547261063562604
0.920 0.300 0.020547261063562604
0.920 0.320 0.020547261063562604
0.920 0.340 0.020547261063562604
0.920 0.360 0.020547261063562604
0.920 0.380 0.020545261595735918
0.920 0.400 0.020545261595735918
0.920 0.420 0.020545261595735918
0.920 0.440 0.020545261595735918
0.920 0.460 0.020545261595735918
0.920 0.480 0.020545261595735918
0.920 0.500 0.020545261595735918
0.920 0.520 0.020545261595735918
0.920 0.540 0.020545261595735918
0.920 0.560 0.020545261595735918
0.920 0.580 0.020545261595735918
0.920 0.600 0.020547699123162552
0.920 0.620 0.020547699123162552
0.920 0.640 0.020535324199128756
0.920 0.660 0.020535324199128756
0.920 0.680 0.0205374590778735
0.920 0.700 0.0205374590778735
0.920 0.720 0.0205374590778735
0.920 0.740 0.0205374590778735
0.920 0.760 0.0205374590778735
0.920 0.780 0.0205374590778735
0.920 0.800 0.0205374590778735
0.920 0.820 0.02053995116151161
0.920 0.840 0.02053995116151161
0.920 0.860 0.02053995116151161
0.920 0.880 0.02053995116151161
0.920 0.900 0.020525459969736263
0.920 0.920 0.020525459969736263
0.920 0.940 0.020525459969736263
0.920 0.960 0.020525459969736263
0.920 0.980 0.020525459969736263
0.920 1.000 0.020525459969736263
0.940 0.020 0.020547261063562604
0.940 0.040 0.020547261063562604
0.940 0.060 0.020547261063562604
0.940 0.080 0.020547261063562604
0.940 0.100 0.020547261063562604
0.940 0.120 0.020547261063562604
0.940 0.140 0.020547261063562604
0.940 0.160 0.020547261063562604
0.940 0.180 0.020547261063562604
0.940 0.200 0.020547261063562604
0.940 0.220 0.020547261063562604
0.940 0.240 0.020547261063562604
0.940 0.260 0.020547261063562604
0.940 0.280 0.020547261063562604
0.940 0.300 0.020547261063562604
0.940 0.320 0.020547261063562604
0.940 0.340 0.020547261063562604
0.940 0.360 0.020547261063562604
0.940 0.380 0.020545261595735918
0.940 0.400 0.020545261595735918
0.940 0.420 0.020545261595735918
0.940 0.440 0.020545261595735918
0.940 0.460 0.020545261595735918
0.940 0.480 0.020545261595735918
0.940 0.500 0.020545261595735918
0.940 0.520 0.020545261595735918
0.940 0.540 0.020545261595735918
0.940 0.560 0.020545261595735918
0.940 0.580 0.020545261595735918
0.940 0.600 0.020547699123162552
0.940 0.620 0.020547699123162552
0.940 0.640 0.020535324199128756
0.940 0.660 0.020535324199128756
0.940 0.680 0.0205374590778735
0.940 0.700 0.0205374590778735
0.940 0.720 0.0205374590778735
0.940 0.740 0.0205374590778735
0.940 0.760 0.0205374590778735
0.940 0.780 0.0205374590778735
0.940 0.800 0.0205374590778735
0.940 0.820 0.02053995116151161
0.940 0.840 0.02053995116151161
0.940 0.860 0.02053995116151161
0.940 0.880 0.02053995116151161
0.940 0.900 0.020525459969736263
0.940 0.920 0.020525459969736263
0.940 0.940 0.020525459969736263
0.940 0.960 0.020525459969736263
0.940 0.980 0.020525459969736263
0.940 1.000 0.020525459969736263
0.960 0.020 0.020547261063562604
0.960 0.040 0.020547261063562604
0.960 0.060 0.020547261063562604
0.960 0.080 0.020547261063562604
0.960 0.100 0.020547261063562604
0.960 0.120 0.020547261063562604
0.960 0.140 0.020547261063562604
0.960 0.160 0.020547261063562604
0.960 0.180 0.020547261063562604
0.960 0.200 0.020547261063562604
0.960 0.220 0.020547261063562604
0.960 0.240 0.020547261063562604
0.960 0.260 0.020547261063562604
0.960 0.280 0.020547261063562604
0.960 0.300 0.020547261063562604
0.960 0.320 0.020547261063562604
0.960 0.340 0.020547261063562604
0.960 0.360 0.020547261063562604
0.960 0.380 0.020545261595735918
0.960 0.400 0.020545261595735918
0.960 0.420 0.020545261595735918
0.960 0.440 0.020545261595735918
0.960 0.460 0.020545261595735918
0.960 0.480 0.020545261595735918
0.960 0.500 0.020545261595735918
0.960 0.520 0.020545261595735918
0.960 0.540 0.020545261595735918
0.960 0.560 0.020545261595735918
0.960 0.580 0.020545261595735918
0.960 0.600 0.020547699123162552
0.960 0.620 0.020547699123162552
0.960 0.640 0.020535324199128756
0.960 0.660 0.020535324199128756
0.960 0.680 0.0205374590778735
0.960 0.700 0.0205374590778735
0.960 0.720 0.0205374590778735
0.960 0.740 0.0205374590778735
0.960 0.760 0.0205374590778735
0.960 0.780 0.0205374590778735
0.960 0.800 0.0205374590778735
0.960 0.820 0.02053995116151161
0.960 0.840 0.02053995116151161
0.960 0.860 0.02053995116151161
0.960 0.880 0.02053995116151161
0.960 0.900 0.020525459969736263
0.960 0.920 0.020525459969736263
0.960 0.940 0.020525459969736263
0.960 0.960 0.020525459969736263
0.960 0.980 0.020525459969736263
0.960 1.000 0.020525459969736263
0.980 0.020 0.020547261063562604
0.980 0.040 0.020547261063562604
0.980 0.060 0.020547261063562604
0.980 0.080 0.020547261063562604
0.980 0.100 0.020547261063562604
0.980 0.120 0.020547261063562604
0.980 0.140 0.020547261063562604
0.980 0.160 0.020547261063562604
0.980 0.180 0.020547261063562604
0.980 0.200 0.020547261063562604
0.980 0.220 0.020547261063562604
0.980 0.240 0.020547261063562604
0.980 0.260 0.020547261063562604
0.980 0.280 0.020547261063562604
0.980 0.300 0.020547261063562604
0.980 0.320 0.020547261063562604
0.980 0.340 0.020547261063562604
0.980 0.360 0.020547261063562604
0.980 0.380 0.020545261595735918
0.980 0.400 0.020545261595735918
0.980 0.420 0.020545261595735918
0.980 0.440 0.020545261595735918
0.980 0.460 0.020545261595735918
0.980 0.480 0.020545261595735918
0.980 0.500 0.020545261595735918
0.980 0.520 0.020545261595735918
0.980 0.540 0.020545261595735918
0.980 0.560 0.020545261595735918
0.980 0.580 0.020545261595735918
0.980 0.600 0.020547699123162552
0.980 0.620 0.020547699123162552
0.980 0.640 0.020535324199128756
0.980 0.660 0.020535324199128756
0.980 0.680 0.0205374590778735
0.980 0.700 0.0205374590778735
0.980 0.720 0.0205374590778735
0.980 0.740 0.0205374590778735
0.980 0.760 0.0205374590778735
0.980 0.780 0.0205374590778735
0.980 0.800 0.0205374590778735
0.980 0.820 0.02053995116151161
0.980 0.840 0.02053995116151161
0.980 0.860 0.02053995116151161
0.980 0.880 0.02053995116151161
0.980 0.900 0.020525459969736263
0.980 0.920 0.020525459969736263
0.980 0.940 0.020525459969736263
0.980 0.960 0.020525459969736263
0.980 0.980 0.020525459969736263
0.980 1.000 0.020525459969736263
1.000 0.020 0.020547261063562604
1.000 0.040 0.020547261063562604
1.000 0.060 0.020547261063562604
1.000 0.080 0.020547261063562604
1.000 0.100 0.020547261063562604
1.000 0.120 0.020547261063562604
1.000 0.140 0.020547261063562604
1.000 0.160 0.020547261063562604
1.000 0.180 0.020547261063562604
1.000 0.200 0.020547261063562604
1.000 0.220 0.020547261063562604
1.000 0.240 0.020547261063562604
1.000 0.260 0.020547261063562604
1.000 0.280 0.020547261063562604
1.000 0.300 0.020547261063562604
1.000 0.320 0.020547261063562604
1.000 0.340 0.020547261063562604
1.000 0.360 0.020547261063562604
1.000 0.380 0.020545261595735918
1.000 0.400 0.020545261595735918
1.000 0.420 0.020545261595735918
1.000 0.440 0.020545261595735918
1.000 0.460 0.020545261595735918
1.000 0.480 0.020545261595735918
1.000 0.500 0.020545261595735918
1.000 0.520 0.020545261595735918
1.000 0.540 0.020545261595735918
1.000 0.560 0.020545261595735918
1.000 0.580 0.020545261595735918
1.000 0.600 0.020547699123162552
1.000 0.620 0.020547699123162552
1.000 0.640 0.020535324199128756
1.000 0.660 0.020535324199128756
1.000 0.680 0.0205374590778735
1.000 0.700 0.0205374590778735
1.000 0.720 0.0205374590778735
1.000 0.740 0.0205374590778735
1.000 0.760 0.0205374590778735
1.000 0.780 0.0205374590778735
1.000 0.800 0.0205374590778735
1.000 0.820 0.02053995116151161
1.000 0.840 0.02053995116151161
1.000 0.860 0.02053995116151161
1.000 0.880 0.02053995116151161
1.000 0.900 0.020525459969736263
1.000 0.920 0.020525459969736263
1.000 0.940 0.020525459969736263
1.000 0.960 0.020525459969736263
1.000 0.980 0.020525459969736263
1.000 1.000 0.020525459969736263
