0.020 0.020  48.59822068124456
0.020 0.040  48.59822068124456
0.020 0.060  48.59822068124456
0.020 0.080  48.59822068124456
0.020 0.100  48.59822068124456
0.020 0.120  48.59822068124456
0.020 0.140  48.59822068124456
0.020 0.160  48.59822068124456
0.020 0.180  48.59822068124456
0.020 0.200  48.59782453934681
0.020 0.220  48.547994249495495
0.020 0.240  48.54615905633508
0.020 0.260  48.6440105150122
0.020 0.280  48.44608850400287
0.020 0.300  48.44608850400287
0.020 0.320  48.44608850400287
0.020 0.340  48.44608850400287
0.020 0.360  48.44608850400287
0.020 0.380  48.49271682318326
0.020 0.400  48.423390295223705
0.020 0.420  48.423390295223705
0.020 0.440  48.423390295223705
0.020 0.460  48.423390295223705
0.020 0.480  48.423390295223705
0.020 0.500  48.423390295223705
0.020 0.520  48.423390295223705
0.020 0.540  48.423390295223705
0.020 0.560  48.423390295223705
0.020 0.580  48.423390295223705
0.020 0.600  48.423390295223705
0.020 0.620  48.423390295223705
0.020 0.640  48.423390295223705
0.020 0.660  48.423390295223705
0.020 0.680  48.74793363154011
0.020 0.700  48.74793363154011
0.020 0.720  48.74793363154011
0.020 0.740  48.74793363154011
0.020 0.760  48.74793363154011
0.020 0.780  48.74793363154011
0.020 0.800  48.74793363154011
0.020 0.820  48.73113468683285
0.020 0.840  48.73113468683285
0.020 0.860  48.73113468683285
0.020 0.880  48.73113468683285
0.020 0.900  48.73113468683285
0.020 0.920  48.51026368007177
0.020 0.940  48.51026368007177
0.020 0.960  48.51026368007177
0.020 0.980  48.51026368007177
0.020 1.000  48.49503216065917
0.040 0.020  48.58769511502711
0.040 0.040  48.58769511502711
0.040 0.060  48.58769511502711
0.040 0.080  48.58769511502711
0.040 0.100  48.58769511502711
0.040 0.120  48.58769511502711
0.040 0.140  48.58769511502711
0.040 0.160  48.58769511502711
0.040 0.180  48.58769511502711
0.040 0.200  48.592974887319926
0.040 0.220  48.592838340693184
0.040 0.240  48.59208576605287
0.040 0.260  48.59159132071022
0.040 0.280  48.58769511502711
0.040 0.300  48.58769511502711
0.040 0.320  48.58769511502711
0.040 0.340  48.58769511502711
0.040 0.360  48.58769511502711
0.040 0.380  48.63628971642382
0.040 0.400  48.63628971642382
0.040 0.420  48.63628971642382
0.040 0.440  48.63628971642382
0.040 0.460  48.63628971642382
0.040 0.480  48.63628971642382
0.040 0.500  48.63628971642382
0.040 0.520  48.63628971642382
0.040 0.540  48.63628971642382
0.040 0.560  48.63628971642382
0.040 0.580  48.63628971642382
0.040 0.600  48.63628971642382
0.040 0.620  48.63628971642382
0.040 0.640  48.63628971642382
0.040 0.660  48.63628971642382
0.040 0.680  48.74793363154011
0.040 0.700  48.74793363154011
0.040 0.720  48.74793363154011
0.040 0.740  48.74793363154011
0.040 0.760  48.74793363154011
0.040 0.780  48.74793363154011
0.040 0.800  48.74793363154011
0.040 0.820  48.73113468683285
0.040 0.840  48.73113468683285
0.040 0.860  48.73113468683285
0.040 0.880  48.73113468683285
0.040 0.900  48.73113468683285
0.040 0.920  48.74854162463898
0.040 0.940  48.74854162463898
0.040 0.960  48.74854162463898
0.040 0.980  48.74854162463898
0.040 1.000  48.73338472345663
0.060 0.020  48.721006816838056
0.060 0.040  48.721006816838056
0.060 0.060  48.721006816838056
0.060 0.080  48.721006816838056
0.060 0.100  48.721006816838056
0.060 0.120  48.721006816838056
0.060 0.140  48.721006816838056
0.060 0.160  48.721006816838056
0.060 0.180  48.721006816838056
0.060 0.200  48.621001211514105
0.060 0.220  48.620073387415665
0.060 0.240  48.67976518730482
0.060 0.260  48.68423135906
0.060 0.280  48.686736230780745
0.060 0.300  48.686736230780745
0.060 0.320  48.686736230780745
0.060 0.340  48.686736230780745
0.060 0.360  48.686736230780745
0.060 0.380  48.74209667408875
0.060 0.400  48.745240927094486
0.060 0.420  48.745240927094486
0.060 0.440  48.745240927094486
0.060 0.460  48.745240927094486
0.060 0.480  48.745240927094486
0.060 0.500  48.745240927094486
0.060 0.520  48.745240927094486
0.060 0.540  48.745240927094486
0.060 0.560  48.745240927094486
0.060 0.580  48.745240927094486
0.060 0.600  48.74108426284671
0.060 0.620  48.74108426284671
0.060 0.640  48.74108426284671
0.060 0.660  48.74108426284671
0.060 0.680  48.7606756852953
0.060 0.700  48.7606756852953
0.060 0.720  48.7606756852953
0.060 0.740  48.7606756852953
0.060 0.760  48.7606756852953
0.060 0.780  48.7606756852953
0.060 0.800  48.7606756852953
0.060 0.820  48.70445902090462
0.060 0.840  48.70445902090462
0.060 0.860  48.70445902090462
0.060 0.880  48.70445902090462
0.060 0.900  48.70445902090462
0.060 0.920  48.7029881761956
0.060 0.940  48.72029881761956
0.060 0.960  48.74029881761956
0.060 0.980  48.76029881761956
0.060 1.000  48.78520860821059
0.080 0.020  48.721006816838056
0.080 0.040  48.721006816838056
0.080 0.060  48.721006816838056
0.080 0.080  48.721006816838056
0.080 0.100  48.721006816838056
0.080 0.120  48.721006816838056
0.080 0.140  48.721006816838056
0.080 0.160  48.721006816838056
0.080 0.180  48.721006816838056
0.080 0.200  48.621001211514105
0.080 0.220  48.620073387415665
0.080 0.240  48.67976518730482
0.080 0.260  48.67889160037299
0.080 0.280  48.686736230780745
0.080 0.300  48.686736230780745
0.080 0.320  48.686736230780745
0.080 0.340  48.686736230780745
0.080 0.360  48.686736230780745
0.080 0.380  48.74209667408875
0.080 0.400  48.745240927094486
0.080 0.420  48.745240927094486
0.080 0.440  48.745240927094486
0.080 0.460  48.745240927094486
0.080 0.480  48.745240927094486
0.080 0.500  48.745240927094486
0.080 0.520  48.745240927094486
0.080 0.540  48.745240927094486
0.080 0.560  48.745240927094486
0.080 0.580  48.745240927094486
0.080 0.600  48.74108426284671
0.080 0.620  48.74108426284671
0.080 0.640  48.74108426284671
0.080 0.660  48.74108426284671
0.080 0.680  48.74234758259071
0.080 0.700  48.74234758259071
0.080 0.720  48.74234758259071
0.080 0.740  48.74234758259071
0.080 0.760  48.74234758259071
0.080 0.780  48.74234758259071
0.080 0.800  48.74234758259071
0.080 0.820  48.68936881149565
0.080 0.840  48.68936881149565
0.080 0.860  48.68936881149565
0.080 0.880  48.68936881149565
0.080 0.900  48.68936881149565
0.080 0.920  48.68520860821059
0.080 0.940  48.70520860821059
0.080 0.960  48.72520860821059
0.080 0.980  48.74520860821059
0.080 1.000  48.76520860821059
0.100 0.020  48.721006816838056
0.100 0.040  48.721006816838056
0.100 0.060  48.721006816838056
0.100 0.080  48.721006816838056
0.100 0.100  48.721006816838056
0.100 0.120  48.721006816838056
0.100 0.140  48.721006816838056
0.100 0.160  48.721006816838056
0.100 0.180  48.721006816838056
0.100 0.200  48.721006816838056
0.100 0.220  48.620073387415665
0.100 0.240  48.67976518730482
0.100 0.260  48.67889160037299
0.100 0.280  48.686736230780745
0.100 0.300  48.686736230780745
0.100 0.320  48.686736230780745
0.100 0.340  48.686736230780745
0.100 0.360  48.686736230780745
0.100 0.380  48.74209667408875
0.100 0.400  48.74108426284671
0.100 0.420  48.74108426284671
0.100 0.440  48.74108426284671
0.100 0.460  48.74108426284671
0.100 0.480  48.74108426284671
0.100 0.500  48.74108426284671
0.100 0.520  48.74108426284671
0.100 0.540  48.74108426284671
0.100 0.560  48.74108426284671
0.100 0.580  48.74108426284671
0.100 0.600  48.74108426284671
0.100 0.620  48.74108426284671
0.100 0.640  48.74108426284671
0.100 0.660  48.74108426284671
0.100 0.680  48.74234758259071
0.100 0.700  48.74234758259071
0.100 0.720  48.74234758259071
0.100 0.740  48.74234758259071
0.100 0.760  48.74234758259071
0.100 0.780  48.74234758259071
0.100 0.800  48.74234758259071
0.100 0.820  48.68936881149565
0.100 0.840  48.68936881149565
0.100 0.860  48.68936881149565
0.100 0.880  48.68936881149565
0.100 0.900  48.68936881149565
0.100 0.920  48.70520860821059
0.100 0.940  48.72520860821059
0.100 0.960  48.74520860821059
0.100 0.980  48.76520860821059
0.100 1.000  48.78520860821059
0.120 0.020  48.721006816838056
0.120 0.040  48.721006816838056
0.120 0.060  48.721006816838056
0.120 0.080  48.721006816838056
0.120 0.100  48.721006816838056
0.120 0.120  48.721006816838056
0.120 0.140  48.721006816838056
0.120 0.160  48.721006816838056
0.120 0.180  48.721006816838056
0.120 0.200  48.721006816838056
0.120 0.220  48.721006816838056
0.120 0.240  48.67976518730482
0.120 0.260  48.67889160037299
0.120 0.280  48.686736230780745
0.120 0.300  48.686736230780745
0.120 0.320  48.686736230780745
0.120 0.340  48.686736230780745
0.120 0.360  48.686736230780745
0.120 0.380  48.74209667408875
0.120 0.400  48.74108426284671
0.120 0.420  48.74108426284671
0.120 0.440  48.74108426284671
0.120 0.460  48.74108426284671
0.120 0.480  48.74108426284671
0.120 0.500  48.74108426284671
0.120 0.520  48.74108426284671
0.120 0.540  48.74108426284671
0.120 0.560  48.74108426284671
0.120 0.580  48.74108426284671
0.120 0.600  48.74108426284671
0.120 0.620  48.74108426284671
0.120 0.640  48.74108426284671
0.120 0.660  48.74108426284671
0.120 0.680  48.74234758259071
0.120 0.700  48.74234758259071
0.120 0.720  48.74234758259071
0.120 0.740  48.74234758259071
0.120 0.760  48.74234758259071
0.120 0.780  48.74234758259071
0.120 0.800  48.74234758259071
0.120 0.820  48.68936881149565
0.120 0.840  48.68936881149565
0.120 0.860  48.68936881149565
0.120 0.880  48.68936881149565
0.120 0.900  48.68936881149565
0.120 0.920  48.70520860821059
0.120 0.940  48.72520860821059
0.120 0.960  48.74520860821059
0.120 0.980  48.76520860821059
0.120 1.000  48.78520860821059
0.140 0.020  48.721006816838056
0.140 0.040  48.721006816838056
0.140 0.060  48.721006816838056
0.140 0.080  48.721006816838056
0.140 0.100  48.721006816838056
0.140 0.120  48.721006816838056
0.140 0.140  48.721006816838056
0.140 0.160  48.721006816838056
0.140 0.180  48.721006816838056
0.140 0.200  48.721006816838056
0.140 0.220  48.721006816838056
0.140 0.240  48.721006816838056
0.140 0.260  48.67889160037299
0.140 0.280  48.686736230780745
0.140 0.300  48.686736230780745
0.140 0.320  48.686736230780745
0.140 0.340  48.686736230780745
0.140 0.360  48.686736230780745
0.140 0.380  48.74209667408875
0.140 0.400  48.74108426284671
0.140 0.420  48.74108426284671
0.140 0.440  48.74108426284671
0.140 0.460  48.74108426284671
0.140 0.480  48.74108426284671
0.140 0.500  48.74108426284671
0.140 0.520  48.74108426284671
0.140 0.540  48.74108426284671
0.140 0.560  48.74108426284671
0.140 0.580  48.74108426284671
0.140 0.600  48.74108426284671
0.140 0.620  48.74108426284671
0.140 0.640  48.74108426284671
0.140 0.660  48.74108426284671
0.140 0.680  48.74234758259071
0.140 0.700  48.74234758259071
0.140 0.720  48.74234758259071
0.140 0.740  48.74234758259071
0.140 0.760  48.74234758259071
0.140 0.780  48.74234758259071
0.140 0.800  48.74234758259071
0.140 0.820  48.68936881149565
0.140 0.840  48.68936881149565
0.140 0.860  48.68936881149565
0.140 0.880  48.68936881149565
0.140 0.900  48.68936881149565
0.140 0.920  48.68520860821059
0.140 0.940  48.72520860821059
0.140 0.960  48.74520860821059
0.140 0.980  48.7620860821059
0.140 1.000  48.78520860821059
0.160 0.020  48.721006816838056
0.160 0.040  48.721006816838056
0.160 0.060  48.721006816838056
0.160 0.080  48.721006816838056
0.160 0.100  48.721006816838056
0.160 0.120  48.721006816838056
0.160 0.140  48.721006816838056
0.160 0.160  48.721006816838056
0.160 0.180  48.721006816838056
0.160 0.200  48.721006816838056
0.160 0.220  48.721006816838056
0.160 0.240  48.721006816838056
0.160 0.260  48.721006816838056
0.160 0.280  48.686736230780745
0.160 0.300  48.686736230780745
0.160 0.320  48.686736230780745
0.160 0.340  48.686736230780745
0.160 0.360  48.686736230780745
0.160 0.380  48.74209667408875
0.160 0.400  48.74108426284671
0.160 0.420  48.74108426284671
0.160 0.440  48.74108426284671
0.160 0.460  48.74108426284671
0.160 0.480  48.74108426284671
0.160 0.500  48.74108426284671
0.160 0.520  48.74108426284671
0.160 0.540  48.74108426284671
0.160 0.560  48.74108426284671
0.160 0.580  48.74108426284671
0.160 0.600  48.74108426284671
0.160 0.620  48.74108426284671
0.160 0.640  48.74108426284671
0.160 0.660  48.74108426284671
0.160 0.680  48.81662444851652
0.160 0.700  48.81662444851652
0.160 0.720  48.81662444851652
0.160 0.740  48.81662444851652
0.160 0.760  48.81662444851652
0.160 0.780  48.81662444851652
0.160 0.800  48.81662444851652
0.160 0.820  48.68936881149565
0.160 0.840  48.68936881149565
0.160 0.860  48.68936881149565
0.160 0.880  48.68936881149565
0.160 0.900  48.68936881149565
0.160 0.920  48.68520860821059
0.160 0.940  48.71520860821059
0.160 0.960  48.73520860821059
0.160 0.980  48.75520860821059
0.160 1.000  48.77520860821059
0.180 0.020  48.721006816838056
0.180 0.040  48.721006816838056
0.180 0.060  48.721006816838056
0.180 0.080  48.721006816838056
0.180 0.100  48.721006816838056
0.180 0.120  48.721006816838056
0.180 0.140  48.721006816838056
0.180 0.160  48.721006816838056
0.180 0.180  48.721006816838056
0.180 0.200  48.721006816838056
0.180 0.220  48.721006816838056
0.180 0.240  48.721006816838056
0.180 0.260  48.721006816838056
0.180 0.280  48.71712733614752
0.180 0.300  48.71712733614752
0.180 0.320  48.71712733614752
0.180 0.340  48.71712733614752
0.180 0.360  48.71712733614752
0.180 0.380  48.74209667408875
0.180 0.400  48.74108426284671
0.180 0.420  48.74108426284671
0.180 0.440  48.74108426284671
0.180 0.460  48.74108426284671
0.180 0.480  48.74108426284671
0.180 0.500  48.74108426284671
0.180 0.520  48.74108426284671
0.180 0.540  48.74108426284671
0.180 0.560  48.74108426284671
0.180 0.580  48.74108426284671
0.180 0.600  48.74108426284671
0.180 0.620  48.74108426284671
0.180 0.640  48.74108426284671
0.180 0.660  48.74108426284671
0.180 0.680  48.81662444851652
0.180 0.700  48.81662444851652
0.180 0.720  48.81662444851652
0.180 0.740  48.81662444851652
0.180 0.760  48.81662444851652
0.180 0.780  48.81662444851652
0.180 0.800  48.81662444851652
0.180 0.820  48.72571157255735
0.180 0.840  48.72571157255735
0.180 0.860  48.72571157255735
0.180 0.880  48.72571157255735
0.180 0.900  48.72571157255735
0.180 0.920  48.72520860821059
0.180 0.940  48.74520860821059
0.180 0.960  48.76520860821059
0.180 0.980  48.78520860821059
0.180 1.000  48.80520860821059
0.200 0.020  48.71611492490548
0.200 0.040  48.71611492490548
0.200 0.060  48.71611492490548
0.200 0.080  48.71611492490548
0.200 0.100  48.71611492490548
0.200 0.120  48.71611492490548
0.200 0.140  48.71611492490548
0.200 0.160  48.71611492490548
0.200 0.180  48.71611492490548
0.200 0.200  48.71611492490548
0.200 0.220  48.71611492490548
0.200 0.240  48.71611492490548
0.200 0.260  48.71611492490548
0.200 0.280  48.71712733614752
0.200 0.300  48.71712733614752
0.200 0.320  48.71712733614752
0.200 0.340  48.71712733614752
0.200 0.360  48.71712733614752
0.200 0.380  48.74209667408875
0.200 0.400  48.74108426284671
0.200 0.420  48.74108426284671
0.200 0.440  48.74108426284671
0.200 0.460  48.74108426284671
0.200 0.480  48.74108426284671
0.200 0.500  48.74108426284671
0.200 0.520  48.74108426284671
0.200 0.540  48.74108426284671
0.200 0.560  48.74108426284671
0.200 0.580  48.74108426284671
0.200 0.600  48.74108426284671
0.200 0.620  48.74108426284671
0.200 0.640  48.74108426284671
0.200 0.660  48.74108426284671
0.200 0.680  48.81662444851652
0.200 0.700  48.81662444851652
0.200 0.720  48.81662444851652
0.200 0.740  48.81662444851652
0.200 0.760  48.81662444851652
0.200 0.780  48.81662444851652
0.200 0.800  48.81662444851652
0.200 0.820  48.72571157255735
0.200 0.840  48.72571157255735
0.200 0.860  48.72571157255735
0.200 0.880  48.72571157255735
0.200 0.900  48.72571157255735
0.200 0.920  48.74520860821059
0.200 0.940  48.76520860821059
0.200 0.960  48.78520860821059
0.200 0.980  48.80520860821059
0.200 1.000  48.82520860821059
0.220 0.020  48.71611492490548
0.220 0.040  48.71611492490548
0.220 0.060  48.71611492490548
0.220 0.080  48.71611492490548
0.220 0.100  48.71611492490548
0.220 0.120  48.71611492490548
0.220 0.140  48.71611492490548
0.220 0.160  48.71611492490548
0.220 0.180  48.71611492490548
0.220 0.200  48.71611492490548
0.220 0.220  48.71611492490548
0.220 0.240  48.71611492490548
0.220 0.260  48.71611492490548
0.220 0.280  48.71712733614752
0.220 0.300  48.71712733614752
0.220 0.320  48.71712733614752
0.220 0.340  48.71712733614752
0.220 0.360  48.71712733614752
0.220 0.380  48.74209667408875
0.220 0.400  48.74108426284671
0.220 0.420  48.74108426284671
0.220 0.440  48.74108426284671
0.220 0.460  48.74108426284671
0.220 0.480  48.74108426284671
0.220 0.500  48.74108426284671
0.220 0.520  48.74108426284671
0.220 0.540  48.74108426284671
0.220 0.560  48.74108426284671
0.220 0.580  48.74108426284671
0.220 0.600  48.74108426284671
0.220 0.620  48.74108426284671
0.220 0.640  48.74108426284671
0.220 0.660  48.74108426284671
0.220 0.680  48.81662444851652
0.220 0.700  48.81662444851652
0.220 0.720  48.81662444851652
0.220 0.740  48.81662444851652
0.220 0.760  48.81662444851652
0.220 0.780  48.81662444851652
0.220 0.800  48.81662444851652
0.220 0.820  48.72571157255735
0.220 0.840  48.72571157255735
0.220 0.860  48.72571157255735
0.220 0.880  48.72571157255735
0.220 0.900  48.72571157255735
0.220 0.920  48.74520860821059
0.220 0.940  48.76520860821059
0.220 0.960  48.78520860821059
0.220 0.980  48.80520860821059
0.220 1.000  48.82520860821059
0.240 0.020  48.70957866063582
0.240 0.040  48.70957866063582
0.240 0.060  48.70957866063582
0.240 0.080  48.70957866063582
0.240 0.100  48.70957866063582
0.240 0.120  48.70957866063582
0.240 0.140  48.70957866063582
0.240 0.160  48.70957866063582
0.240 0.180  48.70957866063582
0.240 0.200  48.70957866063582
0.240 0.220  48.70957866063582
0.240 0.240  48.70957866063582
0.240 0.260  48.70957866063582
0.240 0.280  48.67654025463786
0.240 0.300  48.67654025463786
0.240 0.320  48.67654025463786
0.240 0.340  48.67466265564484
0.240 0.360  48.67466265564484
0.240 0.380  48.73454799857705
0.240 0.400  48.73454799857705
0.240 0.420  48.73454799857705
0.240 0.440  48.73454799857705
0.240 0.460  48.73454799857705
0.240 0.480  48.73454799857705
0.240 0.500  48.73454799857705
0.240 0.520  48.73454799857705
0.240 0.540  48.73454799857705
0.240 0.560  48.73454799857705
0.240 0.580  48.73454799857705
0.240 0.600  48.73454799857705
0.240 0.620  48.73454799857705
0.240 0.640  48.73454799857705
0.240 0.660  48.73454799857705
0.240 0.680  48.81662444851652
0.240 0.700  48.81662444851652
0.240 0.720  48.81662444851652
0.240 0.740  48.81662444851652
0.240 0.760  48.81662444851652
0.240 0.780  48.81662444851652
0.240 0.800  48.81662444851652
0.240 0.820  48.72571157255735
0.240 0.840  48.72571157255735
0.240 0.860  48.72571157255735
0.240 0.880  48.72571157255735
0.240 0.900  48.72571157255735
0.240 0.920  48.72520860821059
0.240 0.940  48.74520860821059
0.240 0.960  48.76520860821059
0.240 0.980  48.78520860821059
0.240 1.000  48.80520860821059
0.260 0.020  48.70957866063582
0.260 0.040  48.70957866063582
0.260 0.060  48.70957866063582
0.260 0.080  48.70957866063582
0.260 0.100  48.70957866063582
0.260 0.120  48.70957866063582
0.260 0.140  48.70957866063582
0.260 0.160  48.70957866063582
0.260 0.180  48.70957866063582
0.260 0.200  48.70957866063582
0.260 0.220  48.70957866063582
0.260 0.240  48.70957866063582
0.260 0.260  48.70957866063582
0.260 0.280  48.67654025463786
0.260 0.300  48.67654025463786
0.260 0.320  48.67654025463786
0.260 0.340  48.67466265564484
0.260 0.360  48.67466265564484
0.260 0.380  48.73454799857705
0.260 0.400  48.73454799857705
0.260 0.420  48.73454799857705
0.260 0.440  48.73454799857705
0.260 0.460  48.73454799857705
0.260 0.480  48.73454799857705
0.260 0.500  48.73454799857705
0.260 0.520  48.73454799857705
0.260 0.540  48.73454799857705
0.260 0.560  48.73454799857705
0.260 0.580  48.73454799857705
0.260 0.600  48.73454799857705
0.260 0.620  48.73454799857705
0.260 0.640  48.73454799857705
0.260 0.660  48.73454799857705
0.260 0.680  48.81662444851652
0.260 0.700  48.81662444851652
0.260 0.720  48.81662444851652
0.260 0.740  48.81662444851652
0.260 0.760  48.81662444851652
0.260 0.780  48.81662444851652
0.260 0.800  48.81662444851652
0.260 0.820  48.80342388419331
0.260 0.840  48.80342388419331
0.260 0.860  48.80342388419331
0.260 0.880  48.80342388419331
0.260 0.900  48.80342388419331
0.260 0.920  48.80520860821059
0.260 0.940  48.82520860821059
0.260 0.960  48.84520860821059
0.260 0.980  48.86520860821059
0.260 1.000  48.88520860821059
0.280 0.020  48.70957866063582
0.280 0.040  48.70957866063582
0.280 0.060  48.70957866063582
0.280 0.080  48.70957866063582
0.280 0.100  48.70957866063582
0.280 0.120  48.70957866063582
0.280 0.140  48.70957866063582
0.280 0.160  48.70957866063582
0.280 0.180  48.70957866063582
0.280 0.200  48.70957866063582
0.280 0.220  48.70957866063582
0.280 0.240  48.70957866063582
0.280 0.260  48.70957866063582
0.280 0.280  48.70957866063582
0.280 0.300  48.70957866063582
0.280 0.320  48.70957866063582
0.280 0.340  48.67466265564484
0.280 0.360  48.67466265564484
0.280 0.380  48.73454799857705
0.280 0.400  48.73454799857705
0.280 0.420  48.73454799857705
0.280 0.440  48.73454799857705
0.280 0.460  48.73454799857705
0.280 0.480  48.73454799857705
0.280 0.500  48.73454799857705
0.280 0.520  48.73454799857705
0.280 0.540  48.73454799857705
0.280 0.560  48.73454799857705
0.280 0.580  48.73454799857705
0.280 0.600  48.73454799857705
0.280 0.620  48.73454799857705
0.280 0.640  48.73454799857705
0.280 0.660  48.73454799857705
0.280 0.680  48.81662444851652
0.280 0.700  48.81662444851652
0.280 0.720  48.81662444851652
0.280 0.740  48.81662444851652
0.280 0.760  48.81662444851652
0.280 0.780  48.81662444851652
0.280 0.800  48.81662444851652
0.280 0.820  48.80342388419331
0.280 0.840  48.80342388419331
0.280 0.860  48.80342388419331
0.280 0.880  48.80342388419331
0.280 0.900  48.80342388419331
0.280 0.920  48.82520860821059
0.280 0.940  48.84520860821059
0.280 0.960  48.86520860821059
0.280 0.980  48.88520860821059
0.280 1.000  48.90520860821059
0.300 0.020  48.70957866063582
0.300 0.040  48.70957866063582
0.300 0.060  48.70957866063582
0.300 0.080  48.70957866063582
0.300 0.100  48.70957866063582
0.300 0.120  48.70957866063582
0.300 0.140  48.70957866063582
0.300 0.160  48.70957866063582
0.300 0.180  48.70957866063582
0.300 0.200  48.70957866063582
0.300 0.220  48.70957866063582
0.300 0.240  48.70957866063582
0.300 0.260  48.70957866063582
0.300 0.280  48.70957866063582
0.300 0.300  48.70957866063582
0.300 0.320  48.70957866063582
0.300 0.340  48.67466265564484
0.300 0.360  48.67466265564484
0.300 0.380  48.73454799857705
0.300 0.400  48.73454799857705
0.300 0.420  48.73454799857705
0.300 0.440  48.73454799857705
0.300 0.460  48.73454799857705
0.300 0.480  48.73454799857705
0.300 0.500  48.73454799857705
0.300 0.520  48.73454799857705
0.300 0.540  48.73454799857705
0.300 0.560  48.73454799857705
0.300 0.580  48.73454799857705
0.300 0.600  48.73454799857705
0.300 0.620  48.73454799857705
0.300 0.640  48.73454799857705
0.300 0.660  48.73454799857705
0.300 0.680  48.81662444851652
0.300 0.700  48.81662444851652
0.300 0.720  48.81662444851652
0.300 0.740  48.81662444851652
0.300 0.760  48.81662444851652
0.300 0.780  48.81662444851652
0.300 0.800  48.81662444851652
0.300 0.820  48.80342388419331
0.300 0.840  48.80342388419331
0.300 0.860  48.80342388419331
0.300 0.880  48.80342388419331
0.300 0.900  48.82342388419331
0.300 0.920  48.82520860821059
0.300 0.940  48.84520860821059
0.300 0.960  48.86520860821059
0.300 0.980  48.88520860821059
0.300 1.000  48.90520860821059
0.320 0.020  48.80957866063582
0.320 0.040  48.81957866063582
0.320 0.060  48.70957866063582
0.320 0.080  48.70957866063582
0.320 0.100  48.70957866063582
0.320 0.120  48.70957866063582
0.320 0.140  48.70957866063582
0.320 0.160  48.70957866063582
0.320 0.180  48.70957866063582
0.320 0.200  48.70957866063582
0.320 0.220  48.70957866063582
0.320 0.240  48.70957866063582
0.320 0.260  48.70957866063582
0.320 0.280  48.70957866063582
0.320 0.300  48.70957866063582
0.320 0.320  48.70957866063582
0.320 0.340  48.67466265564484
0.320 0.360  48.67466265564484
0.320 0.380  48.73454799857705
0.320 0.400  48.73454799857705
0.320 0.420  48.73454799857705
0.320 0.440  48.73454799857705
0.320 0.460  48.73454799857705
0.320 0.480  48.73454799857705
0.320 0.500  48.73454799857705
0.320 0.520  48.73454799857705
0.320 0.540  48.73454799857705
0.320 0.560  48.73454799857705
0.320 0.580  48.73454799857705
0.320 0.600  48.73454799857705
0.320 0.620  48.73454799857705
0.320 0.640  48.73454799857705
0.320 0.660  48.73454799857705
0.320 0.680  48.81662444851652
0.320 0.700  48.81662444851652
0.320 0.720  48.81662444851652
0.320 0.740  48.81662444851652
0.320 0.760  48.81662444851652
0.320 0.780  48.81662444851652
0.320 0.800  48.81662444851652
0.320 0.820  48.80342388419331
0.320 0.840  48.80342388419331
0.320 0.860  48.80342388419331
0.320 0.880  48.80342388419331
0.320 0.900  48.80342388419331
0.320 0.920  48.82520860821059
0.320 0.940  48.84520860821059
0.320 0.960  48.86520860821059
0.320 0.980  48.88520860821059
0.320 1.000  48.909520860821059
0.340 0.020  48.70957866063582
0.340 0.040  48.70957866063582
0.340 0.060  48.70957866063582
0.340 0.080  48.70957866063582
0.340 0.100  48.70957866063582
0.340 0.120  48.70957866063582
0.340 0.140  48.70957866063582
0.340 0.160  48.70957866063582
0.340 0.180  48.70957866063582
0.340 0.200  48.70957866063582
0.340 0.220  48.70957866063582
0.340 0.240  48.70957866063582
0.340 0.260  48.70957866063582
0.340 0.280  48.70957866063582
0.340 0.300  48.70957866063582
0.340 0.320  48.70957866063582
0.340 0.340  48.67466265564484
0.340 0.360  48.67466265564484
0.340 0.380  48.73454799857705
0.340 0.400  48.73454799857705
0.340 0.420  48.73454799857705
0.340 0.440  48.73454799857705
0.340 0.460  48.73454799857705
0.340 0.480  48.73454799857705
0.340 0.500  48.73454799857705
0.340 0.520  48.73454799857705
0.340 0.540  48.73454799857705
0.340 0.560  48.73454799857705
0.340 0.580  48.73454799857705
0.340 0.600  48.73454799857705
0.340 0.620  48.73454799857705
0.340 0.640  48.73454799857705
0.340 0.660  48.73454799857705
0.340 0.680  48.81662444851652
0.340 0.700  48.81662444851652
0.340 0.720  48.81662444851652
0.340 0.740  48.81662444851652
0.340 0.760  48.81662444851652
0.340 0.780  48.81662444851652
0.340 0.800  48.81662444851652
0.340 0.820  48.80342388419331
0.340 0.840  48.80342388419331
0.340 0.860  48.80342388419331
0.340 0.880  48.80342388419331
0.340 0.900  48.80342388419331
0.340 0.920  48.80520860821059
0.340 0.940  48.82520860821059
0.340 0.960  48.84520860821059
0.340 0.980  48.86520860821059
0.340 1.000  48.88520860821059
0.360 0.020  48.70957866063582
0.360 0.040  48.70957866063582
0.360 0.060  48.70957866063582
0.360 0.080  48.70957866063582
0.360 0.100  48.70957866063582
0.360 0.120  48.70957866063582
0.360 0.140  48.70957866063582
0.360 0.160  48.70957866063582
0.360 0.180  48.70957866063582
0.360 0.200  48.70957866063582
0.360 0.220  48.70957866063582
0.360 0.240  48.70957866063582
0.360 0.260  48.70957866063582
0.360 0.280  48.70957866063582
0.360 0.300  48.70957866063582
0.360 0.320  48.70957866063582
0.360 0.340  48.67466265564484
0.360 0.360  48.67466265564484
0.360 0.380  48.73454799857705
0.360 0.400  48.73454799857705
0.360 0.420  48.73454799857705
0.360 0.440  48.73454799857705
0.360 0.460  48.73454799857705
0.360 0.480  48.73454799857705
0.360 0.500  48.73454799857705
0.360 0.520  48.73454799857705
0.360 0.540  48.73454799857705
0.360 0.560  48.73454799857705
0.360 0.580  48.73454799857705
0.360 0.600  48.73454799857705
0.360 0.620  48.73454799857705
0.360 0.640  48.73454799857705
0.360 0.660  48.73454799857705
0.360 0.680  48.81662444851652
0.360 0.700  48.81662444851652
0.360 0.720  48.81662444851652
0.360 0.740  48.81662444851652
0.360 0.760  48.81662444851652
0.360 0.780  48.81662444851652
0.360 0.800  48.81662444851652
0.360 0.820  48.80342388419331
0.360 0.840  48.80342388419331
0.360 0.860  48.80342388419331
0.360 0.880  48.80342388419331
0.360 0.900  48.80342388419331
0.360 0.920  48.80520860821059
0.360 0.940  48.82520860821059
0.360 0.960  48.84520860821059
0.360 0.980  48.86520860821059
0.360 1.000  48.88520860821059
0.380 0.020  48.70957866063582
0.380 0.040  48.70957866063582
0.380 0.060  48.70957866063582
0.380 0.080  48.70957866063582
0.380 0.100  48.70957866063582
0.380 0.120  48.70957866063582
0.380 0.140  48.70957866063582
0.380 0.160  48.70957866063582
0.380 0.180  48.70957866063582
0.380 0.200  48.70957866063582
0.380 0.220  48.70957866063582
0.380 0.240  48.70957866063582
0.380 0.260  48.70957866063582
0.380 0.280  48.70957866063582
0.380 0.300  48.70957866063582
0.380 0.320  48.70957866063582
0.380 0.340  48.67466265564484
0.380 0.360  48.67466265564484
0.380 0.380  48.73454799857705
0.380 0.400  48.73454799857705
0.380 0.420  48.73454799857705
0.380 0.440  48.73454799857705
0.380 0.460  48.73454799857705
0.380 0.480  48.73454799857705
0.380 0.500  48.73454799857705
0.380 0.520  48.73454799857705
0.380 0.540  48.73454799857705
0.380 0.560  48.73454799857705
0.380 0.580  48.73454799857705
0.380 0.600  48.73454799857705
0.380 0.620  48.73454799857705
0.380 0.640  48.73454799857705
0.380 0.660  48.73454799857705
0.380 0.680  48.81662444851652
0.380 0.700  48.81662444851652
0.380 0.720  48.81662444851652
0.380 0.740  48.81662444851652
0.380 0.760  48.81662444851652
0.380 0.780  48.81662444851652
0.380 0.800  48.81662444851652
0.380 0.820  48.80342388419331
0.380 0.840  48.80342388419331
0.380 0.860  48.80342388419331
0.380 0.880  48.80342388419331
0.380 0.900  48.80342388419331
0.380 0.920  48.80520860821059
0.380 0.940  48.82520860821059
0.380 0.960  48.842520860821059
0.380 0.980  48.86520860821059
0.380 1.000  48.88520860821059
0.400 0.020  48.70957866063582
0.400 0.040  48.70957866063582
0.400 0.060  48.70957866063582
0.400 0.080  48.70957866063582
0.400 0.100  48.70957866063582
0.400 0.120  48.70957866063582
0.400 0.140  48.70957866063582
0.400 0.160  48.70957866063582
0.400 0.180  48.70957866063582
0.400 0.200  48.70957866063582
0.400 0.220  48.70957866063582
0.400 0.240  48.70957866063582
0.400 0.260  48.70957866063582
0.400 0.280  48.70957866063582
0.400 0.300  48.70957866063582
0.400 0.320  48.70957866063582
0.400 0.340  48.67466265564484
0.400 0.360  48.67466265564484
0.400 0.380  48.73454799857705
0.400 0.400  48.73454799857705
0.400 0.420  48.73454799857705
0.400 0.440  48.73454799857705
0.400 0.460  48.73454799857705
0.400 0.480  48.73454799857705
0.400 0.500  48.73454799857705
0.400 0.520  48.73454799857705
0.400 0.540  48.73454799857705
0.400 0.560  48.73454799857705
0.400 0.580  48.73454799857705
0.400 0.600  48.73454799857705
0.400 0.620  48.73454799857705
0.400 0.640  48.73454799857705
0.400 0.660  48.73454799857705
0.400 0.680  48.81662444851652
0.400 0.700  48.81662444851652
0.400 0.720  48.81662444851652
0.400 0.740  48.81662444851652
0.400 0.760  48.81662444851652
0.400 0.780  48.81662444851652
0.400 0.800  48.81662444851652
0.400 0.820  48.80342388419331
0.400 0.840  48.80342388419331
0.400 0.860  48.80342388419331
0.400 0.880  48.80342388419331
0.400 0.900  48.80342388419331
0.400 0.920  48.82520860821059
0.400 0.940  48.840860821059
0.400 0.960  48.86520860821059
0.400 0.980  48.88520860821059
0.400 1.000  48.90520860821059
0.420 0.020  48.75614873791795
0.420 0.040  48.75614873791795
0.420 0.060  48.75614873791795
0.420 0.080  48.75614873791795
0.420 0.100  48.75614873791795
0.420 0.120  48.75614873791795
0.420 0.140  48.75614873791795
0.420 0.160  48.75614873791795
0.420 0.180  48.75614873791795
0.420 0.200  48.75614873791795
0.420 0.220  48.75614873791795
0.420 0.240  48.75614873791795
0.420 0.260  48.75614873791795
0.420 0.280  48.75614873791795
0.420 0.300  48.75614873791795
0.420 0.320  48.75614873791795
0.420 0.340  48.72122622986699
0.420 0.360  48.72122622986699
0.420 0.380  48.782151830811635
0.420 0.400  48.81109683000916
0.420 0.420  48.81109683000916
0.420 0.440  48.81109683000916
0.420 0.460  48.81109683000916
0.420 0.480  48.81109683000916
0.420 0.500  48.81109683000916
0.420 0.520  48.81109683000916
0.420 0.540  48.81109683000916
0.420 0.560  48.81109683000916
0.420 0.580  48.81109683000916
0.420 0.600  48.81109683000916
0.420 0.620  48.81109683000916
0.420 0.640  48.81109683000916
0.420 0.660  48.81109683000916
0.420 0.680  48.81662444851652
0.420 0.700  48.81662444851652
0.420 0.720  48.81662444851652
0.420 0.740  48.81662444851652
0.420 0.760  48.81662444851652
0.420 0.780  48.81662444851652
0.420 0.800  48.81662444851652
0.420 0.820  48.80342388419331
0.420 0.840  48.80342388419331
0.420 0.860  48.80342388419331
0.420 0.880  48.80342388419331
0.420 0.900  48.80342388419331
0.420 0.920  48.80520860821059
0.420 0.940  48.82520860821059
0.420 0.960  48.84520860821059
0.420 0.980  48.86520860821059
0.420 1.000  48.88520860821059
0.440 0.020  48.566222299345604
0.440 0.040  48.566222299345604
0.440 0.060  48.566222299345604
0.440 0.080  48.566222299345604
0.440 0.100  48.566222299345604
0.440 0.120  48.566222299345604
0.440 0.140  48.566222299345604
0.440 0.160  48.566222299345604
0.440 0.180  48.566222299345604
0.440 0.200  48.566222299345604
0.440 0.220  48.566222299345604
0.440 0.240  48.566222299345604
0.440 0.260  48.566222299345604
0.440 0.280  48.566222299345604
0.440 0.300  48.566222299345604
0.440 0.320  48.566222299345604
0.440 0.340  48.56654601312238
0.440 0.360  48.56654601312238
0.440 0.380  48.50844701836941
0.440 0.400  48.54051351565687
0.440 0.420  48.54051351565687
0.440 0.440  48.54051351565687
0.440 0.460  48.54051351565687
0.440 0.480  48.54051351565687
0.440 0.500  48.54051351565687
0.440 0.520  48.54051351565687
0.440 0.540  48.54051351565687
0.440 0.560  48.54051351565687
0.440 0.580  48.54051351565687
0.440 0.600  48.66793613467913
0.440 0.620  48.66793613467913
0.440 0.640  48.66793613467913
0.440 0.660  48.66793613467913
0.440 0.680  48.81662444851652
0.440 0.700  48.81662444851652
0.440 0.720  48.81662444851652
0.440 0.740  48.81662444851652
0.440 0.760  48.81662444851652
0.440 0.780  48.81662444851652
0.440 0.800  48.81662444851652
0.440 0.820  48.80342388419331
0.440 0.840  48.80342388419331
0.440 0.860  48.80342388419331
0.440 0.880  48.80342388419331
0.440 0.900  48.80342388419331
0.440 0.920  48.82520860821059
0.440 0.940  48.84520860821059
0.440 0.960  48.88520860821059
0.440 0.980  48.90520860821059
0.440 1.000  48.92520860821059
0.460 0.020  48.76269668878563
0.460 0.040  48.76269668878563
0.460 0.060  48.76269668878563
0.460 0.080  48.76269668878563
0.460 0.100  48.76269668878563
0.460 0.120  48.76269668878563
0.460 0.140  48.76269668878563
0.460 0.160  48.76269668878563
0.460 0.180  48.76269668878563
0.460 0.200  48.76269668878563
0.460 0.220  48.76269668878563
0.460 0.240  48.76269668878563
0.460 0.260  48.76269668878563
0.460 0.280  48.76269668878563
0.460 0.300  48.76269668878563
0.460 0.320  48.76269668878563
0.460 0.340  48.76269668878563
0.460 0.360  48.76269668878563
0.460 0.380  48.79322501554668
0.460 0.400  48.82238910622737
0.460 0.420  48.82238910622737
0.460 0.440  48.82238910622737
0.460 0.460  48.82238910622737
0.460 0.480  48.82238910622737
0.460 0.500  48.82238910622737
0.460 0.520  48.82238910622737
0.460 0.540  48.82238910622737
0.460 0.560  48.82238910622737
0.460 0.580  48.82238910622737
0.460 0.600  48.81662444851652
0.460 0.620  48.81662444851652
0.460 0.640  48.81662444851652
0.460 0.660  48.81662444851652
0.460 0.680  48.81662444851652
0.460 0.700  48.81662444851652
0.460 0.720  48.81662444851652
0.460 0.740  48.81662444851652
0.460 0.760  48.81662444851652
0.460 0.780  48.81662444851652
0.460 0.800  48.81662444851652
0.460 0.820  48.80342388419331
0.460 0.840  48.80342388419331
0.460 0.860  48.80342388419331
0.460 0.880  48.80342388419331
0.460 0.900  48.80342388419331
0.460 0.920  48.67520860821059
0.460 0.940  48.67520860821059
0.460 0.960  48.67520860821059
0.460 0.980  48.67520860821059
0.460 1.000  48.67520860821059
0.480 0.020  48.76269668878563
0.480 0.040  48.76269668878563
0.480 0.060  48.76269668878563
0.480 0.080  48.76269668878563
0.480 0.100  48.76269668878563
0.480 0.120  48.76269668878563
0.480 0.140  48.76269668878563
0.480 0.160  48.76269668878563
0.480 0.180  48.76269668878563
0.480 0.200  48.76269668878563
0.480 0.220  48.76269668878563
0.480 0.240  48.76269668878563
0.480 0.260  48.76269668878563
0.480 0.280  48.76269668878563
0.480 0.300  48.76269668878563
0.480 0.320  48.76269668878563
0.480 0.340  48.76269668878563
0.480 0.360  48.76269668878563
0.480 0.380  48.79322501554668
0.480 0.400  48.82238910622737
0.480 0.420  48.82238910622737
0.480 0.440  48.82238910622737
0.480 0.460  48.82238910622737
0.480 0.480  48.82238910622737
0.480 0.500  48.82238910622737
0.480 0.520  48.82238910622737
0.480 0.540  48.82238910622737
0.480 0.560  48.82238910622737
0.480 0.580  48.82238910622737
0.480 0.600  48.81662444851652
0.480 0.620  48.81662444851652
0.480 0.640  48.81662444851652
0.480 0.660  48.81662444851652
0.480 0.680  48.81662444851652
0.480 0.700  48.81662444851652
0.480 0.720  48.81662444851652
0.480 0.740  48.81662444851652
0.480 0.760  48.81662444851652
0.480 0.780  48.81662444851652
0.480 0.800  48.81662444851652
0.480 0.820  48.80342388419331
0.480 0.840  48.80342388419331
0.480 0.860  48.80342388419331
0.480 0.880  48.80342388419331
0.480 0.900  48.80342388419331
0.480 0.920  48.67520860821059
0.480 0.940  48.67520860821059
0.480 0.960  48.67520860821059
0.480 0.980  48.67520860821059
0.480 1.000  48.67520860821059
0.500 0.020  48.76269668878563
0.500 0.040  48.76269668878563
0.500 0.060  48.76269668878563
0.500 0.080  48.76269668878563
0.500 0.100  48.76269668878563
0.500 0.120  48.76269668878563
0.500 0.140  48.76269668878563
0.500 0.160  48.76269668878563
0.500 0.180  48.76269668878563
0.500 0.200  48.76269668878563
0.500 0.220  48.76269668878563
0.500 0.240  48.76269668878563
0.500 0.260  48.76269668878563
0.500 0.280  48.76269668878563
0.500 0.300  48.76269668878563
0.500 0.320  48.76269668878563
0.500 0.340  48.76269668878563
0.500 0.360  48.76269668878563
0.500 0.380  48.79322501554668
0.500 0.400  48.82238910622737
0.500 0.420  48.82238910622737
0.500 0.440  48.82238910622737
0.500 0.460  48.82238910622737
0.500 0.480  48.82238910622737
0.500 0.500  48.82238910622737
0.500 0.520  48.82238910622737
0.500 0.540  48.82238910622737
0.500 0.560  48.82238910622737
0.500 0.580  48.82238910622737
0.500 0.600  48.81662444851652
0.500 0.620  48.81662444851652
0.500 0.640  48.81662444851652
0.500 0.660  48.81662444851652
0.500 0.680  48.81662444851652
0.500 0.700  48.81662444851652
0.500 0.720  48.81662444851652
0.500 0.740  48.81662444851652
0.500 0.760  48.81662444851652
0.500 0.780  48.81662444851652
0.500 0.800  48.81662444851652
0.500 0.820  48.80342388419331
0.500 0.840  48.80342388419331
0.500 0.860  48.80342388419331
0.500 0.880  48.80342388419331
0.500 0.900  48.80342388419331
0.500 0.920  48.67520860821059
0.500 0.940  48.67520860821059
0.500 0.960  48.67520860821059
0.500 0.980  48.67520860821059
0.500 1.000  48.67520860821059
0.520 0.020  48.48507177862654
0.520 0.040  48.48507177862654
0.520 0.060  48.48507177862654
0.520 0.080  48.48507177862654
0.520 0.100  48.48507177862654
0.520 0.120  48.48507177862654
0.520 0.140  48.48507177862654
0.520 0.160  48.48507177862654
0.520 0.180  48.48507177862654
0.520 0.200  48.37658615397282
0.520 0.220  48.48507177862654
0.520 0.240  48.48507177862654
0.520 0.260  48.48507177862654
0.520 0.280  48.48507177862654
0.520 0.300  48.48507177862654
0.520 0.320  48.48507177862654
0.520 0.340  48.48507177862654
0.520 0.360  48.48507177862654
0.520 0.380  48.53481736653856
0.520 0.400  48.58933059950233
0.520 0.420  48.61797835487491
0.520 0.440  48.61797835487491
0.520 0.460  48.61797835487491
0.520 0.480  48.61797835487491
0.520 0.500  48.61797835487491
0.520 0.520  48.61797835487491
0.520 0.540  48.61797835487491
0.520 0.560  48.61797835487491
0.520 0.580  48.61797835487491
0.520 0.600  48.614255756458086
0.520 0.620  48.614255756458086
0.520 0.640  48.614255756458086
0.520 0.660  48.614255756458086
0.520 0.680  48.614255756458086
0.520 0.700  48.614255756458086
0.520 0.720  48.614255756458086
0.520 0.740  48.614255756458086
0.520 0.760  48.614255756458086
0.520 0.780  48.614255756458086
0.520 0.800  48.614255756458086
0.520 0.820  48.59929290551663
0.520 0.840  48.59929290551663
0.520 0.860  48.59929290551663
0.520 0.880  48.59929290551663
0.520 0.900  48.59929290551663
0.520 0.920  48.61765161144425
0.520 0.940  48.61765161144425
0.520 0.960  48.61765161144425
0.520 0.980  48.61765161144425
0.520 1.000  48.61765161144425
0.540 0.020  48.48507177862654
0.540 0.040  48.48507177862654
0.540 0.060  48.48507177862654
0.540 0.080  48.48507177862654
0.540 0.100  48.48507177862654
0.540 0.120  48.48507177862654
0.540 0.140  48.48507177862654
0.540 0.160  48.48507177862654
0.540 0.180  48.48507177862654
0.540 0.200  48.37658615397282
0.540 0.220  48.48507177862654
0.540 0.240  48.48507177862654
0.540 0.260  48.48507177862654
0.540 0.280  48.48507177862654
0.540 0.300  48.48507177862654
0.540 0.320  48.48507177862654
0.540 0.340  48.48507177862654
0.540 0.360  48.48507177862654
0.540 0.380  48.53481736653856
0.540 0.400  48.58933059950233
0.540 0.420  48.61797835487491
0.540 0.440  48.61797835487491
0.540 0.460  48.61797835487491
0.540 0.480  48.61797835487491
0.540 0.500  48.61797835487491
0.540 0.520  48.61797835487491
0.540 0.540  48.61797835487491
0.540 0.560  48.61797835487491
0.540 0.580  48.61797835487491
0.540 0.600  48.614255756458086
0.540 0.620  48.614255756458086
0.540 0.640  48.614255756458086
0.540 0.660  48.614255756458086
0.540 0.680  48.614255756458086
0.540 0.700  48.614255756458086
0.540 0.720  48.614255756458086
0.540 0.740  48.614255756458086
0.540 0.760  48.614255756458086
0.540 0.780  48.614255756458086
0.540 0.800  48.614255756458086
0.540 0.820  48.59929290551663
0.540 0.840  48.59929290551663
0.540 0.860  48.59929290551663
0.540 0.880  48.59929290551663
0.540 0.900  48.59929290551663
0.540 0.920  48.61765161144425
0.540 0.940  48.61765161144425
0.540 0.960  48.61765161144425
0.540 0.980  48.61765161144425
0.540 1.000  48.61765161144425
0.560 0.020  48.53886206952678
0.560 0.040  48.53886206952678
0.560 0.060  48.53886206952678
0.560 0.080  48.53886206952678
0.560 0.100  48.53886206952678
0.560 0.120  48.53886206952678
0.560 0.140  48.53886206952678
0.560 0.160  48.53886206952678
0.560 0.180  48.53886206952678
0.560 0.200  48.435415524756046
0.560 0.220  48.53886206952678
0.560 0.240  48.53886206952678
0.560 0.260  48.53886206952678
0.560 0.280  48.53886206952678
0.560 0.300  48.53886206952678
0.560 0.320  48.53886206952678
0.560 0.340  48.53886206952678
0.560 0.360  48.53886206952678
0.560 0.380  48.59029137169476
0.560 0.400  48.58933059950233
0.560 0.420  48.61797835487491
0.560 0.440  48.61797835487491
0.560 0.460  48.61797835487491
0.560 0.480  48.61797835487491
0.560 0.500  48.61797835487491
0.560 0.520  48.61797835487491
0.560 0.540  48.61797835487491
0.560 0.560  48.61797835487491
0.560 0.580  48.61797835487491
0.560 0.600  48.614255756458086
0.560 0.620  48.614255756458086
0.560 0.640  48.614255756458086
0.560 0.660  48.614255756458086
0.560 0.680  48.614255756458086
0.560 0.700  48.614255756458086
0.560 0.720  48.614255756458086
0.560 0.740  48.614255756458086
0.560 0.760  48.614255756458086
0.560 0.780  48.614255756458086
0.560 0.800  48.614255756458086
0.560 0.820  48.59929290551663
0.560 0.840  48.59929290551663
0.560 0.860  48.59929290551663
0.560 0.880  48.59929290551663
0.560 0.900  48.59929290551663
0.560 0.920  48.61765161144425
0.560 0.940  48.61765161144425
0.560 0.960  48.61765161144425
0.560 0.980  48.61765161144425
0.560 1.000  48.61765161144425
0.580 0.020  48.53886206952678
0.580 0.040  48.53886206952678
0.580 0.060  48.53886206952678
0.580 0.080  48.53886206952678
0.580 0.100  48.53886206952678
0.580 0.120  48.53886206952678
0.580 0.140  48.53886206952678
0.580 0.160  48.53886206952678
0.580 0.180  48.53886206952678
0.580 0.200  48.435415524756046
0.580 0.220  48.53886206952678
0.580 0.240  48.53886206952678
0.580 0.260  48.53886206952678
0.580 0.280  48.53886206952678
0.580 0.300  48.53886206952678
0.580 0.320  48.53886206952678
0.580 0.340  48.53886206952678
0.580 0.360  48.53886206952678
0.580 0.380  48.59029137169476
0.580 0.400  48.58933059950233
0.580 0.420  48.61797835487491
0.580 0.440  48.61797835487491
0.580 0.460  48.61797835487491
0.580 0.480  48.61797835487491
0.580 0.500  48.61797835487491
0.580 0.520  48.61797835487491
0.580 0.540  48.61797835487491
0.580 0.560  48.61797835487491
0.580 0.580  48.61797835487491
0.580 0.600  48.614255756458086
0.580 0.620  48.614255756458086
0.580 0.640  48.614255756458086
0.580 0.660  48.614255756458086
0.580 0.680  48.614255756458086
0.580 0.700  48.614255756458086
0.580 0.720  48.614255756458086
0.580 0.740  48.614255756458086
0.580 0.760  48.614255756458086
0.580 0.780  48.614255756458086
0.580 0.800  48.614255756458086
0.580 0.820  48.59929290551663
0.580 0.840  48.59929290551663
0.580 0.860  48.59929290551663
0.580 0.880  48.59929290551663
0.580 0.900  48.59929290551663
0.580 0.920  48.61765161144425
0.580 0.940  48.61765161144425
0.580 0.960  48.61765161144425
0.580 0.980  48.61765161144425
0.580 1.000  48.61765161144425
0.600 0.020  48.58804540663432
0.600 0.040  48.58804540663432
0.600 0.060  48.58804540663432
0.600 0.080  48.58804540663432
0.600 0.100  48.58804540663432
0.600 0.120  48.58804540663432
0.600 0.140  48.58804540663432
0.600 0.160  48.58804540663432
0.600 0.180  48.58804540663432
0.600 0.200  48.50284666307701
0.600 0.220  48.58804540663432
0.600 0.240  48.58804540663432
0.600 0.260  48.58804540663432
0.600 0.280  48.58804540663432
0.600 0.300  48.58804540663432
0.600 0.320  48.58804540663432
0.600 0.340  48.58804540663432
0.600 0.360  48.58804540663432
0.600 0.380  48.59029137169476
0.600 0.400  48.58933059950233
0.600 0.420  48.61797835487491
0.600 0.440  48.61797835487491
0.600 0.460  48.61797835487491
0.600 0.480  48.61797835487491
0.600 0.500  48.61797835487491
0.600 0.520  48.61797835487491
0.600 0.540  48.61797835487491
0.600 0.560  48.61797835487491
0.600 0.580  48.61797835487491
0.600 0.600  48.614255756458086
0.600 0.620  48.614255756458086
0.600 0.640  48.614255756458086
0.600 0.660  48.614255756458086
0.600 0.680  48.614255756458086
0.600 0.700  48.614255756458086
0.600 0.720  48.614255756458086
0.600 0.740  48.614255756458086
0.600 0.760  48.614255756458086
0.600 0.780  48.614255756458086
0.600 0.800  48.614255756458086
0.600 0.820  48.59929290551663
0.600 0.840  48.59929290551663
0.600 0.860  48.59929290551663
0.600 0.880  48.59929290551663
0.600 0.900  48.59929290551663
0.600 0.920  48.61765161144425
0.600 0.940  48.61765161144425
0.600 0.960  48.61765161144425
0.600 0.980  48.61765161144425
0.600 1.000  48.61765161144425
0.620 0.020  48.58804540663432
0.620 0.040  48.58804540663432
0.620 0.060  48.58804540663432
0.620 0.080  48.58804540663432
0.620 0.100  48.58804540663432
0.620 0.120  48.58804540663432
0.620 0.140  48.58804540663432
0.620 0.160  48.58804540663432
0.620 0.180  48.58804540663432
0.620 0.200  48.50284666307701
0.620 0.220  48.58804540663432
0.620 0.240  48.58804540663432
0.620 0.260  48.58804540663432
0.620 0.280  48.58804540663432
0.620 0.300  48.58804540663432
0.620 0.320  48.58804540663432
0.620 0.340  48.58804540663432
0.620 0.360  48.58804540663432
0.620 0.380  48.59029137169476
0.620 0.400  48.58933059950233
0.620 0.420  48.61797835487491
0.620 0.440  48.61797835487491
0.620 0.460  48.61797835487491
0.620 0.480  48.61797835487491
0.620 0.500  48.61797835487491
0.620 0.520  48.61797835487491
0.620 0.540  48.61797835487491
0.620 0.560  48.61797835487491
0.620 0.580  48.61797835487491
0.620 0.600  48.614255756458086
0.620 0.620  48.614255756458086
0.620 0.640  48.614255756458086
0.620 0.660  48.614255756458086
0.620 0.680  48.614255756458086
0.620 0.700  48.614255756458086
0.620 0.720  48.614255756458086
0.620 0.740  48.614255756458086
0.620 0.760  48.614255756458086
0.620 0.780  48.614255756458086
0.620 0.800  48.614255756458086
0.620 0.820  48.59929290551663
0.620 0.840  48.59929290551663
0.620 0.860  48.59929290551663
0.620 0.880  48.59929290551663
0.620 0.900  48.59929290551663
0.620 0.920  48.61765161144425
0.620 0.940  48.61765161144425
0.620 0.960  48.61765161144425
0.620 0.980  48.61765161144425
0.620 1.000  48.61765161144425
0.640 0.020  48.59173361599682
0.640 0.040  48.59173361599682
0.640 0.060  48.59173361599682
0.640 0.080  48.59173361599682
0.640 0.100  48.59173361599682
0.640 0.120  48.59173361599682
0.640 0.140  48.59173361599682
0.640 0.160  48.59173361599682
0.640 0.180  48.59173361599682
0.640 0.200  48.59173361599682
0.640 0.220  48.59173361599682
0.640 0.240  48.59173361599682
0.640 0.260  48.59173361599682
0.640 0.280  48.59173361599682
0.640 0.300  48.59173361599682
0.640 0.320  48.59173361599682
0.640 0.340  48.59173361599682
0.640 0.360  48.59173361599682
0.640 0.380  48.59029137169476
0.640 0.400  48.58933059950233
0.640 0.420  48.61797835487491
0.640 0.440  48.61797835487491
0.640 0.460  48.61797835487491
0.640 0.480  48.61797835487491
0.640 0.500  48.61797835487491
0.640 0.520  48.61797835487491
0.640 0.540  48.61797835487491
0.640 0.560  48.61797835487491
0.640 0.580  48.61797835487491
0.640 0.600  48.58974324306632
0.640 0.620  48.58974324306632
0.640 0.640  48.58974324306632
0.640 0.660  48.58974324306632
0.640 0.680  48.58974324306632
0.640 0.700  48.58974324306632
0.640 0.720  48.58974324306632
0.640 0.740  48.58974324306632
0.640 0.760  48.58974324306632
0.640 0.780  48.58974324306632
0.640 0.800  48.58974324306632
0.640 0.820  48.58383556941675
0.640 0.840  48.58383556941675
0.640 0.860  48.58383556941675
0.640 0.880  48.58383556941675
0.640 0.900  48.61765161144425
0.640 0.920  48.61765161144425
0.640 0.940  48.61765161144425
0.640 0.960  48.61765161144425
0.640 0.980  48.61765161144425
0.640 1.000  48.61765161144425
0.660 0.020  48.66828707274011
0.660 0.040  48.66828707274011
0.660 0.060  48.66828707274011
0.660 0.080  48.66828707274011
0.660 0.100  48.66828707274011
0.660 0.120  48.66828707274011
0.660 0.140  48.66828707274011
0.660 0.160  48.66828707274011
0.660 0.180  48.66828707274011
0.660 0.200  48.66828707274011
0.660 0.220  48.66828707274011
0.660 0.240  48.66828707274011
0.660 0.260  48.66828707274011
0.660 0.280  48.66828707274011
0.660 0.300  48.66828707274011
0.660 0.320  48.66828707274011
0.660 0.340  48.66828707274011
0.660 0.360  48.66828707274011
0.660 0.380  48.700996085859686
0.660 0.400  48.700996085859686
0.660 0.420  48.700996085859686
0.660 0.440  48.700996085859686
0.660 0.460  48.6954865142562
0.660 0.480  48.6954865142562
0.660 0.500  48.6954865142562
0.660 0.520  48.6954865142562
0.660 0.540  48.6954865142562
0.660 0.560  48.6954865142562
0.660 0.580  48.6954865142562
0.660 0.600  48.66724950594309
0.660 0.620  48.66724950594309
0.660 0.640  48.69657719075244
0.660 0.660  48.69657719075244
0.660 0.680  48.69151515814207
0.660 0.700  48.69151515814207
0.660 0.720  48.69151515814207
0.660 0.740  48.69151515814207
0.660 0.760  48.69151515814207
0.660 0.780  48.69151515814207
0.660 0.800  48.69151515814207
0.660 0.820  48.68560748449249
0.660 0.840  48.68560748449249
0.660 0.860  48.68560748449249
0.660 0.880  48.68560748449249
0.660 0.900  48.71998003817935
0.660 0.920  48.71998003817935
0.660 0.940  48.71998003817935
0.660 0.960  48.71998003817935
0.660 0.980  48.71998003817935
0.660 1.000  48.71998003817935
0.680 0.020  48.66828707274011
0.680 0.040  48.66828707274011
0.680 0.060  48.66828707274011
0.680 0.080  48.66828707274011
0.680 0.100  48.66828707274011
0.680 0.120  48.66828707274011
0.680 0.140  48.66828707274011
0.680 0.160  48.66828707274011
0.680 0.180  48.66828707274011
0.680 0.200  48.66828707274011
0.680 0.220  48.66828707274011
0.680 0.240  48.66828707274011
0.680 0.260  48.66828707274011
0.680 0.280  48.66828707274011
0.680 0.300  48.66828707274011
0.680 0.320  48.66828707274011
0.680 0.340  48.66828707274011
0.680 0.360  48.66828707274011
0.680 0.380  48.700996085859686
0.680 0.400  48.700996085859686
0.680 0.420  48.700996085859686
0.680 0.440  48.700996085859686
0.680 0.460  48.6954865142562
0.680 0.480  48.6954865142562
0.680 0.500  48.6954865142562
0.680 0.520  48.6954865142562
0.680 0.540  48.6954865142562
0.680 0.560  48.6954865142562
0.680 0.580  48.6954865142562
0.680 0.600  48.66724950594309
0.680 0.620  48.66724950594309
0.680 0.640  48.69657719075244
0.680 0.660  48.69657719075244
0.680 0.680  48.69151515814207
0.680 0.700  48.69151515814207
0.680 0.720  48.69151515814207
0.680 0.740  48.69151515814207
0.680 0.760  48.69151515814207
0.680 0.780  48.69151515814207
0.680 0.800  48.69151515814207
0.680 0.820  48.68560748449249
0.680 0.840  48.68560748449249
0.680 0.860  48.68560748449249
0.680 0.880  48.68560748449249
0.680 0.900  48.71998003817935
0.680 0.920  48.71998003817935
0.680 0.940  48.71998003817935
0.680 0.960  48.71998003817935
0.680 0.980  48.71998003817935
0.680 1.000  48.71998003817935
0.700 0.020  48.66828707274011
0.700 0.040  48.66828707274011
0.700 0.060  48.66828707274011
0.700 0.080  48.66828707274011
0.700 0.100  48.66828707274011
0.700 0.120  48.66828707274011
0.700 0.140  48.66828707274011
0.700 0.160  48.66828707274011
0.700 0.180  48.66828707274011
0.700 0.200  48.66828707274011
0.700 0.220  48.66828707274011
0.700 0.240  48.66828707274011
0.700 0.260  48.66828707274011
0.700 0.280  48.66828707274011
0.700 0.300  48.66828707274011
0.700 0.320  48.66828707274011
0.700 0.340  48.66828707274011
0.700 0.360  48.66828707274011
0.700 0.380  48.700996085859686
0.700 0.400  48.700996085859686
0.700 0.420  48.700996085859686
0.700 0.440  48.700996085859686
0.700 0.460  48.6954865142562
0.700 0.480  48.6954865142562
0.700 0.500  48.6954865142562
0.700 0.520  48.6954865142562
0.700 0.540  48.6954865142562
0.700 0.560  48.6954865142562
0.700 0.580  48.6954865142562
0.700 0.600  48.66724950594309
0.700 0.620  48.66724950594309
0.700 0.640  48.69657719075244
0.700 0.660  48.69657719075244
0.700 0.680  48.69151515814207
0.700 0.700  48.69151515814207
0.700 0.720  48.69151515814207
0.700 0.740  48.69151515814207
0.700 0.760  48.69151515814207
0.700 0.780  48.69151515814207
0.700 0.800  48.69151515814207
0.700 0.820  48.68560748449249
0.700 0.840  48.68560748449249
0.700 0.860  48.68560748449249
0.700 0.880  48.68560748449249
0.700 0.900  48.71998003817935
0.700 0.920  48.71998003817935
0.700 0.940  48.71998003817935
0.700 0.960  48.71998003817935
0.700 0.980  48.71998003817935
0.700 1.000  48.71998003817935
0.720 0.020  48.66828707274011
0.720 0.040  48.66828707274011
0.720 0.060  48.66828707274011
0.720 0.080  48.66828707274011
0.720 0.100  48.66828707274011
0.720 0.120  48.66828707274011
0.720 0.140  48.66828707274011
0.720 0.160  48.66828707274011
0.720 0.180  48.66828707274011
0.720 0.200  48.66828707274011
0.720 0.220  48.66828707274011
0.720 0.240  48.66828707274011
0.720 0.260  48.66828707274011
0.720 0.280  48.66828707274011
0.720 0.300  48.66828707274011
0.720 0.320  48.66828707274011
0.720 0.340  48.66828707274011
0.720 0.360  48.66828707274011
0.720 0.380  48.67853304907265
0.720 0.400  48.67853304907265
0.720 0.420  48.67853304907265
0.720 0.440  48.67853304907265
0.720 0.460  48.67302347746917
0.720 0.480  48.67302347746917
0.720 0.500  48.67302347746917
0.720 0.520  48.67302347746917
0.720 0.540  48.67302347746917
0.720 0.560  48.67302347746917
0.720 0.580  48.67302347746917
0.720 0.600  48.66724950594309
0.720 0.620  48.66724950594309
0.720 0.640  48.69657719075244
0.720 0.660  48.69657719075244
0.720 0.680  48.69151515814207
0.720 0.700  48.69151515814207
0.720 0.720  48.69151515814207
0.720 0.740  48.69151515814207
0.720 0.760  48.69151515814207
0.720 0.780  48.69151515814207
0.720 0.800  48.69151515814207
0.720 0.820  48.68560748449249
0.720 0.840  48.68560748449249
0.720 0.860  48.68560748449249
0.720 0.880  48.68560748449249
0.720 0.900  48.71998003817935
0.720 0.920  48.71998003817935
0.720 0.940  48.71998003817935
0.720 0.960  48.71998003817935
0.720 0.980  48.71998003817935
0.720 1.000  48.71998003817935
0.740 0.020  48.66828707274011
0.740 0.040  48.66828707274011
0.740 0.060  48.66828707274011
0.740 0.080  48.66828707274011
0.740 0.100  48.66828707274011
0.740 0.120  48.66828707274011
0.740 0.140  48.66828707274011
0.740 0.160  48.66828707274011
0.740 0.180  48.66828707274011
0.740 0.200  48.66828707274011
0.740 0.220  48.66828707274011
0.740 0.240  48.66828707274011
0.740 0.260  48.66828707274011
0.740 0.280  48.66828707274011
0.740 0.300  48.66828707274011
0.740 0.320  48.66828707274011
0.740 0.340  48.66828707274011
0.740 0.360  48.66828707274011
0.740 0.380  48.67853304907265
0.740 0.400  48.67853304907265
0.740 0.420  48.67853304907265
0.740 0.440  48.67853304907265
0.740 0.460  48.67302347746917
0.740 0.480  48.67302347746917
0.740 0.500  48.67302347746917
0.740 0.520  48.67302347746917
0.740 0.540  48.67302347746917
0.740 0.560  48.67302347746917
0.740 0.580  48.67302347746917
0.740 0.600  48.66724950594309
0.740 0.620  48.66724950594309
0.740 0.640  48.69657719075244
0.740 0.660  48.69657719075244
0.740 0.680  48.69151515814207
0.740 0.700  48.69151515814207
0.740 0.720  48.69151515814207
0.740 0.740  48.69151515814207
0.740 0.760  48.69151515814207
0.740 0.780  48.69151515814207
0.740 0.800  48.69151515814207
0.740 0.820  48.68560748449249
0.740 0.840  48.68560748449249
0.740 0.860  48.68560748449249
0.740 0.880  48.68560748449249
0.740 0.900  48.71998003817935
0.740 0.920  48.71998003817935
0.740 0.940  48.71998003817935
0.740 0.960  48.71998003817935
0.740 0.980  48.71998003817935
0.740 1.000  48.71998003817935
0.760 0.020  48.66828707274011
0.760 0.040  48.66828707274011
0.760 0.060  48.66828707274011
0.760 0.080  48.66828707274011
0.760 0.100  48.66828707274011
0.760 0.120  48.66828707274011
0.760 0.140  48.66828707274011
0.760 0.160  48.66828707274011
0.760 0.180  48.66828707274011
0.760 0.200  48.66828707274011
0.760 0.220  48.66828707274011
0.760 0.240  48.66828707274011
0.760 0.260  48.66828707274011
0.760 0.280  48.66828707274011
0.760 0.300  48.66828707274011
0.760 0.320  48.66828707274011
0.760 0.340  48.66828707274011
0.760 0.360  48.66828707274011
0.760 0.380  48.67853304907265
0.760 0.400  48.67853304907265
0.760 0.420  48.67853304907265
0.760 0.440  48.67853304907265
0.760 0.460  48.67302347746917
0.760 0.480  48.67302347746917
0.760 0.500  48.67302347746917
0.760 0.520  48.67302347746917
0.760 0.540  48.67302347746917
0.760 0.560  48.67302347746917
0.760 0.580  48.67302347746917
0.760 0.600  48.66724950594309
0.760 0.620  48.66724950594309
0.760 0.640  48.69657719075244
0.760 0.660  48.69657719075244
0.760 0.680  48.69151515814207
0.760 0.700  48.69151515814207
0.760 0.720  48.69151515814207
0.760 0.740  48.69151515814207
0.760 0.760  48.69151515814207
0.760 0.780  48.69151515814207
0.760 0.800  48.69151515814207
0.760 0.820  48.68560748449249
0.760 0.840  48.68560748449249
0.760 0.860  48.68560748449249
0.760 0.880  48.68560748449249
0.760 0.900  48.71998003817935
0.760 0.920  48.71998003817935
0.760 0.940  48.71998003817935
0.760 0.960  48.71998003817935
0.760 0.980  48.71998003817935
0.760 1.000  48.71998003817935
0.780 0.020  48.66828707274011
0.780 0.040  48.66828707274011
0.780 0.060  48.66828707274011
0.780 0.080  48.66828707274011
0.780 0.100  48.66828707274011
0.780 0.120  48.66828707274011
0.780 0.140  48.66828707274011
0.780 0.160  48.66828707274011
0.780 0.180  48.66828707274011
0.780 0.200  48.66828707274011
0.780 0.220  48.66828707274011
0.780 0.240  48.66828707274011
0.780 0.260  48.66828707274011
0.780 0.280  48.66828707274011
0.780 0.300  48.66828707274011
0.780 0.320  48.66828707274011
0.780 0.340  48.66828707274011
0.780 0.360  48.66828707274011
0.780 0.380  48.67302347746917
0.780 0.400  48.67302347746917
0.780 0.420  48.67302347746917
0.780 0.440  48.67302347746917
0.780 0.460  48.67302347746917
0.780 0.480  48.67302347746917
0.780 0.500  48.67302347746917
0.780 0.520  48.67302347746917
0.780 0.540  48.67302347746917
0.780 0.560  48.67302347746917
0.780 0.580  48.67302347746917
0.780 0.600  48.66724950594309
0.780 0.620  48.66724950594309
0.780 0.640  48.69657719075244
0.780 0.660  48.69657719075244
0.780 0.680  48.69151515814207
0.780 0.700  48.69151515814207
0.780 0.720  48.69151515814207
0.780 0.740  48.69151515814207
0.780 0.760  48.69151515814207
0.780 0.780  48.69151515814207
0.780 0.800  48.69151515814207
0.780 0.820  48.68560748449249
0.780 0.840  48.68560748449249
0.780 0.860  48.68560748449249
0.780 0.880  48.68560748449249
0.780 0.900  48.71998003817935
0.780 0.920  48.71998003817935
0.780 0.940  48.71998003817935
0.780 0.960  48.71998003817935
0.780 0.980  48.71998003817935
0.780 1.000  48.71998003817935
0.800 0.020  48.66828707274011
0.800 0.040  48.66828707274011
0.800 0.060  48.66828707274011
0.800 0.080  48.66828707274011
0.800 0.100  48.66828707274011
0.800 0.120  48.66828707274011
0.800 0.140  48.66828707274011
0.800 0.160  48.66828707274011
0.800 0.180  48.66828707274011
0.800 0.200  48.66828707274011
0.800 0.220  48.66828707274011
0.800 0.240  48.66828707274011
0.800 0.260  48.66828707274011
0.800 0.280  48.66828707274011
0.800 0.300  48.66828707274011
0.800 0.320  48.66828707274011
0.800 0.340  48.66828707274011
0.800 0.360  48.66828707274011
0.800 0.380  48.67302347746917
0.800 0.400  48.67302347746917
0.800 0.420  48.67302347746917
0.800 0.440  48.67302347746917
0.800 0.460  48.67302347746917
0.800 0.480  48.67302347746917
0.800 0.500  48.67302347746917
0.800 0.520  48.67302347746917
0.800 0.540  48.67302347746917
0.800 0.560  48.67302347746917
0.800 0.580  48.67302347746917
0.800 0.600  48.66724950594309
0.800 0.620  48.66724950594309
0.800 0.640  48.69657719075244
0.800 0.660  48.69657719075244
0.800 0.680  48.69151515814207
0.800 0.700  48.69151515814207
0.800 0.720  48.69151515814207
0.800 0.740  48.69151515814207
0.800 0.760  48.69151515814207
0.800 0.780  48.69151515814207
0.800 0.800  48.69151515814207
0.800 0.820  48.68560748449249
0.800 0.840  48.68560748449249
0.800 0.860  48.68560748449249
0.800 0.880  48.68560748449249
0.800 0.900  48.71998003817935
0.800 0.920  48.71998003817935
0.800 0.940  48.71998003817935
0.800 0.960  48.71998003817935
0.800 0.980  48.71998003817935
0.800 1.000  48.71998003817935
0.820 0.020  48.66828707274011
0.820 0.040  48.66828707274011
0.820 0.060  48.66828707274011
0.820 0.080  48.66828707274011
0.820 0.100  48.66828707274011
0.820 0.120  48.66828707274011
0.820 0.140  48.66828707274011
0.820 0.160  48.66828707274011
0.820 0.180  48.66828707274011
0.820 0.200  48.66828707274011
0.820 0.220  48.66828707274011
0.820 0.240  48.66828707274011
0.820 0.260  48.66828707274011
0.820 0.280  48.66828707274011
0.820 0.300  48.66828707274011
0.820 0.320  48.66828707274011
0.820 0.340  48.66828707274011
0.820 0.360  48.66828707274011
0.820 0.380  48.67302347746917
0.820 0.400  48.67302347746917
0.820 0.420  48.67302347746917
0.820 0.440  48.67302347746917
0.820 0.460  48.67302347746917
0.820 0.480  48.67302347746917
0.820 0.500  48.67302347746917
0.820 0.520  48.67302347746917
0.820 0.540  48.67302347746917
0.820 0.560  48.67302347746917
0.820 0.580  48.67302347746917
0.820 0.600  48.66724950594309
0.820 0.620  48.66724950594309
0.820 0.640  48.69657719075244
0.820 0.660  48.69657719075244
0.820 0.680  48.69151515814207
0.820 0.700  48.69151515814207
0.820 0.720  48.69151515814207
0.820 0.740  48.69151515814207
0.820 0.760  48.69151515814207
0.820 0.780  48.69151515814207
0.820 0.800  48.69151515814207
0.820 0.820  48.68560748449249
0.820 0.840  48.68560748449249
0.820 0.860  48.68560748449249
0.820 0.880  48.68560748449249
0.820 0.900  48.71998003817935
0.820 0.920  48.71998003817935
0.820 0.940  48.71998003817935
0.820 0.960  48.71998003817935
0.820 0.980  48.71998003817935
0.820 1.000  48.71998003817935
0.840 0.020  48.66828707274011
0.840 0.040  48.66828707274011
0.840 0.060  48.66828707274011
0.840 0.080  48.66828707274011
0.840 0.100  48.66828707274011
0.840 0.120  48.66828707274011
0.840 0.140  48.66828707274011
0.840 0.160  48.66828707274011
0.840 0.180  48.66828707274011
0.840 0.200  48.66828707274011
0.840 0.220  48.66828707274011
0.840 0.240  48.66828707274011
0.840 0.260  48.66828707274011
0.840 0.280  48.66828707274011
0.840 0.300  48.66828707274011
0.840 0.320  48.66828707274011
0.840 0.340  48.66828707274011
0.840 0.360  48.66828707274011
0.840 0.380  48.67302347746917
0.840 0.400  48.67302347746917
0.840 0.420  48.67302347746917
0.840 0.440  48.67302347746917
0.840 0.460  48.67302347746917
0.840 0.480  48.67302347746917
0.840 0.500  48.67302347746917
0.840 0.520  48.67302347746917
0.840 0.540  48.67302347746917
0.840 0.560  48.67302347746917
0.840 0.580  48.67302347746917
0.840 0.600  48.66724950594309
0.840 0.620  48.66724950594309
0.840 0.640  48.69657719075244
0.840 0.660  48.69657719075244
0.840 0.680  48.69151515814207
0.840 0.700  48.69151515814207
0.840 0.720  48.69151515814207
0.840 0.740  48.69151515814207
0.840 0.760  48.69151515814207
0.840 0.780  48.69151515814207
0.840 0.800  48.69151515814207
0.840 0.820  48.68560748449249
0.840 0.840  48.68560748449249
0.840 0.860  48.68560748449249
0.840 0.880  48.68560748449249
0.840 0.900  48.71998003817935
0.840 0.920  48.71998003817935
0.840 0.940  48.71998003817935
0.840 0.960  48.71998003817935
0.840 0.980  48.71998003817935
0.840 1.000  48.71998003817935
0.860 0.020  48.66828707274011
0.860 0.040  48.66828707274011
0.860 0.060  48.66828707274011
0.860 0.080  48.66828707274011
0.860 0.100  48.66828707274011
0.860 0.120  48.66828707274011
0.860 0.140  48.66828707274011
0.860 0.160  48.66828707274011
0.860 0.180  48.66828707274011
0.860 0.200  48.66828707274011
0.860 0.220  48.66828707274011
0.860 0.240  48.66828707274011
0.860 0.260  48.66828707274011
0.860 0.280  48.66828707274011
0.860 0.300  48.66828707274011
0.860 0.320  48.66828707274011
0.860 0.340  48.66828707274011
0.860 0.360  48.66828707274011
0.860 0.380  48.67302347746917
0.860 0.400  48.67302347746917
0.860 0.420  48.67302347746917
0.860 0.440  48.67302347746917
0.860 0.460  48.67302347746917
0.860 0.480  48.67302347746917
0.860 0.500  48.67302347746917
0.860 0.520  48.67302347746917
0.860 0.540  48.67302347746917
0.860 0.560  48.67302347746917
0.860 0.580  48.67302347746917
0.860 0.600  48.66724950594309
0.860 0.620  48.66724950594309
0.860 0.640  48.69657719075244
0.860 0.660  48.69657719075244
0.860 0.680  48.69151515814207
0.860 0.700  48.69151515814207
0.860 0.720  48.69151515814207
0.860 0.740  48.69151515814207
0.860 0.760  48.69151515814207
0.860 0.780  48.69151515814207
0.860 0.800  48.69151515814207
0.860 0.820  48.68560748449249
0.860 0.840  48.68560748449249
0.860 0.860  48.68560748449249
0.860 0.880  48.68560748449249
0.860 0.900  48.71998003817935
0.860 0.920  48.71998003817935
0.860 0.940  48.71998003817935
0.860 0.960  48.71998003817935
0.860 0.980  48.71998003817935
0.860 1.000  48.71998003817935
0.880 0.020  48.66828707274011
0.880 0.040  48.66828707274011
0.880 0.060  48.66828707274011
0.880 0.080  48.66828707274011
0.880 0.100  48.66828707274011
0.880 0.120  48.66828707274011
0.880 0.140  48.66828707274011
0.880 0.160  48.66828707274011
0.880 0.180  48.66828707274011
0.880 0.200  48.66828707274011
0.880 0.220  48.66828707274011
0.880 0.240  48.66828707274011
0.880 0.260  48.66828707274011
0.880 0.280  48.66828707274011
0.880 0.300  48.66828707274011
0.880 0.320  48.66828707274011
0.880 0.340  48.66828707274011
0.880 0.360  48.66828707274011
0.880 0.380  48.67302347746917
0.880 0.400  48.67302347746917
0.880 0.420  48.67302347746917
0.880 0.440  48.67302347746917
0.880 0.460  48.67302347746917
0.880 0.480  48.67302347746917
0.880 0.500  48.67302347746917
0.880 0.520  48.67302347746917
0.880 0.540  48.67302347746917
0.880 0.560  48.67302347746917
0.880 0.580  48.67302347746917
0.880 0.600  48.66724950594309
0.880 0.620  48.66724950594309
0.880 0.640  48.69657719075244
0.880 0.660  48.69657719075244
0.880 0.680  48.69151515814207
0.880 0.700  48.69151515814207
0.880 0.720  48.69151515814207
0.880 0.740  48.69151515814207
0.880 0.760  48.69151515814207
0.880 0.780  48.69151515814207
0.880 0.800  48.69151515814207
0.880 0.820  48.68560748449249
0.880 0.840  48.68560748449249
0.880 0.860  48.68560748449249
0.880 0.880  48.68560748449249
0.880 0.900  48.71998003817935
0.880 0.920  48.71998003817935
0.880 0.940  48.71998003817935
0.880 0.960  48.71998003817935
0.880 0.980  48.71998003817935
0.880 1.000  48.71998003817935
0.900 0.020  48.66828707274011
0.900 0.040  48.66828707274011
0.900 0.060  48.66828707274011
0.900 0.080  48.66828707274011
0.900 0.100  48.66828707274011
0.900 0.120  48.66828707274011
0.900 0.140  48.66828707274011
0.900 0.160  48.66828707274011
0.900 0.180  48.66828707274011
0.900 0.200  48.66828707274011
0.900 0.220  48.66828707274011
0.900 0.240  48.66828707274011
0.900 0.260  48.66828707274011
0.900 0.280  48.66828707274011
0.900 0.300  48.66828707274011
0.900 0.320  48.66828707274011
0.900 0.340  48.66828707274011
0.900 0.360  48.66828707274011
0.900 0.380  48.67302347746917
0.900 0.400  48.67302347746917
0.900 0.420  48.67302347746917
0.900 0.440  48.67302347746917
0.900 0.460  48.67302347746917
0.900 0.480  48.67302347746917
0.900 0.500  48.67302347746917
0.900 0.520  48.67302347746917
0.900 0.540  48.67302347746917
0.900 0.560  48.67302347746917
0.900 0.580  48.67302347746917
0.900 0.600  48.66724950594309
0.900 0.620  48.66724950594309
0.900 0.640  48.69657719075244
0.900 0.660  48.69657719075244
0.900 0.680  48.69151515814207
0.900 0.700  48.69151515814207
0.900 0.720  48.69151515814207
0.900 0.740  48.69151515814207
0.900 0.760  48.69151515814207
0.900 0.780  48.69151515814207
0.900 0.800  48.69151515814207
0.900 0.820  48.68560748449249
0.900 0.840  48.68560748449249
0.900 0.860  48.68560748449249
0.900 0.880  48.68560748449249
0.900 0.900  48.71998003817935
0.900 0.920  48.71998003817935
0.900 0.940  48.71998003817935
0.900 0.960  48.71998003817935
0.900 0.980  48.71998003817935
0.900 1.000  48.71998003817935
0.920 0.020  48.66828707274011
0.920 0.040  48.66828707274011
0.920 0.060  48.66828707274011
0.920 0.080  48.66828707274011
0.920 0.100  48.66828707274011
0.920 0.120  48.66828707274011
0.920 0.140  48.66828707274011
0.920 0.160  48.66828707274011
0.920 0.180  48.66828707274011
0.920 0.200  48.66828707274011
0.920 0.220  48.66828707274011
0.920 0.240  48.66828707274011
0.920 0.260  48.66828707274011
0.920 0.280  48.66828707274011
0.920 0.300  48.66828707274011
0.920 0.320  48.66828707274011
0.920 0.340  48.66828707274011
0.920 0.360  48.66828707274011
0.920 0.380  48.67302347746917
0.920 0.400  48.67302347746917
0.920 0.420  48.67302347746917
0.920 0.440  48.67302347746917
0.920 0.460  48.67302347746917
0.920 0.480  48.67302347746917
0.920 0.500  48.67302347746917
0.920 0.520  48.67302347746917
0.920 0.540  48.67302347746917
0.920 0.560  48.67302347746917
0.920 0.580  48.67302347746917
0.920 0.600  48.66724950594309
0.920 0.620  48.66724950594309
0.920 0.640  48.69657719075244
0.920 0.660  48.69657719075244
0.920 0.680  48.69151515814207
0.920 0.700  48.69151515814207
0.920 0.720  48.69151515814207
0.920 0.740  48.69151515814207
0.920 0.760  48.69151515814207
0.920 0.780  48.69151515814207
0.920 0.800  48.69151515814207
0.920 0.820  48.68560748449249
0.920 0.840  48.68560748449249
0.920 0.860  48.68560748449249
0.920 0.880  48.68560748449249
0.920 0.900  48.71998003817935
0.920 0.920  48.71998003817935
0.920 0.940  48.71998003817935
0.920 0.960  48.71998003817935
0.920 0.980  48.71998003817935
0.920 1.000  48.71998003817935
0.940 0.020  48.66828707274011
0.940 0.040  48.66828707274011
0.940 0.060  48.66828707274011
0.940 0.080  48.66828707274011
0.940 0.100  48.66828707274011
0.940 0.120  48.66828707274011
0.940 0.140  48.66828707274011
0.940 0.160  48.66828707274011
0.940 0.180  48.66828707274011
0.940 0.200  48.66828707274011
0.940 0.220  48.66828707274011
0.940 0.240  48.66828707274011
0.940 0.260  48.66828707274011
0.940 0.280  48.66828707274011
0.940 0.300  48.66828707274011
0.940 0.320  48.66828707274011
0.940 0.340  48.66828707274011
0.940 0.360  48.66828707274011
0.940 0.380  48.67302347746917
0.940 0.400  48.67302347746917
0.940 0.420  48.67302347746917
0.940 0.440  48.67302347746917
0.940 0.460  48.67302347746917
0.940 0.480  48.67302347746917
0.940 0.500  48.67302347746917
0.940 0.520  48.67302347746917
0.940 0.540  48.67302347746917
0.940 0.560  48.67302347746917
0.940 0.580  48.67302347746917
0.940 0.600  48.66724950594309
0.940 0.620  48.66724950594309
0.940 0.640  48.69657719075244
0.940 0.660  48.69657719075244
0.940 0.680  48.69151515814207
0.940 0.700  48.69151515814207
0.940 0.720  48.69151515814207
0.940 0.740  48.69151515814207
0.940 0.760  48.69151515814207
0.940 0.780  48.69151515814207
0.940 0.800  48.69151515814207
0.940 0.820  48.68560748449249
0.940 0.840  48.68560748449249
0.940 0.860  48.68560748449249
0.940 0.880  48.68560748449249
0.940 0.900  48.71998003817935
0.940 0.920  48.71998003817935
0.940 0.940  48.71998003817935
0.940 0.960  48.71998003817935
0.940 0.980  48.71998003817935
0.940 1.000  48.71998003817935
0.960 0.020  48.66828707274011
0.960 0.040  48.66828707274011
0.960 0.060  48.66828707274011
0.960 0.080  48.66828707274011
0.960 0.100  48.66828707274011
0.960 0.120  48.66828707274011
0.960 0.140  48.66828707274011
0.960 0.160  48.66828707274011
0.960 0.180  48.66828707274011
0.960 0.200  48.66828707274011
0.960 0.220  48.66828707274011
0.960 0.240  48.66828707274011
0.960 0.260  48.66828707274011
0.960 0.280  48.66828707274011
0.960 0.300  48.66828707274011
0.960 0.320  48.66828707274011
0.960 0.340  48.66828707274011
0.960 0.360  48.66828707274011
0.960 0.380  48.67302347746917
0.960 0.400  48.67302347746917
0.960 0.420  48.67302347746917
0.960 0.440  48.67302347746917
0.960 0.460  48.67302347746917
0.960 0.480  48.67302347746917
0.960 0.500  48.67302347746917
0.960 0.520  48.67302347746917
0.960 0.540  48.67302347746917
0.960 0.560  48.67302347746917
0.960 0.580  48.67302347746917
0.960 0.600  48.66724950594309
0.960 0.620  48.66724950594309
0.960 0.640  48.69657719075244
0.960 0.660  48.69657719075244
0.960 0.680  48.69151515814207
0.960 0.700  48.69151515814207
0.960 0.720  48.69151515814207
0.960 0.740  48.69151515814207
0.960 0.760  48.69151515814207
0.960 0.780  48.69151515814207
0.960 0.800  48.69151515814207
0.960 0.820  48.68560748449249
0.960 0.840  48.68560748449249
0.960 0.860  48.68560748449249
0.960 0.880  48.68560748449249
0.960 0.900  48.71998003817935
0.960 0.920  48.71998003817935
0.960 0.940  48.71998003817935
0.960 0.960  48.71998003817935
0.960 0.980  48.71998003817935
0.960 1.000  48.71998003817935
0.980 0.020  48.66828707274011
0.980 0.040  48.66828707274011
0.980 0.060  48.66828707274011
0.980 0.080  48.66828707274011
0.980 0.100  48.66828707274011
0.980 0.120  48.66828707274011
0.980 0.140  48.66828707274011
0.980 0.160  48.66828707274011
0.980 0.180  48.66828707274011
0.980 0.200  48.66828707274011
0.980 0.220  48.66828707274011
0.980 0.240  48.66828707274011
0.980 0.260  48.66828707274011
0.980 0.280  48.66828707274011
0.980 0.300  48.66828707274011
0.980 0.320  48.66828707274011
0.980 0.340  48.66828707274011
0.980 0.360  48.66828707274011
0.980 0.380  48.67302347746917
0.980 0.400  48.67302347746917
0.980 0.420  48.67302347746917
0.980 0.440  48.67302347746917
0.980 0.460  48.67302347746917
0.980 0.480  48.67302347746917
0.980 0.500  48.67302347746917
0.980 0.520  48.67302347746917
0.980 0.540  48.67302347746917
0.980 0.560  48.67302347746917
0.980 0.580  48.67302347746917
0.980 0.600  48.66724950594309
0.980 0.620  48.66724950594309
0.980 0.640  48.69657719075244
0.980 0.660  48.69657719075244
0.980 0.680  48.69151515814207
0.980 0.700  48.69151515814207
0.980 0.720  48.69151515814207
0.980 0.740  48.69151515814207
0.980 0.760  48.69151515814207
0.980 0.780  48.69151515814207
0.980 0.800  48.69151515814207
0.980 0.820  48.68560748449249
0.980 0.840  48.68560748449249
0.980 0.860  48.68560748449249
0.980 0.880  48.68560748449249
0.980 0.900  48.71998003817935
0.980 0.920  48.71998003817935
0.980 0.940  48.71998003817935
0.980 0.960  48.71998003817935
0.980 0.980  48.71998003817935
0.980 1.000  48.71998003817935
1.000 0.020  48.66828707274011
1.000 0.040  48.66828707274011
1.000 0.060  48.66828707274011
1.000 0.080  48.66828707274011
1.000 0.100  48.66828707274011
1.000 0.120  48.66828707274011
1.000 0.140  48.66828707274011
1.000 0.160  48.66828707274011
1.000 0.180  48.66828707274011
1.000 0.200  48.66828707274011
1.000 0.220  48.66828707274011
1.000 0.240  48.66828707274011
1.000 0.260  48.66828707274011
1.000 0.280  48.66828707274011
1.000 0.300  48.66828707274011
1.000 0.320  48.66828707274011
1.000 0.340  48.66828707274011
1.000 0.360  48.66828707274011
1.000 0.380  48.67302347746917
1.000 0.400  48.67302347746917
1.000 0.420  48.67302347746917
1.000 0.440  48.67302347746917
1.000 0.460  48.67302347746917
1.000 0.480  48.67302347746917
1.000 0.500  48.67302347746917
1.000 0.520  48.67302347746917
1.000 0.540  48.67302347746917
1.000 0.560  48.67302347746917
1.000 0.580  48.67302347746917
1.000 0.600  48.66724950594309
1.000 0.620  48.66724950594309
1.000 0.640  48.69657719075244
1.000 0.660  48.69657719075244
1.000 0.680  48.69151515814207
1.000 0.700  48.69151515814207
1.000 0.720  48.69151515814207
1.000 0.740  48.69151515814207
1.000 0.760  48.69151515814207
1.000 0.780  48.69151515814207
1.000 0.800  48.69151515814207
1.000 0.820  48.68560748449249
1.000 0.840  48.68560748449249
1.000 0.860  48.68560748449249
1.000 0.880  48.68560748449249
1.000 0.900  48.71998003817935
1.000 0.920  48.71998003817935
1.000 0.940  48.71998003817935
1.000 0.960  48.71998003817935
1.000 0.980  48.71998003817935
1.000 1.000  48.71998003817935