0.020 0.020 0.020337378352209157
0.020 0.040 0.020337378352209157
0.020 0.060 0.020337378352209157
0.020 0.080 0.020337378352209157
0.020 0.100 0.020337378352209157
0.020 0.120 0.020337378352209157
0.020 0.140 0.020337378352209157
0.020 0.160 0.020337378352209157
0.020 0.180 0.020337378352209157
0.020 0.200 0.020337529310193996
0.020 0.220 0.020292741954961297
0.020 0.240 0.02029344276146751
0.020 0.260 0.020225901878360493
0.020 0.280 0.02036306547735151
0.020 0.300 0.02036306547735151
0.020 0.320 0.02036306547735151
0.020 0.340 0.0203317371565495
0.020 0.360 0.0203317371565495
0.020 0.380 0.020283626014196088
0.020 0.400 0.020310197158051733
0.020 0.420 0.020310197158051733
0.020 0.440 0.020310197158051733
0.020 0.460 0.020310197158051733
0.020 0.480 0.020310197158051733
0.020 0.500 0.020310197158051733
0.020 0.520 0.020310197158051733
0.020 0.540 0.020310197158051733
0.020 0.560 0.020310197158051733
0.020 0.580 0.020310197158051733
0.020 0.600 0.020310197158051733
0.020 0.620 0.020310197158051733
0.020 0.640 0.020310197158051733
0.020 0.660 0.020310197158051733
0.020 0.680 0.02010166528707174
0.020 0.700 0.02010166528707174
0.020 0.720 0.02010166528707174
0.020 0.740 0.02010166528707174
0.020 0.760 0.02010166528707174
0.020 0.780 0.02010166528707174
0.020 0.800 0.02010166528707174
0.020 0.820 0.020081588713714453
0.020 0.840 0.020081588713714453
0.020 0.860 0.020081588713714453
0.020 0.880 0.020081588713714453
0.020 0.900 0.020081588713714453
0.020 0.920 0.02019211911290312
0.020 0.940 0.02019211911290312
0.020 0.960 0.02019211911290312
0.020 0.980 0.02019211911290312
0.020 1.000 0.02014590356983849
0.040 0.020 0.020341390171023602
0.040 0.040 0.020341390171023602
0.040 0.060 0.020341390171023602
0.040 0.080 0.020341390171023602
0.040 0.100 0.020341390171023602
0.040 0.120 0.020341390171023602
0.040 0.140 0.020341390171023602
0.040 0.160 0.020341390171023602
0.040 0.180 0.020341390171023602
0.040 0.200 0.02027558171567604
0.040 0.220 0.020245385726644548
0.040 0.240 0.020245672576265805
0.040 0.260 0.020216638365956233
0.040 0.280 0.02018987501950845
0.040 0.300 0.02018987501950845
0.040 0.320 0.02018987501950845
0.040 0.340 0.02018987501950845
0.040 0.360 0.02018987501950845
0.040 0.380 0.020144045283846942
0.040 0.400 0.020144045283846942
0.040 0.420 0.020144045283846942
0.040 0.440 0.020144045283846942
0.040 0.460 0.020144045283846942
0.040 0.480 0.020144045283846942
0.040 0.500 0.020144045283846942
0.040 0.520 0.020144045283846942
0.040 0.540 0.020144045283846942
0.040 0.560 0.020144045283846942
0.040 0.580 0.020144045283846942
0.040 0.600 0.020144045283846942
0.040 0.620 0.020144045283846942
0.040 0.640 0.020144045283846942
0.040 0.660 0.020144045283846942
0.040 0.680 0.02010166528707174
0.040 0.700 0.02010166528707174
0.040 0.720 0.02010166528707174
0.040 0.740 0.02010166528707174
0.040 0.760 0.02010166528707174
0.040 0.780 0.02010166528707174
0.040 0.800 0.02010166528707174
0.040 0.820 0.020081588713714453
0.040 0.840 0.020081588713714453
0.040 0.860 0.020081588713714453
0.040 0.880 0.020081588713714453
0.040 0.900 0.020081588713714453
0.040 0.920 0.020000552300682678
0.040 0.940 0.020000552300682678
0.040 0.960 0.020000552300682678
0.040 0.980 0.020000552300682678
0.040 1.000 0.019982984297691797
0.060 0.020 0.020196662593413968
0.060 0.040 0.020196662593413968
0.060 0.060 0.020196662593413968
0.060 0.080 0.020196662593413968
0.060 0.100 0.020196662593413968
0.060 0.120 0.020196662593413968
0.060 0.140 0.020196662593413968
0.060 0.160 0.020196662593413968
0.060 0.180 0.020196662593413968
0.060 0.200 0.020177186351046757
0.060 0.220 0.02015021718567794
0.060 0.240 0.020127518897835657
0.060 0.260 0.0201258228381248
0.060 0.280 0.020072829056916642
0.060 0.300 0.020072829056916642
0.060 0.320 0.020072829056916642
0.060 0.340 0.020072829056916642
0.060 0.360 0.020072829056916642
0.060 0.380 0.0200029934607914
0.060 0.400 0.02000180242841794
0.060 0.420 0.02000180242841794
0.060 0.440 0.02000180242841794
0.060 0.460 0.02000180242841794
0.060 0.480 0.02000180242841794
0.060 0.500 0.02000180242841794
0.060 0.520 0.02000180242841794
0.060 0.540 0.02000180242841794
0.060 0.560 0.02000180242841794
0.060 0.580 0.02000180242841794
0.060 0.600 0.020003376991440745
0.060 0.620 0.020003376991440745
0.060 0.640 0.020003376991440745
0.060 0.660 0.020003376991440745
0.060 0.680 0.0200199964836144
0.060 0.700 0.0200199964836144
0.060 0.720 0.0200199964836144
0.060 0.740 0.0200199964836144
0.060 0.760 0.0200199964836144
0.060 0.780 0.0200199964836144
0.060 0.800 0.0200199964836144
0.060 0.820 0.019993952390728587
0.060 0.840 0.019993952390728587
0.060 0.860 0.019993952390728587
0.060 0.880 0.019993952390728587
0.060 0.900 0.019993952390728587
0.060 0.920 0.019971896254285054
0.060 0.940 0.019965330416961947
0.060 0.960 0.019957750326748444
0.060 0.980 0.019950176454782493
0.060 1.000 0.019897490009258556
0.080 0.020 0.020196662593413968
0.080 0.040 0.020196662593413968
0.080 0.060 0.020196662593413968
0.080 0.080 0.020196662593413968
0.080 0.100 0.020196662593413968
0.080 0.120 0.020196662593413968
0.080 0.140 0.020196662593413968
0.080 0.160 0.020196662593413968
0.080 0.180 0.020196662593413968
0.080 0.200 0.020177186351046757
0.080 0.220 0.02015021718567794
0.080 0.240 0.020127518897835657
0.080 0.260 0.020101409648436337
0.080 0.280 0.020072829056916642
0.080 0.300 0.020072829056916642
0.080 0.320 0.020072829056916642
0.080 0.340 0.020072829056916642
0.080 0.360 0.020072829056916642
0.080 0.380 0.0200029934607914
0.080 0.400 0.02000180242841794
0.080 0.420 0.02000180242841794
0.080 0.440 0.02000180242841794
0.080 0.460 0.02000180242841794
0.080 0.480 0.02000180242841794
0.080 0.500 0.02000180242841794
0.080 0.520 0.02000180242841794
0.080 0.540 0.02000180242841794
0.080 0.560 0.02000180242841794
0.080 0.580 0.02000180242841794
0.080 0.600 0.020003376991440745
0.080 0.620 0.020003376991440745
0.080 0.640 0.020003376991440745
0.080 0.660 0.020003376991440745
0.080 0.680 0.02000289841186016
0.080 0.700 0.02000289841186016
0.080 0.720 0.02000289841186016
0.080 0.740 0.02000289841186016
0.080 0.760 0.02000289841186016
0.080 0.780 0.02000289841186016
0.080 0.800 0.02000289841186016
0.080 0.820 0.01997706529087313
0.080 0.840 0.01997706529087313
0.080 0.860 0.01997706529087313
0.080 0.880 0.01997706529087313
0.080 0.900 0.01997706529087313
0.080 0.920 0.019935382862497412
0.080 0.940 0.01992779184378363
0.080 0.960 0.019920207056767097
0.080 0.980 0.019912628493777285
0.080 1.000 0.019905056147156236
0.100 0.020 0.020196662593413968
0.100 0.040 0.020196662593413968
0.100 0.060 0.020196662593413968
0.100 0.080 0.020196662593413968
0.100 0.100 0.020196662593413968
0.100 0.120 0.020196662593413968
0.100 0.140 0.020196662593413968
0.100 0.160 0.020196662593413968
0.100 0.180 0.020196662593413968
0.100 0.200 0.020139191329046152
0.100 0.220 0.02015021718567794
0.100 0.240 0.020127518897835657
0.100 0.260 0.020101409648436337
0.100 0.280 0.020072829056916642
0.100 0.300 0.020072829056916642
0.100 0.320 0.020072829056916642
0.100 0.340 0.020072829056916642
0.100 0.360 0.020072829056916642
0.100 0.380 0.0200029934607914
0.100 0.400 0.020003376991440745
0.100 0.420 0.020003376991440745
0.100 0.440 0.020003376991440745
0.100 0.460 0.020003376991440745
0.100 0.480 0.020003376991440745
0.100 0.500 0.020003376991440745
0.100 0.520 0.020003376991440745
0.100 0.540 0.020003376991440745
0.100 0.560 0.020003376991440745
0.100 0.580 0.020003376991440745
0.100 0.600 0.020003376991440745
0.100 0.620 0.020003376991440745
0.100 0.640 0.020003376991440745
0.100 0.660 0.020003376991440745
0.100 0.680 0.02000289841186016
0.100 0.700 0.02000289841186016
0.100 0.720 0.02000289841186016
0.100 0.740 0.02000289841186016
0.100 0.760 0.02000289841186016
0.100 0.780 0.02000289841186016
0.100 0.800 0.02000289841186016
0.100 0.820 0.01997706529087313
0.100 0.840 0.01997706529087313
0.100 0.860 0.01997706529087313
0.100 0.880 0.01997706529087313
0.100 0.900 0.01997706529087313
0.100 0.920 0.01992779184378363
0.100 0.940 0.019920207056767097
0.100 0.960 0.019912628493777285
0.100 0.980 0.019905056147156236
0.100 1.000 0.019897490009258556
0.120 0.020 0.020196662593413968
0.120 0.040 0.020196662593413968
0.120 0.060 0.020196662593413968
0.120 0.080 0.020196662593413968
0.120 0.100 0.020196662593413968
0.120 0.120 0.020196662593413968
0.120 0.140 0.020196662593413968
0.120 0.160 0.020196662593413968
0.120 0.180 0.020196662593413968
0.120 0.200 0.020139191329046152
0.120 0.220 0.020111868924674568
0.120 0.240 0.020127518897835657
0.120 0.260 0.020101409648436337
0.120 0.280 0.020072829056916642
0.120 0.300 0.020072829056916642
0.120 0.320 0.020072829056916642
0.120 0.340 0.020072829056916642
0.120 0.360 0.020072829056916642
0.120 0.380 0.0200029934607914
0.120 0.400 0.020003376991440745
0.120 0.420 0.020003376991440745
0.120 0.440 0.020003376991440745
0.120 0.460 0.020003376991440745
0.120 0.480 0.020003376991440745
0.120 0.500 0.020003376991440745
0.120 0.520 0.020003376991440745
0.120 0.540 0.020003376991440745
0.120 0.560 0.020003376991440745
0.120 0.580 0.020003376991440745
0.120 0.600 0.020003376991440745
0.120 0.620 0.020003376991440745
0.120 0.640 0.020003376991440745
0.120 0.660 0.020003376991440745
0.120 0.680 0.02000289841186016
0.120 0.700 0.02000289841186016
0.120 0.720 0.02000289841186016
0.120 0.740 0.02000289841186016
0.120 0.760 0.02000289841186016
0.120 0.780 0.02000289841186016
0.120 0.800 0.02000289841186016
0.120 0.820 0.01997706529087313
0.120 0.840 0.01997706529087313
0.120 0.860 0.01997706529087313
0.120 0.880 0.01997706529087313
0.120 0.900 0.01997706529087313
0.120 0.920 0.01992779184378363
0.120 0.940 0.019920207056767097
0.120 0.960 0.019912628493777285
0.120 0.980 0.019905056147156236
0.120 1.000 0.019897490009258556
0.140 0.020 0.020196662593413968
0.140 0.040 0.020196662593413968
0.140 0.060 0.020196662593413968
0.140 0.080 0.020196662593413968
0.140 0.100 0.020196662593413968
0.140 0.120 0.020196662593413968
0.140 0.140 0.020196662593413968
0.140 0.160 0.020196662593413968
0.140 0.180 0.020196662593413968
0.140 0.200 0.020139191329046152
0.140 0.220 0.020111868924674568
0.140 0.240 0.020111868924674568
0.140 0.260 0.020101409648436337
0.140 0.280 0.020072829056916642
0.140 0.300 0.020072829056916642
0.140 0.320 0.020072829056916642
0.140 0.340 0.020072829056916642
0.140 0.360 0.020072829056916642
0.140 0.380 0.0200029934607914
0.140 0.400 0.020003376991440745
0.140 0.420 0.020003376991440745
0.140 0.440 0.020003376991440745
0.140 0.460 0.020003376991440745
0.140 0.480 0.020003376991440745
0.140 0.500 0.020003376991440745
0.140 0.520 0.020003376991440745
0.140 0.540 0.020003376991440745
0.140 0.560 0.020003376991440745
0.140 0.580 0.020003376991440745
0.140 0.600 0.020003376991440745
0.140 0.620 0.020003376991440745
0.140 0.640 0.020003376991440745
0.140 0.660 0.020003376991440745
0.140 0.680 0.02000289841186016
0.140 0.700 0.02000289841186016
0.140 0.720 0.02000289841186016
0.140 0.740 0.02000289841186016
0.140 0.760 0.02000289841186016
0.140 0.780 0.02000289841186016
0.140 0.800 0.02000289841186016
0.140 0.820 0.01997706529087313
0.140 0.840 0.01997706529087313
0.140 0.860 0.01997706529087313
0.140 0.880 0.01997706529087313
0.140 0.900 0.01997706529087313
0.140 0.920 0.019935382862497412
0.140 0.940 0.019920207056767097
0.140 0.960 0.019912628493777285
0.140 0.980 0.019906237980459797
0.140 1.000 0.019897490009258556
0.160 0.020 0.020196662593413968
0.160 0.040 0.020196662593413968
0.160 0.060 0.020196662593413968
0.160 0.080 0.020196662593413968
0.160 0.100 0.020196662593413968
0.160 0.120 0.020196662593413968
0.160 0.140 0.020196662593413968
0.160 0.160 0.020196662593413968
0.160 0.180 0.020196662593413968
0.160 0.200 0.020139191329046152
0.160 0.220 0.020111868924674568
0.160 0.240 0.020111868924674568
0.160 0.260 0.020085427888185937
0.160 0.280 0.020072829056916642
0.160 0.300 0.020072829056916642
0.160 0.320 0.020072829056916642
0.160 0.340 0.020072829056916642
0.160 0.360 0.020072829056916642
0.160 0.380 0.0200029934607914
0.160 0.400 0.020003376991440745
0.160 0.420 0.020003376991440745
0.160 0.440 0.020003376991440745
0.160 0.460 0.020003376991440745
0.160 0.480 0.020003376991440745
0.160 0.500 0.020003376991440745
0.160 0.520 0.020003376991440745
0.160 0.540 0.020003376991440745
0.160 0.560 0.020003376991440745
0.160 0.580 0.020003376991440745
0.160 0.600 0.020003376991440745
0.160 0.620 0.020003376991440745
0.160 0.640 0.020003376991440745
0.160 0.660 0.020003376991440745
0.160 0.680 0.0198856176978928
0.160 0.700 0.0198856176978928
0.160 0.720 0.0198856176978928
0.160 0.740 0.0198856176978928
0.160 0.760 0.0198856176978928
0.160 0.780 0.0198856176978928
0.160 0.800 0.0198856176978928
0.160 0.820 0.01997706529087313
0.160 0.840 0.01997706529087313
0.160 0.860 0.01997706529087313
0.160 0.880 0.01997706529087313
0.160 0.900 0.01997706529087313
0.160 0.920 0.019935382862497412
0.160 0.940 0.01992399867179291
0.160 0.960 0.01991641699774777
0.160 0.980 0.019908841543898798
0.160 1.000 0.01990127230259432
0.180 0.020 0.020196662593413968
0.180 0.040 0.020196662593413968
0.180 0.060 0.020196662593413968
0.180 0.080 0.020196662593413968
0.180 0.100 0.020196662593413968
0.180 0.120 0.020196662593413968
0.180 0.140 0.020196662593413968
0.180 0.160 0.020196662593413968
0.180 0.180 0.020196662593413968
0.180 0.200 0.020139191329046152
0.180 0.220 0.020111868924674568
0.180 0.240 0.020111868924674568
0.180 0.260 0.020085427888185937
0.180 0.280 0.02006129726832794
0.180 0.300 0.02006129726832794
0.180 0.320 0.02006129726832794
0.180 0.340 0.02006129726832794
0.180 0.360 0.02006129726832794
0.180 0.380 0.0200029934607914
0.180 0.400 0.020003376991440745
0.180 0.420 0.020003376991440745
0.180 0.440 0.020003376991440745
0.180 0.460 0.020003376991440745
0.180 0.480 0.020003376991440745
0.180 0.500 0.020003376991440745
0.180 0.520 0.020003376991440745
0.180 0.540 0.020003376991440745
0.180 0.560 0.020003376991440745
0.180 0.580 0.020003376991440745
0.180 0.600 0.020003376991440745
0.180 0.620 0.020003376991440745
0.180 0.640 0.020003376991440745
0.180 0.660 0.020003376991440745
0.180 0.680 0.0198856176978928
0.180 0.700 0.0198856176978928
0.180 0.720 0.0198856176978928
0.180 0.740 0.0198856176978928
0.180 0.760 0.0198856176978928
0.180 0.780 0.0198856176978928
0.180 0.800 0.0198856176978928
0.180 0.820 0.01998589254598925
0.180 0.840 0.01998589254598925
0.180 0.860 0.01998589254598925
0.180 0.880 0.01998589254598925
0.180 0.900 0.01998589254598925
0.180 0.920 0.019920207056767097
0.180 0.940 0.019912628493777285
0.180 0.960 0.019905056147156236
0.180 0.980 0.019897490009258556
0.180 1.000 0.019889930072451385
0.200 0.020 0.02016929485916524
0.200 0.040 0.02016929485916524
0.200 0.060 0.02016929485916524
0.200 0.080 0.02016929485916524
0.200 0.100 0.02016929485916524
0.200 0.120 0.02016929485916524
0.200 0.140 0.02016929485916524
0.200 0.160 0.02016929485916524
0.200 0.180 0.02016929485916524
0.200 0.200 0.020113723867223033
0.200 0.220 0.020113723867223033
0.200 0.240 0.020087282830734403
0.200 0.260 0.020087282830734403
0.200 0.280 0.02006129726832794
0.200 0.300 0.02006129726832794
0.200 0.320 0.02006129726832794
0.200 0.340 0.02006129726832794
0.200 0.360 0.02006129726832794
0.200 0.380 0.0200029934607914
0.200 0.400 0.020003376991440745
0.200 0.420 0.020003376991440745
0.200 0.440 0.020003376991440745
0.200 0.460 0.020003376991440745
0.200 0.480 0.020003376991440745
0.200 0.500 0.020003376991440745
0.200 0.520 0.020003376991440745
0.200 0.540 0.020003376991440745
0.200 0.560 0.020003376991440745
0.200 0.580 0.020003376991440745
0.200 0.600 0.020003376991440745
0.200 0.620 0.020003376991440745
0.200 0.640 0.020003376991440745
0.200 0.660 0.020003376991440745
0.200 0.680 0.0198856176978928
0.200 0.700 0.0198856176978928
0.200 0.720 0.0198856176978928
0.200 0.740 0.0198856176978928
0.200 0.760 0.0198856176978928
0.200 0.780 0.0198856176978928
0.200 0.800 0.0198856176978928
0.200 0.820 0.01998589254598925
0.200 0.840 0.01998589254598925
0.200 0.860 0.01998589254598925
0.200 0.880 0.01998589254598925
0.200 0.900 0.01998589254598925
0.200 0.920 0.019912628493777285
0.200 0.940 0.019905056147156236
0.200 0.960 0.019897490009258556
0.200 0.980 0.019889930072451385
0.200 1.000 0.01988237632911437
0.220 0.020 0.02016929485916524
0.220 0.040 0.02016929485916524
0.220 0.060 0.02016929485916524
0.220 0.080 0.02016929485916524
0.220 0.100 0.02016929485916524
0.220 0.120 0.02016929485916524
0.220 0.140 0.02016929485916524
0.220 0.160 0.02016929485916524
0.220 0.180 0.02016929485916524
0.220 0.200 0.020113723867223033
0.220 0.220 0.020113723867223033
0.220 0.240 0.020087282830734403
0.220 0.260 0.020087282830734403
0.220 0.280 0.02006129726832794
0.220 0.300 0.02006129726832794
0.220 0.320 0.02006129726832794
0.220 0.340 0.02006129726832794
0.220 0.360 0.02006129726832794
0.220 0.380 0.0200029934607914
0.220 0.400 0.020003376991440745
0.220 0.420 0.020003376991440745
0.220 0.440 0.020003376991440745
0.220 0.460 0.020003376991440745
0.220 0.480 0.020003376991440745
0.220 0.500 0.020003376991440745
0.220 0.520 0.020003376991440745
0.220 0.540 0.020003376991440745
0.220 0.560 0.020003376991440745
0.220 0.580 0.020003376991440745
0.220 0.600 0.020003376991440745
0.220 0.620 0.020003376991440745
0.220 0.640 0.020003376991440745
0.220 0.660 0.020003376991440745
0.220 0.680 0.0198856176978928
0.220 0.700 0.0198856176978928
0.220 0.720 0.0198856176978928
0.220 0.740 0.0198856176978928
0.220 0.760 0.0198856176978928
0.220 0.780 0.0198856176978928
0.220 0.800 0.0198856176978928
0.220 0.820 0.01998589254598925
0.220 0.840 0.01998589254598925
0.220 0.860 0.01998589254598925
0.220 0.880 0.01998589254598925
0.220 0.900 0.01998589254598925
0.220 0.920 0.019912628493777285
0.220 0.940 0.019905056147156236
0.220 0.960 0.019897490009258556
0.220 0.980 0.019889930072451385
0.220 1.000 0.01988237632911437
0.240 0.020 0.02014352532049293
0.240 0.040 0.02014352532049293
0.240 0.060 0.02014352532049293
0.240 0.080 0.02014352532049293
0.240 0.100 0.02014352532049293
0.240 0.120 0.02014352532049293
0.240 0.140 0.02014352532049293
0.240 0.160 0.02014352532049293
0.240 0.180 0.02014352532049293
0.240 0.200 0.020089761879632715
0.240 0.220 0.020089761879632715
0.240 0.240 0.02006416024112785
0.240 0.260 0.02006416024112785
0.240 0.280 0.020051899519602238
0.240 0.300 0.020051899519602238
0.240 0.320 0.020051899519602238
0.240 0.340 0.02002857427672879
0.240 0.360 0.02002857427672879
0.240 0.380 0.019982543477549075
0.240 0.400 0.019982543477549075
0.240 0.420 0.019982543477549075
0.240 0.440 0.019982543477549075
0.240 0.460 0.019982543477549075
0.240 0.480 0.019982543477549075
0.240 0.500 0.019982543477549075
0.240 0.520 0.019982543477549075
0.240 0.540 0.019982543477549075
0.240 0.560 0.019982543477549075
0.240 0.580 0.019982543477549075
0.240 0.600 0.019982543477549075
0.240 0.620 0.019982543477549075
0.240 0.640 0.019982543477549075
0.240 0.660 0.019982543477549075
0.240 0.680 0.0198856176978928
0.240 0.700 0.0198856176978928
0.240 0.720 0.0198856176978928
0.240 0.740 0.0198856176978928
0.240 0.760 0.0198856176978928
0.240 0.780 0.0198856176978928
0.240 0.800 0.0198856176978928
0.240 0.820 0.01998589254598925
0.240 0.840 0.01998589254598925
0.240 0.860 0.01998589254598925
0.240 0.880 0.01998589254598925
0.240 0.900 0.01998589254598925
0.240 0.920 0.019920207056767097
0.240 0.940 0.019912628493777285
0.240 0.960 0.019905056147156236
0.240 0.980 0.019897490009258556
0.240 1.000 0.019889930072451385
0.260 0.020 0.02014352532049293
0.260 0.040 0.02014352532049293
0.260 0.060 0.02014352532049293
0.260 0.080 0.02014352532049293
0.260 0.100 0.02014352532049293
0.260 0.120 0.02014352532049293
0.260 0.140 0.02014352532049293
0.260 0.160 0.02014352532049293
0.260 0.180 0.02014352532049293
0.260 0.200 0.020089761879632715
0.260 0.220 0.020089761879632715
0.260 0.240 0.02006416024112785
0.260 0.260 0.02006416024112785
0.260 0.280 0.020051899519602238
0.260 0.300 0.020051899519602238
0.260 0.320 0.020051899519602238
0.260 0.340 0.02002857427672879
0.260 0.360 0.02002857427672879
0.260 0.380 0.019982543477549075
0.260 0.400 0.019982543477549075
0.260 0.420 0.019982543477549075
0.260 0.440 0.019982543477549075
0.260 0.460 0.019982543477549075
0.260 0.480 0.019982543477549075
0.260 0.500 0.019982543477549075
0.260 0.520 0.019982543477549075
0.260 0.540 0.019982543477549075
0.260 0.560 0.019982543477549075
0.260 0.580 0.019982543477549075
0.260 0.600 0.019982543477549075
0.260 0.620 0.019982543477549075
0.260 0.640 0.019982543477549075
0.260 0.660 0.019982543477549075
0.260 0.680 0.0198856176978928
0.260 0.700 0.0198856176978928
0.260 0.720 0.0198856176978928
0.260 0.740 0.0198856176978928
0.260 0.760 0.0198856176978928
0.260 0.780 0.0198856176978928
0.260 0.800 0.0198856176978928
0.260 0.820 0.019849779782603733
0.260 0.840 0.019849779782603733
0.260 0.860 0.019849779782603733
0.260 0.880 0.019849779782603733
0.260 0.900 0.019849779782603733
0.260 0.920 0.019889930072451385
0.260 0.940 0.01988237632911437
0.260 0.960 0.019874828771639635
0.260 0.980 0.01986728739243176
0.260 1.000 0.01985975218390776
0.280 0.020 0.02014352532049293
0.280 0.040 0.02014352532049293
0.280 0.060 0.02014352532049293
0.280 0.080 0.02014352532049293
0.280 0.100 0.02014352532049293
0.280 0.120 0.02014352532049293
0.280 0.140 0.02014352532049293
0.280 0.160 0.02014352532049293
0.280 0.180 0.02014352532049293
0.280 0.200 0.020089761879632715
0.280 0.220 0.020089761879632715
0.280 0.240 0.02006416024112785
0.280 0.260 0.02006416024112785
0.280 0.280 0.0200153201922878
0.280 0.300 0.0200153201922878
0.280 0.320 0.0200153201922878
0.280 0.340 0.02002857427672879
0.280 0.360 0.02002857427672879
0.280 0.380 0.019982543477549075
0.280 0.400 0.019982543477549075
0.280 0.420 0.019982543477549075
0.280 0.440 0.019982543477549075
0.280 0.460 0.019982543477549075
0.280 0.480 0.019982543477549075
0.280 0.500 0.019982543477549075
0.280 0.520 0.019982543477549075
0.280 0.540 0.019982543477549075
0.280 0.560 0.019982543477549075
0.280 0.580 0.019982543477549075
0.280 0.600 0.019982543477549075
0.280 0.620 0.019982543477549075
0.280 0.640 0.019982543477549075
0.280 0.660 0.019982543477549075
0.280 0.680 0.0198856176978928
0.280 0.700 0.0198856176978928
0.280 0.720 0.0198856176978928
0.280 0.740 0.0198856176978928
0.280 0.760 0.0198856176978928
0.280 0.780 0.0198856176978928
0.280 0.800 0.0198856176978928
0.280 0.820 0.019849779782603733
0.280 0.840 0.019849779782603733
0.280 0.860 0.019849779782603733
0.280 0.880 0.019849779782603733
0.280 0.900 0.019849779782603733
0.280 0.920 0.01988237632911437
0.280 0.940 0.019874828771639635
0.280 0.960 0.01986728739243176
0.280 0.980 0.01985975218390776
0.280 1.000 0.01985222313849704
0.300 0.020 0.02014352532049293
0.300 0.040 0.02014352532049293
0.300 0.060 0.02014352532049293
0.300 0.080 0.02014352532049293
0.300 0.100 0.02014352532049293
0.300 0.120 0.02014352532049293
0.300 0.140 0.02014352532049293
0.300 0.160 0.02014352532049293
0.300 0.180 0.02014352532049293
0.300 0.200 0.020089761879632715
0.300 0.220 0.020089761879632715
0.300 0.240 0.02006416024112785
0.300 0.260 0.02006416024112785
0.300 0.280 0.0200153201922878
0.300 0.300 0.0200153201922878
0.300 0.320 0.0200153201922878
0.300 0.340 0.02002857427672879
0.300 0.360 0.02002857427672879
0.300 0.380 0.019982543477549075
0.300 0.400 0.019982543477549075
0.300 0.420 0.019982543477549075
0.300 0.440 0.019982543477549075
0.300 0.460 0.019982543477549075
0.300 0.480 0.019982543477549075
0.300 0.500 0.019982543477549075
0.300 0.520 0.019982543477549075
0.300 0.540 0.019982543477549075
0.300 0.560 0.019982543477549075
0.300 0.580 0.019982543477549075
0.300 0.600 0.019982543477549075
0.300 0.620 0.019982543477549075
0.300 0.640 0.019982543477549075
0.300 0.660 0.019982543477549075
0.300 0.680 0.0198856176978928
0.300 0.700 0.0198856176978928
0.300 0.720 0.0198856176978928
0.300 0.740 0.0198856176978928
0.300 0.760 0.0198856176978928
0.300 0.780 0.0198856176978928
0.300 0.800 0.0198856176978928
0.300 0.820 0.019849779782603733
0.300 0.840 0.019849779782603733
0.300 0.860 0.019849779782603733
0.300 0.880 0.019849779782603733
0.300 0.900 0.01984222548689431
0.300 0.920 0.01988237632911437
0.300 0.940 0.019874828771639635
0.300 0.960 0.01986728739243176
0.300 0.980 0.01985975218390776
0.300 1.000 0.01985222313849704
0.320 0.020 0.020105670335547672
0.320 0.040 0.020101893366517062
0.320 0.060 0.02014352532049293
0.320 0.080 0.02014352532049293
0.320 0.100 0.02014352532049293
0.320 0.120 0.02014352532049293
0.320 0.140 0.02014352532049293
0.320 0.160 0.02014352532049293
0.320 0.180 0.02014352532049293
0.320 0.200 0.020089761879632715
0.320 0.220 0.020089761879632715
0.320 0.240 0.02006416024112785
0.320 0.260 0.02006416024112785
0.320 0.280 0.0200153201922878
0.320 0.300 0.0200153201922878
0.320 0.320 0.0200153201922878
0.320 0.340 0.02002857427672879
0.320 0.360 0.02002857427672879
0.320 0.380 0.019982543477549075
0.320 0.400 0.019982543477549075
0.320 0.420 0.019982543477549075
0.320 0.440 0.019982543477549075
0.320 0.460 0.019982543477549075
0.320 0.480 0.019982543477549075
0.320 0.500 0.019982543477549075
0.320 0.520 0.019982543477549075
0.320 0.540 0.019982543477549075
0.320 0.560 0.019982543477549075
0.320 0.580 0.019982543477549075
0.320 0.600 0.019982543477549075
0.320 0.620 0.019982543477549075
0.320 0.640 0.019982543477549075
0.320 0.660 0.019982543477549075
0.320 0.680 0.0198856176978928
0.320 0.700 0.0198856176978928
0.320 0.720 0.0198856176978928
0.320 0.740 0.0198856176978928
0.320 0.760 0.0198856176978928
0.320 0.780 0.0198856176978928
0.320 0.800 0.0198856176978928
0.320 0.820 0.019849779782603733
0.320 0.840 0.019849779782603733
0.320 0.860 0.019849779782603733
0.320 0.880 0.019849779782603733
0.320 0.900 0.019849779782603733
0.320 0.920 0.01988237632911437
0.320 0.940 0.019874828771639635
0.320 0.960 0.01986728739243176
0.320 0.980 0.01985975218390776
0.320 1.000 0.019850600588159368
0.340 0.020 0.02014352532049293
0.340 0.040 0.02014352532049293
0.340 0.060 0.02014352532049293
0.340 0.080 0.02014352532049293
0.340 0.100 0.02014352532049293
0.340 0.120 0.02014352532049293
0.340 0.140 0.02014352532049293
0.340 0.160 0.02014352532049293
0.340 0.180 0.02014352532049293
0.340 0.200 0.020089761879632715
0.340 0.220 0.020089761879632715
0.340 0.240 0.02006416024112785
0.340 0.260 0.02006416024112785
0.340 0.280 0.0200153201922878
0.340 0.300 0.0200153201922878
0.340 0.320 0.0200153201922878
0.340 0.340 0.02002857427672879
0.340 0.360 0.02002857427672879
0.340 0.380 0.019982543477549075
0.340 0.400 0.019982543477549075
0.340 0.420 0.019982543477549075
0.340 0.440 0.019982543477549075
0.340 0.460 0.019982543477549075
0.340 0.480 0.019982543477549075
0.340 0.500 0.019982543477549075
0.340 0.520 0.019982543477549075
0.340 0.540 0.019982543477549075
0.340 0.560 0.019982543477549075
0.340 0.580 0.019982543477549075
0.340 0.600 0.019982543477549075
0.340 0.620 0.019982543477549075
0.340 0.640 0.019982543477549075
0.340 0.660 0.019982543477549075
0.340 0.680 0.0198856176978928
0.340 0.700 0.0198856176978928
0.340 0.720 0.0198856176978928
0.340 0.740 0.0198856176978928
0.340 0.760 0.0198856176978928
0.340 0.780 0.0198856176978928
0.340 0.800 0.0198856176978928
0.340 0.820 0.019849779782603733
0.340 0.840 0.019849779782603733
0.340 0.860 0.019849779782603733
0.340 0.880 0.019849779782603733
0.340 0.900 0.019849779782603733
0.340 0.920 0.019889930072451385
0.340 0.940 0.01988237632911437
0.340 0.960 0.019874828771639635
0.340 0.980 0.01986728739243176
0.340 1.000 0.01985975218390776
0.360 0.020 0.02014352532049293
0.360 0.040 0.02014352532049293
0.360 0.060 0.02014352532049293
0.360 0.080 0.02014352532049293
0.360 0.100 0.02014352532049293
0.360 0.120 0.02014352532049293
0.360 0.140 0.02014352532049293
0.360 0.160 0.02014352532049293
0.360 0.180 0.02014352532049293
0.360 0.200 0.020089761879632715
0.360 0.220 0.020089761879632715
0.360 0.240 0.02006416024112785
0.360 0.260 0.02006416024112785
0.360 0.280 0.0200153201922878
0.360 0.300 0.0200153201922878
0.360 0.320 0.0200153201922878
0.360 0.340 0.02002857427672879
0.360 0.360 0.02002857427672879
0.360 0.380 0.019982543477549075
0.360 0.400 0.019982543477549075
0.360 0.420 0.019982543477549075
0.360 0.440 0.019982543477549075
0.360 0.460 0.019982543477549075
0.360 0.480 0.019982543477549075
0.360 0.500 0.019982543477549075
0.360 0.520 0.019982543477549075
0.360 0.540 0.019982543477549075
0.360 0.560 0.019982543477549075
0.360 0.580 0.019982543477549075
0.360 0.600 0.019982543477549075
0.360 0.620 0.019982543477549075
0.360 0.640 0.019982543477549075
0.360 0.660 0.019982543477549075
0.360 0.680 0.0198856176978928
0.360 0.700 0.0198856176978928
0.360 0.720 0.0198856176978928
0.360 0.740 0.0198856176978928
0.360 0.760 0.0198856176978928
0.360 0.780 0.0198856176978928
0.360 0.800 0.0198856176978928
0.360 0.820 0.019849779782603733
0.360 0.840 0.019849779782603733
0.360 0.860 0.019849779782603733
0.360 0.880 0.019849779782603733
0.360 0.900 0.019849779782603733
0.360 0.920 0.019889930072451385
0.360 0.940 0.01988237632911437
0.360 0.960 0.019874828771639635
0.360 0.980 0.01986728739243176
0.360 1.000 0.01985975218390776
0.380 0.020 0.02014352532049293
0.380 0.040 0.02014352532049293
0.380 0.060 0.02014352532049293
0.380 0.080 0.02014352532049293
0.380 0.100 0.02014352532049293
0.380 0.120 0.02014352532049293
0.380 0.140 0.02014352532049293
0.380 0.160 0.02014352532049293
0.380 0.180 0.02014352532049293
0.380 0.200 0.020089761879632715
0.380 0.220 0.020089761879632715
0.380 0.240 0.02006416024112785
0.380 0.260 0.02006416024112785
0.380 0.280 0.0200153201922878
0.380 0.300 0.0200153201922878
0.380 0.320 0.0200153201922878
0.380 0.340 0.02002857427672879
0.380 0.360 0.02002857427672879
0.380 0.380 0.019982543477549075
0.380 0.400 0.019982543477549075
0.380 0.420 0.019982543477549075
0.380 0.440 0.019982543477549075
0.380 0.460 0.019982543477549075
0.380 0.480 0.019982543477549075
0.380 0.500 0.019982543477549075
0.380 0.520 0.019982543477549075
0.380 0.540 0.019982543477549075
0.380 0.560 0.019982543477549075
0.380 0.580 0.019982543477549075
0.380 0.600 0.019982543477549075
0.380 0.620 0.019982543477549075
0.380 0.640 0.019982543477549075
0.380 0.660 0.019982543477549075
0.380 0.680 0.0198856176978928
0.380 0.700 0.0198856176978928
0.380 0.720 0.0198856176978928
0.380 0.740 0.0198856176978928
0.380 0.760 0.0198856176978928
0.380 0.780 0.0198856176978928
0.380 0.800 0.0198856176978928
0.380 0.820 0.019849779782603733
0.380 0.840 0.019849779782603733
0.380 0.860 0.019849779782603733
0.380 0.880 0.019849779782603733
0.380 0.900 0.019849779782603733
0.380 0.920 0.019889930072451385
0.380 0.940 0.01988237632911437
0.380 0.960 0.01987584270851684
0.380 0.980 0.01986728739243176
0.380 1.000 0.01985975218390776
0.400 0.020 0.02014352532049293
0.400 0.040 0.02014352532049293
0.400 0.060 0.02014352532049293
0.400 0.080 0.02014352532049293
0.400 0.100 0.02014352532049293
0.400 0.120 0.02014352532049293
0.400 0.140 0.02014352532049293
0.400 0.160 0.02014352532049293
0.400 0.180 0.02014352532049293
0.400 0.200 0.020089761879632715
0.400 0.220 0.020089761879632715
0.400 0.240 0.02006416024112785
0.400 0.260 0.02006416024112785
0.400 0.280 0.0200153201922878
0.400 0.300 0.0200153201922878
0.400 0.320 0.0200153201922878
0.400 0.340 0.02002857427672879
0.400 0.360 0.02002857427672879
0.400 0.380 0.019982543477549075
0.400 0.400 0.019982543477549075
0.400 0.420 0.019982543477549075
0.400 0.440 0.019982543477549075
0.400 0.460 0.019982543477549075
0.400 0.480 0.019982543477549075
0.400 0.500 0.019982543477549075
0.400 0.520 0.019982543477549075
0.400 0.540 0.019982543477549075
0.400 0.560 0.019982543477549075
0.400 0.580 0.019982543477549075
0.400 0.600 0.019982543477549075
0.400 0.620 0.019982543477549075
0.400 0.640 0.019982543477549075
0.400 0.660 0.019982543477549075
0.400 0.680 0.0198856176978928
0.400 0.700 0.0198856176978928
0.400 0.720 0.0198856176978928
0.400 0.740 0.0198856176978928
0.400 0.760 0.0198856176978928
0.400 0.780 0.0198856176978928
0.400 0.800 0.0198856176978928
0.400 0.820 0.019849779782603733
0.400 0.840 0.019849779782603733
0.400 0.860 0.019849779782603733
0.400 0.880 0.019849779782603733
0.400 0.900 0.019849779782603733
0.400 0.920 0.01988237632911437
0.400 0.940 0.019876469004490308
0.400 0.960 0.01986728739243176
0.400 0.980 0.01985975218390776
0.400 1.000 0.01985222313849704
0.420 0.020 0.02004651182635939
0.420 0.040 0.02004651182635939
0.420 0.060 0.02004651182635939
0.420 0.080 0.02004651182635939
0.420 0.100 0.02004651182635939
0.420 0.120 0.02004651182635939
0.420 0.140 0.02004651182635939
0.420 0.160 0.02004651182635939
0.420 0.180 0.02004651182635939
0.420 0.200 0.01999767177751934
0.420 0.220 0.01999767177751934
0.420 0.240 0.019974361754209316
0.420 0.260 0.019974361754209316
0.420 0.280 0.019929798474351917
0.420 0.300 0.019929798474351917
0.420 0.320 0.019929798474351917
0.420 0.340 0.019943029707801305
0.420 0.360 0.019943029707801305
0.420 0.380 0.019898646007578995
0.420 0.400 0.01986700158994158
0.420 0.420 0.01986700158994158
0.420 0.440 0.01986700158994158
0.420 0.460 0.01986700158994158
0.420 0.480 0.01986700158994158
0.420 0.500 0.01986700158994158
0.420 0.520 0.01986700158994158
0.420 0.540 0.01986700158994158
0.420 0.560 0.01986700158994158
0.420 0.580 0.01986700158994158
0.420 0.600 0.01986700158994158
0.420 0.620 0.01986700158994158
0.420 0.640 0.01986700158994158
0.420 0.660 0.01986700158994158
0.420 0.680 0.0198856176978928
0.420 0.700 0.0198856176978928
0.420 0.720 0.0198856176978928
0.420 0.740 0.0198856176978928
0.420 0.760 0.0198856176978928
0.420 0.780 0.0198856176978928
0.420 0.800 0.0198856176978928
0.420 0.820 0.019849779782603733
0.420 0.840 0.019849779782603733
0.420 0.860 0.019849779782603733
0.420 0.880 0.019849779782603733
0.420 0.900 0.019849779782603733
0.420 0.920 0.019889930072451385
0.420 0.940 0.01988237632911437
0.420 0.960 0.019874828771639635
0.420 0.980 0.01986728739243176
0.420 1.000 0.01985975218390776
0.440 0.020 0.020255536038400284
0.440 0.040 0.020255536038400284
0.440 0.060 0.020255536038400284
0.440 0.080 0.020255536038400284
0.440 0.100 0.020255536038400284
0.440 0.120 0.020255536038400284
0.440 0.140 0.020255536038400284
0.440 0.160 0.020255536038400284
0.440 0.180 0.020255536038400284
0.440 0.200 0.02019806477403247
0.440 0.220 0.02019806477403247
0.440 0.240 0.02019806477403247
0.440 0.260 0.020170742369660884
0.440 0.280 0.020144301333172254
0.440 0.300 0.020144301333172254
0.440 0.320 0.020144301333172254
0.440 0.340 0.020144177814631972
0.440 0.360 0.020144177814631972
0.440 0.380 0.02016637288562021
0.440 0.400 0.020128514582703927
0.440 0.420 0.020128514582703927
0.440 0.440 0.020128514582703927
0.440 0.460 0.020128514582703927
0.440 0.480 0.020128514582703927
0.440 0.500 0.020128514582703927
0.440 0.520 0.020128514582703927
0.440 0.540 0.020128514582703927
0.440 0.560 0.020128514582703927
0.440 0.580 0.020128514582703927
0.440 0.600 0.020007819819585538
0.440 0.620 0.020007819819585538
0.440 0.640 0.020007819819585538
0.440 0.660 0.020007819819585538
0.440 0.680 0.0198856176978928
0.440 0.700 0.0198856176978928
0.440 0.720 0.0198856176978928
0.440 0.740 0.0198856176978928
0.440 0.760 0.0198856176978928
0.440 0.780 0.0198856176978928
0.440 0.800 0.0198856176978928
0.440 0.820 0.019849779782603733
0.440 0.840 0.019849779782603733
0.440 0.860 0.019849779782603733
0.440 0.880 0.019849779782603733
0.440 0.900 0.019849779782603733
0.440 0.920 0.01988237632911437
0.440 0.940 0.019874828771639635
0.440 0.960 0.01985975218390776
0.440 0.980 0.01985222313849704
0.440 1.000 0.019844700248641406
0.460 0.020 0.020096075762277538
0.460 0.040 0.020096075762277538
0.460 0.060 0.020096075762277538
0.460 0.080 0.020096075762277538
0.460 0.100 0.020096075762277538
0.460 0.120 0.020096075762277538
0.460 0.140 0.020096075762277538
0.460 0.160 0.020096075762277538
0.460 0.180 0.020096075762277538
0.460 0.200 0.020044033087284044
0.460 0.220 0.020044033087284044
0.460 0.240 0.020019231499982457
0.460 0.260 0.020019231499982457
0.460 0.280 0.019995193038443992
0.460 0.300 0.019995193038443992
0.460 0.320 0.019995193038443992
0.460 0.340 0.019995193038443992
0.460 0.360 0.019995193038443992
0.460 0.380 0.01998364526454725
0.460 0.400 0.019949316996930522
0.460 0.420 0.019949316996930522
0.460 0.440 0.019949316996930522
0.460 0.460 0.019949316996930522
0.460 0.480 0.019949316996930522
0.460 0.500 0.019949316996930522
0.460 0.520 0.019949316996930522
0.460 0.540 0.019949316996930522
0.460 0.560 0.019949316996930522
0.460 0.580 0.019949316996930522
0.460 0.600 0.0198856176978928
0.460 0.620 0.0198856176978928
0.460 0.640 0.0198856176978928
0.460 0.660 0.0198856176978928
0.460 0.680 0.0198856176978928
0.460 0.700 0.0198856176978928
0.460 0.720 0.0198856176978928
0.460 0.740 0.0198856176978928
0.460 0.760 0.0198856176978928
0.460 0.780 0.0198856176978928
0.460 0.800 0.0198856176978928
0.460 0.820 0.019849779782603733
0.460 0.840 0.019849779782603733
0.460 0.860 0.019849779782603733
0.460 0.880 0.019849779782603733
0.460 0.900 0.019849779782603733
0.460 0.920 0.019939180711141258
0.460 0.940 0.019939180711141258
0.460 0.960 0.019939180711141258
0.460 0.980 0.019939180711141258
0.460 1.000 0.019939180711141258
0.480 0.020 0.020096075762277538
0.480 0.040 0.020096075762277538
0.480 0.060 0.020096075762277538
0.480 0.080 0.020096075762277538
0.480 0.100 0.020096075762277538
0.480 0.120 0.020096075762277538
0.480 0.140 0.020096075762277538
0.480 0.160 0.020096075762277538
0.480 0.180 0.020096075762277538
0.480 0.200 0.020044033087284044
0.480 0.220 0.020044033087284044
0.480 0.240 0.020019231499982457
0.480 0.260 0.020019231499982457
0.480 0.280 0.019995193038443992
0.480 0.300 0.019995193038443992
0.480 0.320 0.019995193038443992
0.480 0.340 0.019995193038443992
0.480 0.360 0.019995193038443992
0.480 0.380 0.01998364526454725
0.480 0.400 0.019949316996930522
0.480 0.420 0.019949316996930522
0.480 0.440 0.019949316996930522
0.480 0.460 0.019949316996930522
0.480 0.480 0.019949316996930522
0.480 0.500 0.019949316996930522
0.480 0.520 0.019949316996930522
0.480 0.540 0.019949316996930522
0.480 0.560 0.019949316996930522
0.480 0.580 0.019949316996930522
0.480 0.600 0.0198856176978928
0.480 0.620 0.0198856176978928
0.480 0.640 0.0198856176978928
0.480 0.660 0.0198856176978928
0.480 0.680 0.0198856176978928
0.480 0.700 0.0198856176978928
0.480 0.720 0.0198856176978928
0.480 0.740 0.0198856176978928
0.480 0.760 0.0198856176978928
0.480 0.780 0.0198856176978928
0.480 0.800 0.0198856176978928
0.480 0.820 0.019849779782603733
0.480 0.840 0.019849779782603733
0.480 0.860 0.019849779782603733
0.480 0.880 0.019849779782603733
0.480 0.900 0.019849779782603733
0.480 0.920 0.019939180711141258
0.480 0.940 0.019939180711141258
0.480 0.960 0.019939180711141258
0.480 0.980 0.019939180711141258
0.480 1.000 0.019939180711141258
0.500 0.020 0.020096075762277538
0.500 0.040 0.020096075762277538
0.500 0.060 0.020096075762277538
0.500 0.080 0.020096075762277538
0.500 0.100 0.020096075762277538
0.500 0.120 0.020096075762277538
0.500 0.140 0.020096075762277538
0.500 0.160 0.020096075762277538
0.500 0.180 0.020096075762277538
0.500 0.200 0.020044033087284044
0.500 0.220 0.020044033087284044
0.500 0.240 0.020019231499982457
0.500 0.260 0.020019231499982457
0.500 0.280 0.019995193038443992
0.500 0.300 0.019995193038443992
0.500 0.320 0.019995193038443992
0.500 0.340 0.019995193038443992
0.500 0.360 0.019995193038443992
0.500 0.380 0.01998364526454725
0.500 0.400 0.019949316996930522
0.500 0.420 0.019949316996930522
0.500 0.440 0.019949316996930522
0.500 0.460 0.019949316996930522
0.500 0.480 0.019949316996930522
0.500 0.500 0.019949316996930522
0.500 0.520 0.019949316996930522
0.500 0.540 0.019949316996930522
0.500 0.560 0.019949316996930522
0.500 0.580 0.019949316996930522
0.500 0.600 0.0198856176978928
0.500 0.620 0.0198856176978928
0.500 0.640 0.0198856176978928
0.500 0.660 0.0198856176978928
0.500 0.680 0.0198856176978928
0.500 0.700 0.0198856176978928
0.500 0.720 0.0198856176978928
0.500 0.740 0.0198856176978928
0.500 0.760 0.0198856176978928
0.500 0.780 0.0198856176978928
0.500 0.800 0.0198856176978928
0.500 0.820 0.019849779782603733
0.500 0.840 0.019849779782603733
0.500 0.860 0.019849779782603733
0.500 0.880 0.019849779782603733
0.500 0.900 0.019849779782603733
0.500 0.920 0.019939180711141258
0.500 0.940 0.019939180711141258
0.500 0.960 0.019939180711141258
0.500 0.980 0.019939180711141258
0.500 1.000 0.019939180711141258
0.520 0.020 0.02034812879773617
0.520 0.040 0.02034812879773617
0.520 0.060 0.02034812879773617
0.520 0.080 0.02034812879773617
0.520 0.100 0.02034812879773617
0.520 0.120 0.02034812879773617
0.520 0.140 0.02034812879773617
0.520 0.160 0.02034812879773617
0.520 0.180 0.02034812879773617
0.520 0.200 0.020328179091266073
0.520 0.220 0.02025732976625917
0.520 0.240 0.02025732976625917
0.520 0.260 0.02022908117868855
0.520 0.280 0.02022908117868855
0.520 0.300 0.02022908117868855
0.520 0.320 0.02022908117868855
0.520 0.340 0.020201758774316965
0.520 0.360 0.020201758774316965
0.520 0.380 0.020081850569950682
0.520 0.400 0.02006104641245892
0.520 0.420 0.020004207902256432
0.520 0.440 0.020004207902256432
0.520 0.460 0.020004207902256432
0.520 0.480 0.020004207902256432
0.520 0.500 0.020004207902256432
0.520 0.520 0.020004207902256432
0.520 0.540 0.020004207902256432
0.520 0.560 0.020004207902256432
0.520 0.580 0.020004207902256432
0.520 0.600 0.02002823962059764
0.520 0.620 0.02002823962059764
0.520 0.640 0.02002823962059764
0.520 0.660 0.02002823962059764
0.520 0.680 0.02002823962059764
0.520 0.700 0.02002823962059764
0.520 0.720 0.02002823962059764
0.520 0.740 0.02002823962059764
0.520 0.760 0.02002823962059764
0.520 0.780 0.02002823962059764
0.520 0.800 0.02002823962059764
0.520 0.820 0.019989376188643923
0.520 0.840 0.019989376188643923
0.520 0.860 0.019989376188643923
0.520 0.880 0.019989376188643923
0.520 0.900 0.019989376188643923
0.520 0.920 0.019920245703968747
0.520 0.940 0.019920245703968747
0.520 0.960 0.019920245703968747
0.520 0.980 0.019920245703968747
0.520 1.000 0.019920245703968747
0.540 0.020 0.02034812879773617
0.540 0.040 0.02034812879773617
0.540 0.060 0.02034812879773617
0.540 0.080 0.02034812879773617
0.540 0.100 0.02034812879773617
0.540 0.120 0.02034812879773617
0.540 0.140 0.02034812879773617
0.540 0.160 0.02034812879773617
0.540 0.180 0.02034812879773617
0.540 0.200 0.020328179091266073
0.540 0.220 0.02025732976625917
0.540 0.240 0.02025732976625917
0.540 0.260 0.02022908117868855
0.540 0.280 0.02022908117868855
0.540 0.300 0.02022908117868855
0.540 0.320 0.02022908117868855
0.540 0.340 0.020201758774316965
0.540 0.360 0.020201758774316965
0.540 0.380 0.020081850569950682
0.540 0.400 0.02006104641245892
0.540 0.420 0.020004207902256432
0.540 0.440 0.020004207902256432
0.540 0.460 0.020004207902256432
0.540 0.480 0.020004207902256432
0.540 0.500 0.020004207902256432
0.540 0.520 0.020004207902256432
0.540 0.540 0.020004207902256432
0.540 0.560 0.020004207902256432
0.540 0.580 0.020004207902256432
0.540 0.600 0.02002823962059764
0.540 0.620 0.02002823962059764
0.540 0.640 0.02002823962059764
0.540 0.660 0.02002823962059764
0.540 0.680 0.02002823962059764
0.540 0.700 0.02002823962059764
0.540 0.720 0.02002823962059764
0.540 0.740 0.02002823962059764
0.540 0.760 0.02002823962059764
0.540 0.780 0.02002823962059764
0.540 0.800 0.02002823962059764
0.540 0.820 0.019989376188643923
0.540 0.840 0.019989376188643923
0.540 0.860 0.019989376188643923
0.540 0.880 0.019989376188643923
0.540 0.900 0.019989376188643923
0.540 0.920 0.019920245703968747
0.540 0.940 0.019920245703968747
0.540 0.960 0.019920245703968747
0.540 0.980 0.019920245703968747
0.540 1.000 0.019920245703968747
0.560 0.020 0.020296229791222944
0.560 0.040 0.020296229791222944
0.560 0.060 0.020296229791222944
0.560 0.080 0.020296229791222944
0.560 0.100 0.020296229791222944
0.560 0.120 0.020296229791222944
0.560 0.140 0.020296229791222944
0.560 0.160 0.020296229791222944
0.560 0.180 0.020296229791222944
0.560 0.200 0.02027636005551079
0.560 0.220 0.02020851049297733
0.560 0.240 0.02020851049297733
0.560 0.260 0.02020851049297733
0.560 0.280 0.020154747052117117
0.560 0.300 0.020154747052117117
0.560 0.320 0.020154747052117117
0.560 0.340 0.020154747052117117
0.560 0.360 0.020154747052117117
0.560 0.380 0.020060680166775337
0.560 0.400 0.02006104641245892
0.560 0.420 0.020004207902256432
0.560 0.440 0.020004207902256432
0.560 0.460 0.020004207902256432
0.560 0.480 0.020004207902256432
0.560 0.500 0.020004207902256432
0.560 0.520 0.020004207902256432
0.560 0.540 0.020004207902256432
0.560 0.560 0.020004207902256432
0.560 0.580 0.020004207902256432
0.560 0.600 0.02002823962059764
0.560 0.620 0.02002823962059764
0.560 0.640 0.02002823962059764
0.560 0.660 0.02002823962059764
0.560 0.680 0.02002823962059764
0.560 0.700 0.02002823962059764
0.560 0.720 0.02002823962059764
0.560 0.740 0.02002823962059764
0.560 0.760 0.02002823962059764
0.560 0.780 0.02002823962059764
0.560 0.800 0.02002823962059764
0.560 0.820 0.019989376188643923
0.560 0.840 0.019989376188643923
0.560 0.860 0.019989376188643923
0.560 0.880 0.019989376188643923
0.560 0.900 0.019989376188643923
0.560 0.920 0.019920245703968747
0.560 0.940 0.019920245703968747
0.560 0.960 0.019920245703968747
0.560 0.980 0.019920245703968747
0.560 1.000 0.019920245703968747
0.580 0.020 0.020296229791222944
0.580 0.040 0.020296229791222944
0.580 0.060 0.020296229791222944
0.580 0.080 0.020296229791222944
0.580 0.100 0.020296229791222944
0.580 0.120 0.020296229791222944
0.580 0.140 0.020296229791222944
0.580 0.160 0.020296229791222944
0.580 0.180 0.020296229791222944
0.580 0.200 0.02027636005551079
0.580 0.220 0.02020851049297733
0.580 0.240 0.02020851049297733
0.580 0.260 0.02020851049297733
0.580 0.280 0.020154747052117117
0.580 0.300 0.020154747052117117
0.580 0.320 0.020154747052117117
0.580 0.340 0.020154747052117117
0.580 0.360 0.020154747052117117
0.580 0.380 0.020060680166775337
0.580 0.400 0.02006104641245892
0.580 0.420 0.020004207902256432
0.580 0.440 0.020004207902256432
0.580 0.460 0.020004207902256432
0.580 0.480 0.020004207902256432
0.580 0.500 0.020004207902256432
0.580 0.520 0.020004207902256432
0.580 0.540 0.020004207902256432
0.580 0.560 0.020004207902256432
0.580 0.580 0.020004207902256432
0.580 0.600 0.02002823962059764
0.580 0.620 0.02002823962059764
0.580 0.640 0.02002823962059764
0.580 0.660 0.02002823962059764
0.580 0.680 0.02002823962059764
0.580 0.700 0.02002823962059764
0.580 0.720 0.02002823962059764
0.580 0.740 0.02002823962059764
0.580 0.760 0.02002823962059764
0.580 0.780 0.02002823962059764
0.580 0.800 0.02002823962059764
0.580 0.820 0.019989376188643923
0.580 0.840 0.019989376188643923
0.580 0.860 0.019989376188643923
0.580 0.880 0.019989376188643923
0.580 0.900 0.019989376188643923
0.580 0.920 0.019920245703968747
0.580 0.940 0.019920245703968747
0.580 0.960 0.019920245703968747
0.580 0.980 0.019920245703968747
0.580 1.000 0.019920245703968747
0.600 0.020 0.02027746077617258
0.600 0.040 0.02027746077617258
0.600 0.060 0.02027746077617258
0.600 0.080 0.02027746077617258
0.600 0.100 0.02027746077617258
0.600 0.120 0.02027746077617258
0.600 0.140 0.02027746077617258
0.600 0.160 0.02027746077617258
0.600 0.180 0.02027746077617258
0.600 0.200 0.0202505271805189
0.600 0.220 0.02018974147792697
0.600 0.240 0.02018974147792697
0.600 0.260 0.02018974147792697
0.600 0.280 0.020162419073555385
0.600 0.300 0.020162419073555385
0.600 0.320 0.020162419073555385
0.600 0.340 0.020135978037066755
0.600 0.360 0.020135978037066755
0.600 0.380 0.020060680166775337
0.600 0.400 0.02006104641245892
0.600 0.420 0.020004207902256432
0.600 0.440 0.020004207902256432
0.600 0.460 0.020004207902256432
0.600 0.480 0.020004207902256432
0.600 0.500 0.020004207902256432
0.600 0.520 0.020004207902256432
0.600 0.540 0.020004207902256432
0.600 0.560 0.020004207902256432
0.600 0.580 0.020004207902256432
0.600 0.600 0.02002823962059764
0.600 0.620 0.02002823962059764
0.600 0.640 0.02002823962059764
0.600 0.660 0.02002823962059764
0.600 0.680 0.02002823962059764
0.600 0.700 0.02002823962059764
0.600 0.720 0.02002823962059764
0.600 0.740 0.02002823962059764
0.600 0.760 0.02002823962059764
0.600 0.780 0.02002823962059764
0.600 0.800 0.02002823962059764
0.600 0.820 0.019989376188643923
0.600 0.840 0.019989376188643923
0.600 0.860 0.019989376188643923
0.600 0.880 0.019989376188643923
0.600 0.900 0.019989376188643923
0.600 0.920 0.019920245703968747
0.600 0.940 0.019920245703968747
0.600 0.960 0.019920245703968747
0.600 0.980 0.019920245703968747
0.600 1.000 0.019920245703968747
0.620 0.020 0.02027746077617258
0.620 0.040 0.02027746077617258
0.620 0.060 0.02027746077617258
0.620 0.080 0.02027746077617258
0.620 0.100 0.02027746077617258
0.620 0.120 0.02027746077617258
0.620 0.140 0.02027746077617258
0.620 0.160 0.02027746077617258
0.620 0.180 0.02027746077617258
0.620 0.200 0.0202505271805189
0.620 0.220 0.02018974147792697
0.620 0.240 0.02018974147792697
0.620 0.260 0.02018974147792697
0.620 0.280 0.020162419073555385
0.620 0.300 0.020162419073555385
0.620 0.320 0.020162419073555385
0.620 0.340 0.020135978037066755
0.620 0.360 0.020135978037066755
0.620 0.380 0.020060680166775337
0.620 0.400 0.02006104641245892
0.620 0.420 0.020004207902256432
0.620 0.440 0.020004207902256432
0.620 0.460 0.020004207902256432
0.620 0.480 0.020004207902256432
0.620 0.500 0.020004207902256432
0.620 0.520 0.020004207902256432
0.620 0.540 0.020004207902256432
0.620 0.560 0.020004207902256432
0.620 0.580 0.020004207902256432
0.620 0.600 0.02002823962059764
0.620 0.620 0.02002823962059764
0.620 0.640 0.02002823962059764
0.620 0.660 0.02002823962059764
0.620 0.680 0.02002823962059764
0.620 0.700 0.02002823962059764
0.620 0.720 0.02002823962059764
0.620 0.740 0.02002823962059764
0.620 0.760 0.02002823962059764
0.620 0.780 0.02002823962059764
0.620 0.800 0.02002823962059764
0.620 0.820 0.019989376188643923
0.620 0.840 0.019989376188643923
0.620 0.860 0.019989376188643923
0.620 0.880 0.019989376188643923
0.620 0.900 0.019989376188643923
0.620 0.920 0.019920245703968747
0.620 0.940 0.019920245703968747
0.620 0.960 0.019920245703968747
0.620 0.980 0.019920245703968747
0.620 1.000 0.019920245703968747
0.640 0.020 0.020188335539656047
0.640 0.040 0.020188335539656047
0.640 0.060 0.020188335539656047
0.640 0.080 0.020188335539656047
0.640 0.100 0.020188335539656047
0.640 0.120 0.020188335539656047
0.640 0.140 0.020188335539656047
0.640 0.160 0.020188335539656047
0.640 0.180 0.020188335539656047
0.640 0.200 0.020134572098795833
0.640 0.220 0.020134572098795833
0.640 0.240 0.020134572098795833
0.640 0.260 0.02010897046029097
0.640 0.280 0.02008416887298938
0.640 0.300 0.02008416887298938
0.640 0.320 0.02008416887298938
0.640 0.340 0.020060130411450917
0.640 0.360 0.020060130411450917
0.640 0.380 0.020060680166775337
0.640 0.400 0.02006104641245892
0.640 0.420 0.020004207902256432
0.640 0.440 0.020004207902256432
0.640 0.460 0.020004207902256432
0.640 0.480 0.020004207902256432
0.640 0.500 0.020004207902256432
0.640 0.520 0.020004207902256432
0.640 0.540 0.020004207902256432
0.640 0.560 0.020004207902256432
0.640 0.580 0.020004207902256432
0.640 0.600 0.019993015808080862
0.640 0.620 0.019993015808080862
0.640 0.640 0.019993015808080862
0.640 0.660 0.019993015808080862
0.640 0.680 0.019993015808080862
0.640 0.700 0.019993015808080862
0.640 0.720 0.019993015808080862
0.640 0.740 0.019993015808080862
0.640 0.760 0.019993015808080862
0.640 0.780 0.019993015808080862
0.640 0.800 0.019993015808080862
0.640 0.820 0.019973955216260733
0.640 0.840 0.019973955216260733
0.640 0.860 0.019973955216260733
0.640 0.880 0.019973955216260733
0.640 0.900 0.019920245703968747
0.640 0.920 0.019920245703968747
0.640 0.940 0.019920245703968747
0.640 0.960 0.019920245703968747
0.640 0.980 0.019920245703968747
0.640 1.000 0.019920245703968747
0.660 0.020 0.020131879219501426
0.660 0.040 0.020131879219501426
0.660 0.060 0.020131879219501426
0.660 0.080 0.020131879219501426
0.660 0.100 0.020131879219501426
0.660 0.120 0.020131879219501426
0.660 0.140 0.020131879219501426
0.660 0.160 0.020131879219501426
0.660 0.180 0.020131879219501426
0.660 0.200 0.020079836544507932
0.660 0.220 0.020079836544507932
0.660 0.240 0.020079836544507932
0.660 0.260 0.020055034957206345
0.660 0.280 0.02003099649566788
0.660 0.300 0.02003099649566788
0.660 0.320 0.02003099649566788
0.660 0.340 0.02003099649566788
0.660 0.360 0.02003099649566788
0.660 0.380 0.01999526634510906
0.660 0.400 0.01999526634510906
0.660 0.420 0.01999526634510906
0.660 0.440 0.01999526634510906
0.660 0.460 0.019952793967780512
0.660 0.480 0.019952793967780512
0.660 0.500 0.019952793967780512
0.660 0.520 0.019952793967780512
0.660 0.540 0.019952793967780512
0.660 0.560 0.019952793967780512
0.660 0.580 0.019952793967780512
0.660 0.600 0.01994220457316514
0.660 0.620 0.01994220457316514
0.660 0.640 0.01991036320778731
0.660 0.660 0.01991036320778731
0.660 0.680 0.01987260205897504
0.660 0.700 0.01987260205897504
0.660 0.720 0.01987260205897504
0.660 0.740 0.01987260205897504
0.660 0.760 0.01987260205897504
0.660 0.780 0.01987260205897504
0.660 0.800 0.01987260205897504
0.660 0.820 0.01985581905905908
0.660 0.840 0.01985581905905908
0.660 0.860 0.01985581905905908
0.660 0.880 0.01985581905905908
0.660 0.900 0.01980624730609597
0.660 0.920 0.01980624730609597
0.660 0.940 0.01980624730609597
0.660 0.960 0.01980624730609597
0.660 0.980 0.01980624730609597
0.660 1.000 0.01980624730609597
0.680 0.020 0.020131879219501426
0.680 0.040 0.020131879219501426
0.680 0.060 0.020131879219501426
0.680 0.080 0.020131879219501426
0.680 0.100 0.020131879219501426
0.680 0.120 0.020131879219501426
0.680 0.140 0.020131879219501426
0.680 0.160 0.020131879219501426
0.680 0.180 0.020131879219501426
0.680 0.200 0.020079836544507932
0.680 0.220 0.020079836544507932
0.680 0.240 0.020079836544507932
0.680 0.260 0.020055034957206345
0.680 0.280 0.02003099649566788
0.680 0.300 0.02003099649566788
0.680 0.320 0.02003099649566788
0.680 0.340 0.02003099649566788
0.680 0.360 0.02003099649566788
0.680 0.380 0.01999526634510906
0.680 0.400 0.01999526634510906
0.680 0.420 0.01999526634510906
0.680 0.440 0.01999526634510906
0.680 0.460 0.019952793967780512
0.680 0.480 0.019952793967780512
0.680 0.500 0.019952793967780512
0.680 0.520 0.019952793967780512
0.680 0.540 0.019952793967780512
0.680 0.560 0.019952793967780512
0.680 0.580 0.019952793967780512
0.680 0.600 0.01994220457316514
0.680 0.620 0.01994220457316514
0.680 0.640 0.01991036320778731
0.680 0.660 0.01991036320778731
0.680 0.680 0.01987260205897504
0.680 0.700 0.01987260205897504
0.680 0.720 0.01987260205897504
0.680 0.740 0.01987260205897504
0.680 0.760 0.01987260205897504
0.680 0.780 0.01987260205897504
0.680 0.800 0.01987260205897504
0.680 0.820 0.01985581905905908
0.680 0.840 0.01985581905905908
0.680 0.860 0.01985581905905908
0.680 0.880 0.01985581905905908
0.680 0.900 0.01980624730609597
0.680 0.920 0.01980624730609597
0.680 0.940 0.01980624730609597
0.680 0.960 0.01980624730609597
0.680 0.980 0.01980624730609597
0.680 1.000 0.01980624730609597
0.700 0.020 0.020131879219501426
0.700 0.040 0.020131879219501426
0.700 0.060 0.020131879219501426
0.700 0.080 0.020131879219501426
0.700 0.100 0.020131879219501426
0.700 0.120 0.020131879219501426
0.700 0.140 0.020131879219501426
0.700 0.160 0.020131879219501426
0.700 0.180 0.020131879219501426
0.700 0.200 0.020079836544507932
0.700 0.220 0.020079836544507932
0.700 0.240 0.020079836544507932
0.700 0.260 0.020055034957206345
0.700 0.280 0.02003099649566788
0.700 0.300 0.02003099649566788
0.700 0.320 0.02003099649566788
0.700 0.340 0.02003099649566788
0.700 0.360 0.02003099649566788
0.700 0.380 0.01999526634510906
0.700 0.400 0.01999526634510906
0.700 0.420 0.01999526634510906
0.700 0.440 0.01999526634510906
0.700 0.460 0.019952793967780512
0.700 0.480 0.019952793967780512
0.700 0.500 0.019952793967780512
0.700 0.520 0.019952793967780512
0.700 0.540 0.019952793967780512
0.700 0.560 0.019952793967780512
0.700 0.580 0.019952793967780512
0.700 0.600 0.01994220457316514
0.700 0.620 0.01994220457316514
0.700 0.640 0.01991036320778731
0.700 0.660 0.01991036320778731
0.700 0.680 0.01987260205897504
0.700 0.700 0.01987260205897504
0.700 0.720 0.01987260205897504
0.700 0.740 0.01987260205897504
0.700 0.760 0.01987260205897504
0.700 0.780 0.01987260205897504
0.700 0.800 0.01987260205897504
0.700 0.820 0.01985581905905908
0.700 0.840 0.01985581905905908
0.700 0.860 0.01985581905905908
0.700 0.880 0.01985581905905908
0.700 0.900 0.01980624730609597
0.700 0.920 0.01980624730609597
0.700 0.940 0.01980624730609597
0.700 0.960 0.01980624730609597
0.700 0.980 0.01980624730609597
0.700 1.000 0.01980624730609597
0.720 0.020 0.020131879219501426
0.720 0.040 0.020131879219501426
0.720 0.060 0.020131879219501426
0.720 0.080 0.020131879219501426
0.720 0.100 0.020131879219501426
0.720 0.120 0.020131879219501426
0.720 0.140 0.020131879219501426
0.720 0.160 0.020131879219501426
0.720 0.180 0.020131879219501426
0.720 0.200 0.020079836544507932
0.720 0.220 0.020079836544507932
0.720 0.240 0.020079836544507932
0.720 0.260 0.020055034957206345
0.720 0.280 0.02003099649566788
0.720 0.300 0.02003099649566788
0.720 0.320 0.02003099649566788
0.720 0.340 0.02003099649566788
0.720 0.360 0.02003099649566788
0.720 0.380 0.01995923083865099
0.720 0.400 0.01995923083865099
0.720 0.420 0.01995923083865099
0.720 0.440 0.01995923083865099
0.720 0.460 0.019940010798481168
0.720 0.480 0.019940010798481168
0.720 0.500 0.019940010798481168
0.720 0.520 0.019940010798481168
0.720 0.540 0.019940010798481168
0.720 0.560 0.019940010798481168
0.720 0.580 0.019940010798481168
0.720 0.600 0.01994220457316514
0.720 0.620 0.01994220457316514
0.720 0.640 0.01991036320778731
0.720 0.660 0.01991036320778731
0.720 0.680 0.01987260205897504
0.720 0.700 0.01987260205897504
0.720 0.720 0.01987260205897504
0.720 0.740 0.01987260205897504
0.720 0.760 0.01987260205897504
0.720 0.780 0.01987260205897504
0.720 0.800 0.01987260205897504
0.720 0.820 0.01985581905905908
0.720 0.840 0.01985581905905908
0.720 0.860 0.01985581905905908
0.720 0.880 0.01985581905905908
0.720 0.900 0.01980624730609597
0.720 0.920 0.01980624730609597
0.720 0.940 0.01980624730609597
0.720 0.960 0.01980624730609597
0.720 0.980 0.01980624730609597
0.720 1.000 0.01980624730609597
0.740 0.020 0.020131879219501426
0.740 0.040 0.020131879219501426
0.740 0.060 0.020131879219501426
0.740 0.080 0.020131879219501426
0.740 0.100 0.020131879219501426
0.740 0.120 0.020131879219501426
0.740 0.140 0.020131879219501426
0.740 0.160 0.020131879219501426
0.740 0.180 0.020131879219501426
0.740 0.200 0.020079836544507932
0.740 0.220 0.020079836544507932
0.740 0.240 0.020079836544507932
0.740 0.260 0.020055034957206345
0.740 0.280 0.02003099649566788
0.740 0.300 0.02003099649566788
0.740 0.320 0.02003099649566788
0.740 0.340 0.02003099649566788
0.740 0.360 0.02003099649566788
0.740 0.380 0.01995923083865099
0.740 0.400 0.01995923083865099
0.740 0.420 0.01995923083865099
0.740 0.440 0.01995923083865099
0.740 0.460 0.019940010798481168
0.740 0.480 0.019940010798481168
0.740 0.500 0.019940010798481168
0.740 0.520 0.019940010798481168
0.740 0.540 0.019940010798481168
0.740 0.560 0.019940010798481168
0.740 0.580 0.019940010798481168
0.740 0.600 0.01994220457316514
0.740 0.620 0.01994220457316514
0.740 0.640 0.01991036320778731
0.740 0.660 0.01991036320778731
0.740 0.680 0.01987260205897504
0.740 0.700 0.01987260205897504
0.740 0.720 0.01987260205897504
0.740 0.740 0.01987260205897504
0.740 0.760 0.01987260205897504
0.740 0.780 0.01987260205897504
0.740 0.800 0.01987260205897504
0.740 0.820 0.01985581905905908
0.740 0.840 0.01985581905905908
0.740 0.860 0.01985581905905908
0.740 0.880 0.01985581905905908
0.740 0.900 0.01980624730609597
0.740 0.920 0.01980624730609597
0.740 0.940 0.01980624730609597
0.740 0.960 0.01980624730609597
0.740 0.980 0.01980624730609597
0.740 1.000 0.01980624730609597
0.760 0.020 0.020131879219501426
0.760 0.040 0.020131879219501426
0.760 0.060 0.020131879219501426
0.760 0.080 0.020131879219501426
0.760 0.100 0.020131879219501426
0.760 0.120 0.020131879219501426
0.760 0.140 0.020131879219501426
0.760 0.160 0.020131879219501426
0.760 0.180 0.020131879219501426
0.760 0.200 0.020079836544507932
0.760 0.220 0.020079836544507932
0.760 0.240 0.020079836544507932
0.760 0.260 0.020055034957206345
0.760 0.280 0.02003099649566788
0.760 0.300 0.02003099649566788
0.760 0.320 0.02003099649566788
0.760 0.340 0.02003099649566788
0.760 0.360 0.02003099649566788
0.760 0.380 0.01995923083865099
0.760 0.400 0.01995923083865099
0.760 0.420 0.01995923083865099
0.760 0.440 0.01995923083865099
0.760 0.460 0.019940010798481168
0.760 0.480 0.019940010798481168
0.760 0.500 0.019940010798481168
0.760 0.520 0.019940010798481168
0.760 0.540 0.019940010798481168
0.760 0.560 0.019940010798481168
0.760 0.580 0.019940010798481168
0.760 0.600 0.01994220457316514
0.760 0.620 0.01994220457316514
0.760 0.640 0.01991036320778731
0.760 0.660 0.01991036320778731
0.760 0.680 0.01987260205897504
0.760 0.700 0.01987260205897504
0.760 0.720 0.01987260205897504
0.760 0.740 0.01987260205897504
0.760 0.760 0.01987260205897504
0.760 0.780 0.01987260205897504
0.760 0.800 0.01987260205897504
0.760 0.820 0.01985581905905908
0.760 0.840 0.01985581905905908
0.760 0.860 0.01985581905905908
0.760 0.880 0.01985581905905908
0.760 0.900 0.01980624730609597
0.760 0.920 0.01980624730609597
0.760 0.940 0.01980624730609597
0.760 0.960 0.01980624730609597
0.760 0.980 0.01980624730609597
0.760 1.000 0.01980624730609597
0.780 0.020 0.020131879219501426
0.780 0.040 0.020131879219501426
0.780 0.060 0.020131879219501426
0.780 0.080 0.020131879219501426
0.780 0.100 0.020131879219501426
0.780 0.120 0.020131879219501426
0.780 0.140 0.020131879219501426
0.780 0.160 0.020131879219501426
0.780 0.180 0.020131879219501426
0.780 0.200 0.020079836544507932
0.780 0.220 0.020079836544507932
0.780 0.240 0.020079836544507932
0.780 0.260 0.020055034957206345
0.780 0.280 0.02003099649566788
0.780 0.300 0.02003099649566788
0.780 0.320 0.02003099649566788
0.780 0.340 0.02003099649566788
0.780 0.360 0.02003099649566788
0.780 0.380 0.019940010798481168
0.780 0.400 0.019940010798481168
0.780 0.420 0.019940010798481168
0.780 0.440 0.019940010798481168
0.780 0.460 0.019940010798481168
0.780 0.480 0.019940010798481168
0.780 0.500 0.019940010798481168
0.780 0.520 0.019940010798481168
0.780 0.540 0.019940010798481168
0.780 0.560 0.019940010798481168
0.780 0.580 0.019940010798481168
0.780 0.600 0.01994220457316514
0.780 0.620 0.01994220457316514
0.780 0.640 0.01991036320778731
0.780 0.660 0.01991036320778731
0.780 0.680 0.01987260205897504
0.780 0.700 0.01987260205897504
0.780 0.720 0.01987260205897504
0.780 0.740 0.01987260205897504
0.780 0.760 0.01987260205897504
0.780 0.780 0.01987260205897504
0.780 0.800 0.01987260205897504
0.780 0.820 0.01985581905905908
0.780 0.840 0.01985581905905908
0.780 0.860 0.01985581905905908
0.780 0.880 0.01985581905905908
0.780 0.900 0.01980624730609597
0.780 0.920 0.01980624730609597
0.780 0.940 0.01980624730609597
0.780 0.960 0.01980624730609597
0.780 0.980 0.01980624730609597
0.780 1.000 0.01980624730609597
0.800 0.020 0.020131879219501426
0.800 0.040 0.020131879219501426
0.800 0.060 0.020131879219501426
0.800 0.080 0.020131879219501426
0.800 0.100 0.020131879219501426
0.800 0.120 0.020131879219501426
0.800 0.140 0.020131879219501426
0.800 0.160 0.020131879219501426
0.800 0.180 0.020131879219501426
0.800 0.200 0.020079836544507932
0.800 0.220 0.020079836544507932
0.800 0.240 0.020079836544507932
0.800 0.260 0.020055034957206345
0.800 0.280 0.02003099649566788
0.800 0.300 0.02003099649566788
0.800 0.320 0.02003099649566788
0.800 0.340 0.02003099649566788
0.800 0.360 0.02003099649566788
0.800 0.380 0.019940010798481168
0.800 0.400 0.019940010798481168
0.800 0.420 0.019940010798481168
0.800 0.440 0.019940010798481168
0.800 0.460 0.019940010798481168
0.800 0.480 0.019940010798481168
0.800 0.500 0.019940010798481168
0.800 0.520 0.019940010798481168
0.800 0.540 0.019940010798481168
0.800 0.560 0.019940010798481168
0.800 0.580 0.019940010798481168
0.800 0.600 0.01994220457316514
0.800 0.620 0.01994220457316514
0.800 0.640 0.01991036320778731
0.800 0.660 0.01991036320778731
0.800 0.680 0.01987260205897504
0.800 0.700 0.01987260205897504
0.800 0.720 0.01987260205897504
0.800 0.740 0.01987260205897504
0.800 0.760 0.01987260205897504
0.800 0.780 0.01987260205897504
0.800 0.800 0.01987260205897504
0.800 0.820 0.01985581905905908
0.800 0.840 0.01985581905905908
0.800 0.860 0.01985581905905908
0.800 0.880 0.01985581905905908
0.800 0.900 0.01980624730609597
0.800 0.920 0.01980624730609597
0.800 0.940 0.01980624730609597
0.800 0.960 0.01980624730609597
0.800 0.980 0.01980624730609597
0.800 1.000 0.01980624730609597
0.820 0.020 0.020131879219501426
0.820 0.040 0.020131879219501426
0.820 0.060 0.020131879219501426
0.820 0.080 0.020131879219501426
0.820 0.100 0.020131879219501426
0.820 0.120 0.020131879219501426
0.820 0.140 0.020131879219501426
0.820 0.160 0.020131879219501426
0.820 0.180 0.020131879219501426
0.820 0.200 0.020079836544507932
0.820 0.220 0.020079836544507932
0.820 0.240 0.020079836544507932
0.820 0.260 0.020055034957206345
0.820 0.280 0.02003099649566788
0.820 0.300 0.02003099649566788
0.820 0.320 0.02003099649566788
0.820 0.340 0.02003099649566788
0.820 0.360 0.02003099649566788
0.820 0.380 0.019940010798481168
0.820 0.400 0.019940010798481168
0.820 0.420 0.019940010798481168
0.820 0.440 0.019940010798481168
0.820 0.460 0.019940010798481168
0.820 0.480 0.019940010798481168
0.820 0.500 0.019940010798481168
0.820 0.520 0.019940010798481168
0.820 0.540 0.019940010798481168
0.820 0.560 0.019940010798481168
0.820 0.580 0.019940010798481168
0.820 0.600 0.01994220457316514
0.820 0.620 0.01994220457316514
0.820 0.640 0.01991036320778731
0.820 0.660 0.01991036320778731
0.820 0.680 0.01987260205897504
0.820 0.700 0.01987260205897504
0.820 0.720 0.01987260205897504
0.820 0.740 0.01987260205897504
0.820 0.760 0.01987260205897504
0.820 0.780 0.01987260205897504
0.820 0.800 0.01987260205897504
0.820 0.820 0.01985581905905908
0.820 0.840 0.01985581905905908
0.820 0.860 0.01985581905905908
0.820 0.880 0.01985581905905908
0.820 0.900 0.01980624730609597
0.820 0.920 0.01980624730609597
0.820 0.940 0.01980624730609597
0.820 0.960 0.01980624730609597
0.820 0.980 0.01980624730609597
0.820 1.000 0.01980624730609597
0.840 0.020 0.020131879219501426
0.840 0.040 0.020131879219501426
0.840 0.060 0.020131879219501426
0.840 0.080 0.020131879219501426
0.840 0.100 0.020131879219501426
0.840 0.120 0.020131879219501426
0.840 0.140 0.020131879219501426
0.840 0.160 0.020131879219501426
0.840 0.180 0.020131879219501426
0.840 0.200 0.020079836544507932
0.840 0.220 0.020079836544507932
0.840 0.240 0.020079836544507932
0.840 0.260 0.020055034957206345
0.840 0.280 0.02003099649566788
0.840 0.300 0.02003099649566788
0.840 0.320 0.02003099649566788
0.840 0.340 0.02003099649566788
0.840 0.360 0.02003099649566788
0.840 0.380 0.019940010798481168
0.840 0.400 0.019940010798481168
0.840 0.420 0.019940010798481168
0.840 0.440 0.019940010798481168
0.840 0.460 0.019940010798481168
0.840 0.480 0.019940010798481168
0.840 0.500 0.019940010798481168
0.840 0.520 0.019940010798481168
0.840 0.540 0.019940010798481168
0.840 0.560 0.019940010798481168
0.840 0.580 0.019940010798481168
0.840 0.600 0.01994220457316514
0.840 0.620 0.01994220457316514
0.840 0.640 0.01991036320778731
0.840 0.660 0.01991036320778731
0.840 0.680 0.01987260205897504
0.840 0.700 0.01987260205897504
0.840 0.720 0.01987260205897504
0.840 0.740 0.01987260205897504
0.840 0.760 0.01987260205897504
0.840 0.780 0.01987260205897504
0.840 0.800 0.01987260205897504
0.840 0.820 0.01985581905905908
0.840 0.840 0.01985581905905908
0.840 0.860 0.01985581905905908
0.840 0.880 0.01985581905905908
0.840 0.900 0.01980624730609597
0.840 0.920 0.01980624730609597
0.840 0.940 0.01980624730609597
0.840 0.960 0.01980624730609597
0.840 0.980 0.01980624730609597
0.840 1.000 0.01980624730609597
0.860 0.020 0.020131879219501426
0.860 0.040 0.020131879219501426
0.860 0.060 0.020131879219501426
0.860 0.080 0.020131879219501426
0.860 0.100 0.020131879219501426
0.860 0.120 0.020131879219501426
0.860 0.140 0.020131879219501426
0.860 0.160 0.020131879219501426
0.860 0.180 0.020131879219501426
0.860 0.200 0.020079836544507932
0.860 0.220 0.020079836544507932
0.860 0.240 0.020079836544507932
0.860 0.260 0.020055034957206345
0.860 0.280 0.02003099649566788
0.860 0.300 0.02003099649566788
0.860 0.320 0.02003099649566788
0.860 0.340 0.02003099649566788
0.860 0.360 0.02003099649566788
0.860 0.380 0.019940010798481168
0.860 0.400 0.019940010798481168
0.860 0.420 0.019940010798481168
0.860 0.440 0.019940010798481168
0.860 0.460 0.019940010798481168
0.860 0.480 0.019940010798481168
0.860 0.500 0.019940010798481168
0.860 0.520 0.019940010798481168
0.860 0.540 0.019940010798481168
0.860 0.560 0.019940010798481168
0.860 0.580 0.019940010798481168
0.860 0.600 0.01994220457316514
0.860 0.620 0.01994220457316514
0.860 0.640 0.01991036320778731
0.860 0.660 0.01991036320778731
0.860 0.680 0.01987260205897504
0.860 0.700 0.01987260205897504
0.860 0.720 0.01987260205897504
0.860 0.740 0.01987260205897504
0.860 0.760 0.01987260205897504
0.860 0.780 0.01987260205897504
0.860 0.800 0.01987260205897504
0.860 0.820 0.01985581905905908
0.860 0.840 0.01985581905905908
0.860 0.860 0.01985581905905908
0.860 0.880 0.01985581905905908
0.860 0.900 0.01980624730609597
0.860 0.920 0.01980624730609597
0.860 0.940 0.01980624730609597
0.860 0.960 0.01980624730609597
0.860 0.980 0.01980624730609597
0.860 1.000 0.01980624730609597
0.880 0.020 0.020131879219501426
0.880 0.040 0.020131879219501426
0.880 0.060 0.020131879219501426
0.880 0.080 0.020131879219501426
0.880 0.100 0.020131879219501426
0.880 0.120 0.020131879219501426
0.880 0.140 0.020131879219501426
0.880 0.160 0.020131879219501426
0.880 0.180 0.020131879219501426
0.880 0.200 0.020079836544507932
0.880 0.220 0.020079836544507932
0.880 0.240 0.020079836544507932
0.880 0.260 0.020055034957206345
0.880 0.280 0.02003099649566788
0.880 0.300 0.02003099649566788
0.880 0.320 0.02003099649566788
0.880 0.340 0.02003099649566788
0.880 0.360 0.02003099649566788
0.880 0.380 0.019940010798481168
0.880 0.400 0.019940010798481168
0.880 0.420 0.019940010798481168
0.880 0.440 0.019940010798481168
0.880 0.460 0.019940010798481168
0.880 0.480 0.019940010798481168
0.880 0.500 0.019940010798481168
0.880 0.520 0.019940010798481168
0.880 0.540 0.019940010798481168
0.880 0.560 0.019940010798481168
0.880 0.580 0.019940010798481168
0.880 0.600 0.01994220457316514
0.880 0.620 0.01994220457316514
0.880 0.640 0.01991036320778731
0.880 0.660 0.01991036320778731
0.880 0.680 0.01987260205897504
0.880 0.700 0.01987260205897504
0.880 0.720 0.01987260205897504
0.880 0.740 0.01987260205897504
0.880 0.760 0.01987260205897504
0.880 0.780 0.01987260205897504
0.880 0.800 0.01987260205897504
0.880 0.820 0.01985581905905908
0.880 0.840 0.01985581905905908
0.880 0.860 0.01985581905905908
0.880 0.880 0.01985581905905908
0.880 0.900 0.01980624730609597
0.880 0.920 0.01980624730609597
0.880 0.940 0.01980624730609597
0.880 0.960 0.01980624730609597
0.880 0.980 0.01980624730609597
0.880 1.000 0.01980624730609597
0.900 0.020 0.020131879219501426
0.900 0.040 0.020131879219501426
0.900 0.060 0.020131879219501426
0.900 0.080 0.020131879219501426
0.900 0.100 0.020131879219501426
0.900 0.120 0.020131879219501426
0.900 0.140 0.020131879219501426
0.900 0.160 0.020131879219501426
0.900 0.180 0.020131879219501426
0.900 0.200 0.020079836544507932
0.900 0.220 0.020079836544507932
0.900 0.240 0.020079836544507932
0.900 0.260 0.020055034957206345
0.900 0.280 0.02003099649566788
0.900 0.300 0.02003099649566788
0.900 0.320 0.02003099649566788
0.900 0.340 0.02003099649566788
0.900 0.360 0.02003099649566788
0.900 0.380 0.019940010798481168
0.900 0.400 0.019940010798481168
0.900 0.420 0.019940010798481168
0.900 0.440 0.019940010798481168
0.900 0.460 0.019940010798481168
0.900 0.480 0.019940010798481168
0.900 0.500 0.019940010798481168
0.900 0.520 0.019940010798481168
0.900 0.540 0.019940010798481168
0.900 0.560 0.019940010798481168
0.900 0.580 0.019940010798481168
0.900 0.600 0.01994220457316514
0.900 0.620 0.01994220457316514
0.900 0.640 0.01991036320778731
0.900 0.660 0.01991036320778731
0.900 0.680 0.01987260205897504
0.900 0.700 0.01987260205897504
0.900 0.720 0.01987260205897504
0.900 0.740 0.01987260205897504
0.900 0.760 0.01987260205897504
0.900 0.780 0.01987260205897504
0.900 0.800 0.01987260205897504
0.900 0.820 0.01985581905905908
0.900 0.840 0.01985581905905908
0.900 0.860 0.01985581905905908
0.900 0.880 0.01985581905905908
0.900 0.900 0.01980624730609597
0.900 0.920 0.01980624730609597
0.900 0.940 0.01980624730609597
0.900 0.960 0.01980624730609597
0.900 0.980 0.01980624730609597
0.900 1.000 0.01980624730609597
0.920 0.020 0.020131879219501426
0.920 0.040 0.020131879219501426
0.920 0.060 0.020131879219501426
0.920 0.080 0.020131879219501426
0.920 0.100 0.020131879219501426
0.920 0.120 0.020131879219501426
0.920 0.140 0.020131879219501426
0.920 0.160 0.020131879219501426
0.920 0.180 0.020131879219501426
0.920 0.200 0.020079836544507932
0.920 0.220 0.020079836544507932
0.920 0.240 0.020079836544507932
0.920 0.260 0.020055034957206345
0.920 0.280 0.02003099649566788
0.920 0.300 0.02003099649566788
0.920 0.320 0.02003099649566788
0.920 0.340 0.02003099649566788
0.920 0.360 0.02003099649566788
0.920 0.380 0.019940010798481168
0.920 0.400 0.019940010798481168
0.920 0.420 0.019940010798481168
0.920 0.440 0.019940010798481168
0.920 0.460 0.019940010798481168
0.920 0.480 0.019940010798481168
0.920 0.500 0.019940010798481168
0.920 0.520 0.019940010798481168
0.920 0.540 0.019940010798481168
0.920 0.560 0.019940010798481168
0.920 0.580 0.019940010798481168
0.920 0.600 0.01994220457316514
0.920 0.620 0.01994220457316514
0.920 0.640 0.01991036320778731
0.920 0.660 0.01991036320778731
0.920 0.680 0.01987260205897504
0.920 0.700 0.01987260205897504
0.920 0.720 0.01987260205897504
0.920 0.740 0.01987260205897504
0.920 0.760 0.01987260205897504
0.920 0.780 0.01987260205897504
0.920 0.800 0.01987260205897504
0.920 0.820 0.01985581905905908
0.920 0.840 0.01985581905905908
0.920 0.860 0.01985581905905908
0.920 0.880 0.01985581905905908
0.920 0.900 0.01980624730609597
0.920 0.920 0.01980624730609597
0.920 0.940 0.01980624730609597
0.920 0.960 0.01980624730609597
0.920 0.980 0.01980624730609597
0.920 1.000 0.01980624730609597
0.940 0.020 0.020131879219501426
0.940 0.040 0.020131879219501426
0.940 0.060 0.020131879219501426
0.940 0.080 0.020131879219501426
0.940 0.100 0.020131879219501426
0.940 0.120 0.020131879219501426
0.940 0.140 0.020131879219501426
0.940 0.160 0.020131879219501426
0.940 0.180 0.020131879219501426
0.940 0.200 0.020079836544507932
0.940 0.220 0.020079836544507932
0.940 0.240 0.020079836544507932
0.940 0.260 0.020055034957206345
0.940 0.280 0.02003099649566788
0.940 0.300 0.02003099649566788
0.940 0.320 0.02003099649566788
0.940 0.340 0.02003099649566788
0.940 0.360 0.02003099649566788
0.940 0.380 0.019940010798481168
0.940 0.400 0.019940010798481168
0.940 0.420 0.019940010798481168
0.940 0.440 0.019940010798481168
0.940 0.460 0.019940010798481168
0.940 0.480 0.019940010798481168
0.940 0.500 0.019940010798481168
0.940 0.520 0.019940010798481168
0.940 0.540 0.019940010798481168
0.940 0.560 0.019940010798481168
0.940 0.580 0.019940010798481168
0.940 0.600 0.01994220457316514
0.940 0.620 0.01994220457316514
0.940 0.640 0.01991036320778731
0.940 0.660 0.01991036320778731
0.940 0.680 0.01987260205897504
0.940 0.700 0.01987260205897504
0.940 0.720 0.01987260205897504
0.940 0.740 0.01987260205897504
0.940 0.760 0.01987260205897504
0.940 0.780 0.01987260205897504
0.940 0.800 0.01987260205897504
0.940 0.820 0.01985581905905908
0.940 0.840 0.01985581905905908
0.940 0.860 0.01985581905905908
0.940 0.880 0.01985581905905908
0.940 0.900 0.01980624730609597
0.940 0.920 0.01980624730609597
0.940 0.940 0.01980624730609597
0.940 0.960 0.01980624730609597
0.940 0.980 0.01980624730609597
0.940 1.000 0.01980624730609597
0.960 0.020 0.020131879219501426
0.960 0.040 0.020131879219501426
0.960 0.060 0.020131879219501426
0.960 0.080 0.020131879219501426
0.960 0.100 0.020131879219501426
0.960 0.120 0.020131879219501426
0.960 0.140 0.020131879219501426
0.960 0.160 0.020131879219501426
0.960 0.180 0.020131879219501426
0.960 0.200 0.020079836544507932
0.960 0.220 0.020079836544507932
0.960 0.240 0.020079836544507932
0.960 0.260 0.020055034957206345
0.960 0.280 0.02003099649566788
0.960 0.300 0.02003099649566788
0.960 0.320 0.02003099649566788
0.960 0.340 0.02003099649566788
0.960 0.360 0.02003099649566788
0.960 0.380 0.019940010798481168
0.960 0.400 0.019940010798481168
0.960 0.420 0.019940010798481168
0.960 0.440 0.019940010798481168
0.960 0.460 0.019940010798481168
0.960 0.480 0.019940010798481168
0.960 0.500 0.019940010798481168
0.960 0.520 0.019940010798481168
0.960 0.540 0.019940010798481168
0.960 0.560 0.019940010798481168
0.960 0.580 0.019940010798481168
0.960 0.600 0.01994220457316514
0.960 0.620 0.01994220457316514
0.960 0.640 0.01991036320778731
0.960 0.660 0.01991036320778731
0.960 0.680 0.01987260205897504
0.960 0.700 0.01987260205897504
0.960 0.720 0.01987260205897504
0.960 0.740 0.01987260205897504
0.960 0.760 0.01987260205897504
0.960 0.780 0.01987260205897504
0.960 0.800 0.01987260205897504
0.960 0.820 0.01985581905905908
0.960 0.840 0.01985581905905908
0.960 0.860 0.01985581905905908
0.960 0.880 0.01985581905905908
0.960 0.900 0.01980624730609597
0.960 0.920 0.01980624730609597
0.960 0.940 0.01980624730609597
0.960 0.960 0.01980624730609597
0.960 0.980 0.01980624730609597
0.960 1.000 0.01980624730609597
0.980 0.020 0.020131879219501426
0.980 0.040 0.020131879219501426
0.980 0.060 0.020131879219501426
0.980 0.080 0.020131879219501426
0.980 0.100 0.020131879219501426
0.980 0.120 0.020131879219501426
0.980 0.140 0.020131879219501426
0.980 0.160 0.020131879219501426
0.980 0.180 0.020131879219501426
0.980 0.200 0.020079836544507932
0.980 0.220 0.020079836544507932
0.980 0.240 0.020079836544507932
0.980 0.260 0.020055034957206345
0.980 0.280 0.02003099649566788
0.980 0.300 0.02003099649566788
0.980 0.320 0.02003099649566788
0.980 0.340 0.02003099649566788
0.980 0.360 0.02003099649566788
0.980 0.380 0.019940010798481168
0.980 0.400 0.019940010798481168
0.980 0.420 0.019940010798481168
0.980 0.440 0.019940010798481168
0.980 0.460 0.019940010798481168
0.980 0.480 0.019940010798481168
0.980 0.500 0.019940010798481168
0.980 0.520 0.019940010798481168
0.980 0.540 0.019940010798481168
0.980 0.560 0.019940010798481168
0.980 0.580 0.019940010798481168
0.980 0.600 0.01994220457316514
0.980 0.620 0.01994220457316514
0.980 0.640 0.01991036320778731
0.980 0.660 0.01991036320778731
0.980 0.680 0.01987260205897504
0.980 0.700 0.01987260205897504
0.980 0.720 0.01987260205897504
0.980 0.740 0.01987260205897504
0.980 0.760 0.01987260205897504
0.980 0.780 0.01987260205897504
0.980 0.800 0.01987260205897504
0.980 0.820 0.01985581905905908
0.980 0.840 0.01985581905905908
0.980 0.860 0.01985581905905908
0.980 0.880 0.01985581905905908
0.980 0.900 0.01980624730609597
0.980 0.920 0.01980624730609597
0.980 0.940 0.01980624730609597
0.980 0.960 0.01980624730609597
0.980 0.980 0.01980624730609597
0.980 1.000 0.01980624730609597
1.000 0.020 0.020131879219501426
1.000 0.040 0.020131879219501426
1.000 0.060 0.020131879219501426
1.000 0.080 0.020131879219501426
1.000 0.100 0.020131879219501426
1.000 0.120 0.020131879219501426
1.000 0.140 0.020131879219501426
1.000 0.160 0.020131879219501426
1.000 0.180 0.020131879219501426
1.000 0.200 0.020079836544507932
1.000 0.220 0.020079836544507932
1.000 0.240 0.020079836544507932
1.000 0.260 0.020055034957206345
1.000 0.280 0.02003099649566788
1.000 0.300 0.02003099649566788
1.000 0.320 0.02003099649566788
1.000 0.340 0.02003099649566788
1.000 0.360 0.02003099649566788
1.000 0.380 0.019940010798481168
1.000 0.400 0.019940010798481168
1.000 0.420 0.019940010798481168
1.000 0.440 0.019940010798481168
1.000 0.460 0.019940010798481168
1.000 0.480 0.019940010798481168
1.000 0.500 0.019940010798481168
1.000 0.520 0.019940010798481168
1.000 0.540 0.019940010798481168
1.000 0.560 0.019940010798481168
1.000 0.580 0.019940010798481168
1.000 0.600 0.01994220457316514
1.000 0.620 0.01994220457316514
1.000 0.640 0.01991036320778731
1.000 0.660 0.01991036320778731
1.000 0.680 0.01987260205897504
1.000 0.700 0.01987260205897504
1.000 0.720 0.01987260205897504
1.000 0.740 0.01987260205897504
1.000 0.760 0.01987260205897504
1.000 0.780 0.01987260205897504
1.000 0.800 0.01987260205897504
1.000 0.820 0.01985581905905908
1.000 0.840 0.01985581905905908
1.000 0.860 0.01985581905905908
1.000 0.880 0.01985581905905908
1.000 0.900 0.01980624730609597
1.000 0.920 0.01980624730609597
1.000 0.940 0.01980624730609597
1.000 0.960 0.01980624730609597
1.000 0.980 0.01980624730609597
1.000 1.000 0.01980624730609597
