0.020 0.020  48.58997638445851
0.020 0.040  48.58997638445851
0.020 0.060  48.58997638445851
0.020 0.080  48.58997638445851
0.020 0.100  48.58997638445851
0.020 0.120  48.58997638445851
0.020 0.140  48.58997638445851
0.020 0.160  48.58997638445851
0.020 0.180  48.58997638445851
0.020 0.200  49.13702243279038
0.020 0.220  49.80631616282546
0.020 0.240  49.80631616282546
0.020 0.260  49.75257112311775
0.020 0.280  50.16851834973813
0.020 0.300  50.16851834973813
0.020 0.320  50.16851834973813
0.020 0.340  50.12025731309945
0.020 0.360  50.12025731309945
0.020 0.380  50.09861149319813
0.020 0.400  49.012328172317936
0.020 0.420  49.012328172317936
0.020 0.440  49.012328172317936
0.020 0.460  49.012328172317936
0.020 0.480  49.012328172317936
0.020 0.500  49.012328172317936
0.020 0.520  49.012328172317936
0.020 0.540  49.012328172317936
0.020 0.560  49.012328172317936
0.020 0.580  49.012328172317936
0.020 0.600  49.012328172317936
0.020 0.620  49.012328172317936
0.020 0.640  49.012328172317936
0.020 0.660  49.012328172317936
0.020 0.680  49.18700366864602
0.020 0.700  49.18700366864602
0.020 0.720  49.18700366864602
0.020 0.740  49.18700366864602
0.020 0.760  49.18700366864602
0.020 0.780  49.18700366864602
0.020 0.800  49.18700366864602
0.020 0.820  49.14503129047513
0.020 0.840  49.14503129047513
0.020 0.860  49.14503129047513
0.020 0.880  49.14503129047513
0.020 0.900  49.14503129047513
0.020 0.920  49.2109928704671
0.020 0.940  49.2109928704671
0.020 0.960  49.2109928704671
0.020 0.980  49.2109928704671
0.020 1.000  49.37573592336705
0.040 0.020  48.445202462238356
0.040 0.040  48.445202462238356
0.040 0.060  48.445202462238356
0.040 0.080  48.445202462238356
0.040 0.100  48.445202462238356
0.040 0.120  48.445202462238356
0.040 0.140  48.445202462238356
0.040 0.160  48.445202462238356
0.040 0.180  48.445202462238356
0.040 0.200  49.40225779935684
0.040 0.220  50.214100669207546
0.040 0.240  50.142529226717976
0.040 0.260  50.12210252797084
0.040 0.280  48.68232279671937
0.040 0.300  48.68232279671937
0.040 0.320  48.68232279671937
0.040 0.340  48.68232279671937
0.040 0.360  48.68232279671937
0.040 0.380  48.76272813778579
0.040 0.400  48.76272813778579
0.040 0.420  48.76272813778579
0.040 0.440  48.76272813778579
0.040 0.460  48.76272813778579
0.040 0.480  48.76272813778579
0.040 0.500  48.76272813778579
0.040 0.520  48.76272813778579
0.040 0.540  48.76272813778579
0.040 0.560  48.76272813778579
0.040 0.580  48.76272813778579
0.040 0.600  48.76272813778579
0.040 0.620  48.76272813778579
0.040 0.640  48.76272813778579
0.040 0.660  48.76272813778579
0.040 0.680  49.18700366864602
0.040 0.700  49.18700366864602
0.040 0.720  49.18700366864602
0.040 0.740  49.18700366864602
0.040 0.760  49.18700366864602
0.040 0.780  49.18700366864602
0.040 0.800  49.18700366864602
0.040 0.820  49.14503129047513
0.040 0.840  49.14503129047513
0.040 0.860  49.14503129047513
0.040 0.880  49.14503129047513
0.040 0.900  49.14503129047513
0.040 0.920  49.2109928704671
0.040 0.940  49.2109928704671
0.040 0.960  49.2109928704671
0.040 0.980  49.2109928704671
0.040 1.000  49.37573592336705
0.060 0.020  48.17900152453538
0.060 0.040  48.17900152453538
0.060 0.060  48.17900152453538
0.060 0.080  48.17900152453538
0.060 0.100  48.17900152453538
0.060 0.120  48.17900152453538
0.060 0.140  48.17900152453538
0.060 0.160  48.17900152453538
0.060 0.180  48.17900152453538
0.060 0.200  49.223637205874915
0.060 0.220  48.70699507476631
0.060 0.240  48.62057392769638
0.060 0.260  48.53074931887101
0.060 0.280  48.82979504544034
0.060 0.300  48.82979504544034
0.060 0.320  48.82979504544034
0.060 0.340  48.82979504544034
0.060 0.360  48.82979504544034
0.060 0.380  48.821205262156575
0.060 0.400  48.821205262156575
0.060 0.420  48.821205262156575
0.060 0.440  48.821205262156575
0.060 0.460  48.821205262156575
0.060 0.480  48.821205262156575
0.060 0.500  48.821205262156575
0.060 0.520  48.821205262156575
0.060 0.540  48.821205262156575
0.060 0.560  48.821205262156575
0.060 0.580  48.821205262156575
0.060 0.600  48.76591499969074
0.060 0.620  48.76591499969074
0.060 0.640  48.76591499969074
0.060 0.660  48.76591499969074
0.060 0.680  49.169347472828406
0.060 0.700  49.169347472828406
0.060 0.720  49.169347472828406
0.060 0.740  49.169347472828406
0.060 0.760  49.169347472828406
0.060 0.780  49.169347472828406
0.060 0.800  49.169347472828406
0.060 0.820  49.14503129047513
0.060 0.840  49.14503129047513
0.060 0.860  49.14503129047513
0.060 0.880  49.14503129047513
0.060 0.900  49.14503129047513
0.060 0.920  49.2109928704671
0.060 0.940  49.2109928704671
0.060 0.960  49.2109928704671
0.060 0.980  49.2109928704671
0.060 1.000  49.37573592336705
0.080 0.020  48.66873039261125
0.080 0.040  48.66873039261125
0.080 0.060  48.66873039261125
0.080 0.080  48.66873039261125
0.080 0.100  48.66873039261125
0.080 0.120  48.66873039261125
0.080 0.140  48.66873039261125
0.080 0.160  48.66873039261125
0.080 0.180  48.66873039261125
0.080 0.200  49.223637205874915
0.080 0.220  48.70699507476631
0.080 0.240  48.62057392769638
0.080 0.260  48.50291368585451
0.080 0.280  48.82979504544034
0.080 0.300  48.82979504544034
0.080 0.320  48.82979504544034
0.080 0.340  48.82979504544034
0.080 0.360  48.82979504544034
0.080 0.380  48.821205262156575
0.080 0.400  48.821205262156575
0.080 0.420  48.821205262156575
0.080 0.440  48.821205262156575
0.080 0.460  48.821205262156575
0.080 0.480  48.821205262156575
0.080 0.500  48.821205262156575
0.080 0.520  48.821205262156575
0.080 0.540  48.821205262156575
0.080 0.560  48.821205262156575
0.080 0.580  48.821205262156575
0.080 0.600  48.76591499969074
0.080 0.620  48.76591499969074
0.080 0.640  48.76591499969074
0.080 0.660  48.76591499969074
0.080 0.680  49.14914118878831
0.080 0.700  49.14914118878831
0.080 0.720  49.14914118878831
0.080 0.740  49.14914118878831
0.080 0.760  49.14914118878831
0.080 0.780  49.14914118878831
0.080 0.800  49.14914118878831
0.080 0.820  49.382839454407794
0.080 0.840  49.382839454407794
0.080 0.860  49.382839454407794
0.080 0.880  49.382839454407794
0.080 0.900  49.382839454407794
0.080 0.920  49.37573592336705
0.080 0.940  49.37573592336705
0.080 0.960  49.37573592336705
0.080 0.980  49.37573592336705
0.080 1.000  49.37573592336705
0.100 0.020  48.66873039261125
0.100 0.040  48.66873039261125
0.100 0.060  48.66873039261125
0.100 0.080  48.66873039261125
0.100 0.100  48.66873039261125
0.100 0.120  48.66873039261125
0.100 0.140  48.66873039261125
0.100 0.160  48.66873039261125
0.100 0.180  48.66873039261125
0.100 0.200  49.223637205874915
0.100 0.220  48.70699507476631
0.100 0.240  48.62057392769638
0.100 0.260  48.50291368585451
0.100 0.280  48.82979504544034
0.100 0.300  48.82979504544034
0.100 0.320  48.82979504544034
0.100 0.340  48.82979504544034
0.100 0.360  48.82979504544034
0.100 0.380  48.76591499969074
0.100 0.400  48.76591499969074
0.100 0.420  48.76591499969074
0.100 0.440  48.76591499969074
0.100 0.460  48.76591499969074
0.100 0.480  48.76591499969074
0.100 0.500  48.76591499969074
0.100 0.520  48.76591499969074
0.100 0.540  48.76591499969074
0.100 0.560  48.76591499969074
0.100 0.580  48.76591499969074
0.100 0.600  48.76591499969074
0.100 0.620  48.76591499969074
0.100 0.640  48.76591499969074
0.100 0.660  48.76591499969074
0.100 0.680  49.207479679275494
0.100 0.700  49.207479679275494
0.100 0.720  49.207479679275494
0.100 0.740  49.207479679275494
0.100 0.760  49.207479679275494
0.100 0.780  49.207479679275494
0.100 0.800  49.207479679275494
0.100 0.820  49.283146225171144
0.100 0.840  49.283146225171144
0.100 0.860  49.283146225171144
0.100 0.880  49.283146225171144
0.100 0.900  49.283146225171144
0.100 0.920  49.1602970230806
0.100 0.940  49.1602970230806
0.100 0.960  49.1602970230806
0.100 0.980  49.1602970230806
0.100 1.000  49.1602970230806
0.120 0.020  48.66873039261125
0.120 0.040  48.66873039261125
0.120 0.060  48.66873039261125
0.120 0.080  48.66873039261125
0.120 0.100  48.66873039261125
0.120 0.120  48.66873039261125
0.120 0.140  48.66873039261125
0.120 0.160  48.66873039261125
0.120 0.180  48.66873039261125
0.120 0.200  49.42751305057702
0.120 0.220  48.70699507476631
0.120 0.240  48.62057392769638
0.120 0.260  48.50291368585451
0.120 0.280  48.82979504544034
0.120 0.300  48.82979504544034
0.120 0.320  48.82979504544034
0.120 0.340  48.82979504544034
0.120 0.360  48.82979504544034
0.120 0.380  48.76591499969074
0.120 0.400  48.76591499969074
0.120 0.420  48.76591499969074
0.120 0.440  48.76591499969074
0.120 0.460  48.76591499969074
0.120 0.480  48.76591499969074
0.120 0.500  48.76591499969074
0.120 0.520  48.76591499969074
0.120 0.540  48.76591499969074
0.120 0.560  48.76591499969074
0.120 0.580  48.76591499969074
0.120 0.600  48.76591499969074
0.120 0.620  48.76591499969074
0.120 0.640  48.76591499969074
0.120 0.660  48.76591499969074
0.120 0.680  49.207479679275494
0.120 0.700  49.207479679275494
0.120 0.720  49.207479679275494
0.120 0.740  49.207479679275494
0.120 0.760  49.207479679275494
0.120 0.780  49.207479679275494
0.120 0.800  49.207479679275494
0.120 0.820  49.283146225171144
0.120 0.840  49.283146225171144
0.120 0.860  49.283146225171144
0.120 0.880  49.283146225171144
0.120 0.900  49.283146225171144
0.120 0.920  49.1602970230806
0.120 0.940  49.1602970230806
0.120 0.960  49.1602970230806
0.120 0.980  49.1602970230806
0.120 1.000  49.1602970230806
0.140 0.020  48.66873039261125
0.140 0.040  48.66873039261125
0.140 0.060  48.66873039261125
0.140 0.080  48.66873039261125
0.140 0.100  48.66873039261125
0.140 0.120  48.66873039261125
0.140 0.140  48.66873039261125
0.140 0.160  48.66873039261125
0.140 0.180  48.66873039261125
0.140 0.200  49.42751305057702
0.140 0.220  48.89742556786544
0.140 0.240  48.62057392769638
0.140 0.260  48.50291368585451
0.140 0.280  48.82979504544034
0.140 0.300  48.82979504544034
0.140 0.320  48.82979504544034
0.140 0.340  48.82979504544034
0.140 0.360  48.82979504544034
0.140 0.380  48.76591499969074
0.140 0.400  48.76591499969074
0.140 0.420  48.76591499969074
0.140 0.440  48.76591499969074
0.140 0.460  48.76591499969074
0.140 0.480  48.76591499969074
0.140 0.500  48.76591499969074
0.140 0.520  48.76591499969074
0.140 0.540  48.76591499969074
0.140 0.560  48.76591499969074
0.140 0.580  48.76591499969074
0.140 0.600  48.76591499969074
0.140 0.620  48.76591499969074
0.140 0.640  48.76591499969074
0.140 0.660  48.76591499969074
0.140 0.680  49.207479679275494
0.140 0.700  49.207479679275494
0.140 0.720  49.207479679275494
0.140 0.740  49.207479679275494
0.140 0.760  49.207479679275494
0.140 0.780  49.207479679275494
0.140 0.800  49.207479679275494
0.140 0.820  49.283146225171144
0.140 0.840  49.283146225171144
0.140 0.860  49.283146225171144
0.140 0.880  49.283146225171144
0.140 0.900  49.283146225171144
0.140 0.920  49.1602970230806
0.140 0.940  49.1602970230806
0.140 0.960  49.1602970230806
0.140 0.980  49.1602970230806
0.140 1.000  49.1602970230806
0.160 0.020  48.66873039261125
0.160 0.040  48.66873039261125
0.160 0.060  48.66873039261125
0.160 0.080  48.66873039261125
0.160 0.100  48.66873039261125
0.160 0.120  48.66873039261125
0.160 0.140  48.66873039261125
0.160 0.160  48.66873039261125
0.160 0.180  48.66873039261125
0.160 0.200  49.42751305057702
0.160 0.220  48.89742556786544
0.160 0.240  48.62057392769638
0.160 0.260  48.50291368585451
0.160 0.280  48.82979504544034
0.160 0.300  48.82979504544034
0.160 0.320  48.82979504544034
0.160 0.340  48.82979504544034
0.160 0.360  48.82979504544034
0.160 0.380  48.76591499969074
0.160 0.400  48.76591499969074
0.160 0.420  48.76591499969074
0.160 0.440  48.76591499969074
0.160 0.460  48.76591499969074
0.160 0.480  48.76591499969074
0.160 0.500  48.76591499969074
0.160 0.520  48.76591499969074
0.160 0.540  48.76591499969074
0.160 0.560  48.76591499969074
0.160 0.580  48.76591499969074
0.160 0.600  48.76591499969074
0.160 0.620  48.76591499969074
0.160 0.640  48.76591499969074
0.160 0.660  48.76591499969074
0.160 0.680  49.165440635631604
0.160 0.700  49.165440635631604
0.160 0.720  49.165440635631604
0.160 0.740  49.165440635631604
0.160 0.760  49.165440635631604
0.160 0.780  49.165440635631604
0.160 0.800  49.165440635631604
0.160 0.820  49.283146225171144
0.160 0.840  49.283146225171144
0.160 0.860  49.283146225171144
0.160 0.880  49.283146225171144
0.160 0.900  49.283146225171144
0.160 0.920  49.1602970230806
0.160 0.940  49.1602970230806
0.160 0.960  49.1602970230806
0.160 0.980  49.1602970230806
0.160 1.000  49.1602970230806
0.180 0.020  48.66873039261125
0.180 0.040  48.66873039261125
0.180 0.060  48.66873039261125
0.180 0.080  48.66873039261125
0.180 0.100  48.66873039261125
0.180 0.120  48.66873039261125
0.180 0.140  48.66873039261125
0.180 0.160  48.66873039261125
0.180 0.180  48.66873039261125
0.180 0.200  49.42751305057702
0.180 0.220  48.89742556786544
0.180 0.240  48.62057392769638
0.180 0.260  48.50291368585451
0.180 0.280  48.82979504544034
0.180 0.300  48.82979504544034
0.180 0.320  48.82979504544034
0.180 0.340  48.82979504544034
0.180 0.360  48.82979504544034
0.180 0.380  48.76591499969074
0.180 0.400  48.76591499969074
0.180 0.420  48.76591499969074
0.180 0.440  48.76591499969074
0.180 0.460  48.76591499969074
0.180 0.480  48.76591499969074
0.180 0.500  48.76591499969074
0.180 0.520  48.76591499969074
0.180 0.540  48.76591499969074
0.180 0.560  48.76591499969074
0.180 0.580  48.76591499969074
0.180 0.600  48.76591499969074
0.180 0.620  48.76591499969074
0.180 0.640  48.76591499969074
0.180 0.660  48.76591499969074
0.180 0.680  49.165440635631604
0.180 0.700  49.165440635631604
0.180 0.720  49.165440635631604
0.180 0.740  49.165440635631604
0.180 0.760  49.165440635631604
0.180 0.780  49.165440635631604
0.180 0.800  49.165440635631604
0.180 0.820  49.283146225171144
0.180 0.840  49.283146225171144
0.180 0.860  49.283146225171144
0.180 0.880  49.283146225171144
0.180 0.900  49.283146225171144
0.180 0.920  49.1602970230806
0.180 0.940  49.1602970230806
0.180 0.960  49.1602970230806
0.180 0.980  49.1602970230806
0.180 1.000  49.1602970230806
0.200 0.020  48.443906492826386
0.200 0.040  48.443906492826386
0.200 0.060  48.443906492826386
0.200 0.080  48.443906492826386
0.200 0.100  48.443906492826386
0.200 0.120  48.443906492826386
0.200 0.140  48.443906492826386
0.200 0.160  48.443906492826386
0.200 0.180  48.443906492826386
0.200 0.200  49.31628750211942
0.200 0.220  48.81525496786894
0.200 0.240  48.752051596659456
0.200 0.260  48.68653216753978
0.200 0.280  48.67672784486371
0.200 0.300  48.67672784486371
0.200 0.320  48.67672784486371
0.200 0.340  48.67672784486371
0.200 0.360  48.67672784486371
0.200 0.380  48.6828873210223
0.200 0.400  48.6828873210223
0.200 0.420  48.6828873210223
0.200 0.440  48.6828873210223
0.200 0.460  48.6828873210223
0.200 0.480  48.6828873210223
0.200 0.500  48.6828873210223
0.200 0.520  48.6828873210223
0.200 0.540  48.6828873210223
0.200 0.560  48.6828873210223
0.200 0.580  48.6828873210223
0.200 0.600  48.6828873210223
0.200 0.620  48.6828873210223
0.200 0.640  48.6828873210223
0.200 0.660  48.6828873210223
0.200 0.680  49.274066983798406
0.200 0.700  49.274066983798406
0.200 0.720  49.274066983798406
0.200 0.740  49.274066983798406
0.200 0.760  49.274066983798406
0.200 0.780  49.274066983798406
0.200 0.800  49.274066983798406
0.200 0.820  49.39920484196051
0.200 0.840  49.39920484196051
0.200 0.860  49.39920484196051
0.200 0.880  49.39920484196051
0.200 0.900  49.39920484196051
0.200 0.920  49.29071690552646
0.200 0.940  49.29071690552646
0.200 0.960  49.29071690552646
0.200 0.980  49.29071690552646
0.200 1.000  49.29071690552646
0.220 0.020  48.443906492826386
0.220 0.040  48.443906492826386
0.220 0.060  48.443906492826386
0.220 0.080  48.443906492826386
0.220 0.100  48.443906492826386
0.220 0.120  48.443906492826386
0.220 0.140  48.443906492826386
0.220 0.160  48.443906492826386
0.220 0.180  48.443906492826386
0.220 0.200  49.31628750211942
0.220 0.220  48.81525496786894
0.220 0.240  48.752051596659456
0.220 0.260  48.68653216753978
0.220 0.280  48.67672784486371
0.220 0.300  48.67672784486371
0.220 0.320  48.67672784486371
0.220 0.340  48.67672784486371
0.220 0.360  48.67672784486371
0.220 0.380  48.6828873210223
0.220 0.400  48.6828873210223
0.220 0.420  48.6828873210223
0.220 0.440  48.6828873210223
0.220 0.460  48.6828873210223
0.220 0.480  48.6828873210223
0.220 0.500  48.6828873210223
0.220 0.520  48.6828873210223
0.220 0.540  48.6828873210223
0.220 0.560  48.6828873210223
0.220 0.580  48.6828873210223
0.220 0.600  48.6828873210223
0.220 0.620  48.6828873210223
0.220 0.640  48.6828873210223
0.220 0.660  48.6828873210223
0.220 0.680  49.274066983798406
0.220 0.700  49.274066983798406
0.220 0.720  49.274066983798406
0.220 0.740  49.274066983798406
0.220 0.760  49.274066983798406
0.220 0.780  49.274066983798406
0.220 0.800  49.274066983798406
0.220 0.820  49.39920484196051
0.220 0.840  49.39920484196051
0.220 0.860  49.39920484196051
0.220 0.880  49.39920484196051
0.220 0.900  49.39920484196051
0.220 0.920  49.29071690552646
0.220 0.940  49.29071690552646
0.220 0.960  49.29071690552646
0.220 0.980  49.29071690552646
0.220 1.000  49.29071690552646
0.240 0.020  48.443906492826386
0.240 0.040  48.443906492826386
0.240 0.060  48.443906492826386
0.240 0.080  48.443906492826386
0.240 0.100  48.443906492826386
0.240 0.120  48.443906492826386
0.240 0.140  48.443906492826386
0.240 0.160  48.443906492826386
0.240 0.180  48.443906492826386
0.240 0.200  49.31628750211942
0.240 0.220  48.81525496786894
0.240 0.240  48.752051596659456
0.240 0.260  48.68653216753978
0.240 0.280  48.67672784486371
0.240 0.300  48.67672784486371
0.240 0.320  48.67672784486371
0.240 0.340  48.67672784486371
0.240 0.360  48.67672784486371
0.240 0.380  48.6828873210223
0.240 0.400  48.6828873210223
0.240 0.420  48.6828873210223
0.240 0.440  48.6828873210223
0.240 0.460  48.6828873210223
0.240 0.480  48.6828873210223
0.240 0.500  48.6828873210223
0.240 0.520  48.6828873210223
0.240 0.540  48.6828873210223
0.240 0.560  48.6828873210223
0.240 0.580  48.6828873210223
0.240 0.600  48.6828873210223
0.240 0.620  48.6828873210223
0.240 0.640  48.6828873210223
0.240 0.660  48.6828873210223
0.240 0.680  49.274066983798406
0.240 0.700  49.274066983798406
0.240 0.720  49.274066983798406
0.240 0.740  49.274066983798406
0.240 0.760  49.274066983798406
0.240 0.780  49.274066983798406
0.240 0.800  49.274066983798406
0.240 0.820  49.39920484196051
0.240 0.840  49.39920484196051
0.240 0.860  49.39920484196051
0.240 0.880  49.39920484196051
0.240 0.900  49.39920484196051
0.240 0.920  49.29071690552646
0.240 0.940  49.29071690552646
0.240 0.960  49.29071690552646
0.240 0.980  49.29071690552646
0.240 1.000  49.29071690552646
0.260 0.020  48.443906492826386
0.260 0.040  48.443906492826386
0.260 0.060  48.443906492826386
0.260 0.080  48.443906492826386
0.260 0.100  48.443906492826386
0.260 0.120  48.443906492826386
0.260 0.140  48.443906492826386
0.260 0.160  48.443906492826386
0.260 0.180  48.443906492826386
0.260 0.200  49.31628750211942
0.260 0.220  48.81525496786894
0.260 0.240  48.752051596659456
0.260 0.260  48.68653216753978
0.260 0.280  48.67672784486371
0.260 0.300  48.67672784486371
0.260 0.320  48.67672784486371
0.260 0.340  48.67672784486371
0.260 0.360  48.67672784486371
0.260 0.380  48.6828873210223
0.260 0.400  48.6828873210223
0.260 0.420  48.6828873210223
0.260 0.440  48.6828873210223
0.260 0.460  48.6828873210223
0.260 0.480  48.6828873210223
0.260 0.500  48.6828873210223
0.260 0.520  48.6828873210223
0.260 0.540  48.6828873210223
0.260 0.560  48.6828873210223
0.260 0.580  48.6828873210223
0.260 0.600  48.6828873210223
0.260 0.620  48.6828873210223
0.260 0.640  48.6828873210223
0.260 0.660  48.6828873210223
0.260 0.680  49.274066983798406
0.260 0.700  49.274066983798406
0.260 0.720  49.274066983798406
0.260 0.740  49.274066983798406
0.260 0.760  49.274066983798406
0.260 0.780  49.274066983798406
0.260 0.800  49.274066983798406
0.260 0.820  49.254974804615955
0.260 0.840  49.254974804615955
0.260 0.860  49.254974804615955
0.260 0.880  49.254974804615955
0.260 0.900  49.254974804615955
0.260 0.920  49.29071690552646
0.260 0.940  49.29071690552646
0.260 0.960  49.29071690552646
0.260 0.980  49.29071690552646
0.260 1.000  49.29071690552646
0.280 0.020  48.443906492826386
0.280 0.040  48.443906492826386
0.280 0.060  48.443906492826386
0.280 0.080  48.443906492826386
0.280 0.100  48.443906492826386
0.280 0.120  48.443906492826386
0.280 0.140  48.443906492826386
0.280 0.160  48.443906492826386
0.280 0.180  48.443906492826386
0.280 0.200  49.31628750211942
0.280 0.220  48.81525496786894
0.280 0.240  48.752051596659456
0.280 0.260  48.68653216753978
0.280 0.280  48.67672784486371
0.280 0.300  48.67672784486371
0.280 0.320  48.67672784486371
0.280 0.340  48.67672784486371
0.280 0.360  48.67672784486371
0.280 0.380  48.6828873210223
0.280 0.400  48.6828873210223
0.280 0.420  48.6828873210223
0.280 0.440  48.6828873210223
0.280 0.460  48.6828873210223
0.280 0.480  48.6828873210223
0.280 0.500  48.6828873210223
0.280 0.520  48.6828873210223
0.280 0.540  48.6828873210223
0.280 0.560  48.6828873210223
0.280 0.580  48.6828873210223
0.280 0.600  48.6828873210223
0.280 0.620  48.6828873210223
0.280 0.640  48.6828873210223
0.280 0.660  48.6828873210223
0.280 0.680  49.274066983798406
0.280 0.700  49.274066983798406
0.280 0.720  49.274066983798406
0.280 0.740  49.274066983798406
0.280 0.760  49.274066983798406
0.280 0.780  49.274066983798406
0.280 0.800  49.274066983798406
0.280 0.820  49.254974804615955
0.280 0.840  49.254974804615955
0.280 0.860  49.254974804615955
0.280 0.880  49.254974804615955
0.280 0.900  49.254974804615955
0.280 0.920  49.29071690552646
0.280 0.940  49.29071690552646
0.280 0.960  49.29071690552646
0.280 0.980  49.29071690552646
0.280 1.000  49.29071690552646
0.300 0.020  48.443906492826386
0.300 0.040  48.443906492826386
0.300 0.060  48.443906492826386
0.300 0.080  48.443906492826386
0.300 0.100  48.443906492826386
0.300 0.120  48.443906492826386
0.300 0.140  48.443906492826386
0.300 0.160  48.443906492826386
0.300 0.180  48.443906492826386
0.300 0.200  49.31628750211942
0.300 0.220  48.81525496786894
0.300 0.240  48.752051596659456
0.300 0.260  48.68653216753978
0.300 0.280  48.67672784486371
0.300 0.300  48.67672784486371
0.300 0.320  48.67672784486371
0.300 0.340  48.67672784486371
0.300 0.360  48.67672784486371
0.300 0.380  48.6828873210223
0.300 0.400  48.6828873210223
0.300 0.420  48.6828873210223
0.300 0.440  48.6828873210223
0.300 0.460  48.6828873210223
0.300 0.480  48.6828873210223
0.300 0.500  48.6828873210223
0.300 0.520  48.6828873210223
0.300 0.540  48.6828873210223
0.300 0.560  48.6828873210223
0.300 0.580  48.6828873210223
0.300 0.600  48.6828873210223
0.300 0.620  48.6828873210223
0.300 0.640  48.6828873210223
0.300 0.660  48.6828873210223
0.300 0.680  49.274066983798406
0.300 0.700  49.274066983798406
0.300 0.720  49.274066983798406
0.300 0.740  49.274066983798406
0.300 0.760  49.274066983798406
0.300 0.780  49.274066983798406
0.300 0.800  49.274066983798406
0.300 0.820  49.254974804615955
0.300 0.840  49.254974804615955
0.300 0.860  49.254974804615955
0.300 0.880  49.254974804615955
0.300 0.900  49.254974804615955
0.300 0.920  49.29071690552646
0.300 0.940  49.29071690552646
0.300 0.960  49.29071690552646
0.300 0.980  49.29071690552646
0.300 1.000  49.29071690552646
0.320 0.020  48.443906492826386
0.320 0.040  48.443906492826386
0.320 0.060  48.443906492826386
0.320 0.080  48.443906492826386
0.320 0.100  48.443906492826386
0.320 0.120  48.443906492826386
0.320 0.140  48.443906492826386
0.320 0.160  48.443906492826386
0.320 0.180  48.443906492826386
0.320 0.200  49.31628750211942
0.320 0.220  48.81525496786894
0.320 0.240  48.752051596659456
0.320 0.260  48.68653216753978
0.320 0.280  48.67672784486371
0.320 0.300  48.67672784486371
0.320 0.320  48.67672784486371
0.320 0.340  48.67672784486371
0.320 0.360  48.67672784486371
0.320 0.380  48.6828873210223
0.320 0.400  48.6828873210223
0.320 0.420  48.6828873210223
0.320 0.440  48.6828873210223
0.320 0.460  48.6828873210223
0.320 0.480  48.6828873210223
0.320 0.500  48.6828873210223
0.320 0.520  48.6828873210223
0.320 0.540  48.6828873210223
0.320 0.560  48.6828873210223
0.320 0.580  48.6828873210223
0.320 0.600  48.6828873210223
0.320 0.620  48.6828873210223
0.320 0.640  48.6828873210223
0.320 0.660  48.6828873210223
0.320 0.680  49.274066983798406
0.320 0.700  49.274066983798406
0.320 0.720  49.274066983798406
0.320 0.740  49.274066983798406
0.320 0.760  49.274066983798406
0.320 0.780  49.274066983798406
0.320 0.800  49.274066983798406
0.320 0.820  49.254974804615955
0.320 0.840  49.254974804615955
0.320 0.860  49.254974804615955
0.320 0.880  49.254974804615955
0.320 0.900  49.254974804615955
0.320 0.920  49.29071690552646
0.320 0.940  49.29071690552646
0.320 0.960  49.29071690552646
0.320 0.980  49.29071690552646
0.320 1.000  49.29071690552646
0.340 0.020  48.443906492826386
0.340 0.040  48.443906492826386
0.340 0.060  48.443906492826386
0.340 0.080  48.443906492826386
0.340 0.100  48.443906492826386
0.340 0.120  48.443906492826386
0.340 0.140  48.443906492826386
0.340 0.160  48.443906492826386
0.340 0.180  48.443906492826386
0.340 0.200  49.31628750211942
0.340 0.220  48.81525496786894
0.340 0.240  48.752051596659456
0.340 0.260  48.68653216753978
0.340 0.280  48.67672784486371
0.340 0.300  48.67672784486371
0.340 0.320  48.67672784486371
0.340 0.340  48.67672784486371
0.340 0.360  48.67672784486371
0.340 0.380  48.6828873210223
0.340 0.400  48.6828873210223
0.340 0.420  48.6828873210223
0.340 0.440  48.6828873210223
0.340 0.460  48.6828873210223
0.340 0.480  48.6828873210223
0.340 0.500  48.6828873210223
0.340 0.520  48.6828873210223
0.340 0.540  48.6828873210223
0.340 0.560  48.6828873210223
0.340 0.580  48.6828873210223
0.340 0.600  48.6828873210223
0.340 0.620  48.6828873210223
0.340 0.640  48.6828873210223
0.340 0.660  48.6828873210223
0.340 0.680  49.274066983798406
0.340 0.700  49.274066983798406
0.340 0.720  49.274066983798406
0.340 0.740  49.274066983798406
0.340 0.760  49.274066983798406
0.340 0.780  49.274066983798406
0.340 0.800  49.274066983798406
0.340 0.820  49.254974804615955
0.340 0.840  49.254974804615955
0.340 0.860  49.254974804615955
0.340 0.880  49.254974804615955
0.340 0.900  49.254974804615955
0.340 0.920  49.29071690552646
0.340 0.940  49.29071690552646
0.340 0.960  49.29071690552646
0.340 0.980  49.29071690552646
0.340 1.000  49.29071690552646
0.360 0.020  48.443906492826386
0.360 0.040  48.443906492826386
0.360 0.060  48.443906492826386
0.360 0.080  48.443906492826386
0.360 0.100  48.443906492826386
0.360 0.120  48.443906492826386
0.360 0.140  48.443906492826386
0.360 0.160  48.443906492826386
0.360 0.180  48.443906492826386
0.360 0.200  49.31628750211942
0.360 0.220  48.81525496786894
0.360 0.240  48.752051596659456
0.360 0.260  48.68653216753978
0.360 0.280  48.67672784486371
0.360 0.300  48.67672784486371
0.360 0.320  48.67672784486371
0.360 0.340  48.67672784486371
0.360 0.360  48.67672784486371
0.360 0.380  48.6828873210223
0.360 0.400  48.6828873210223
0.360 0.420  48.6828873210223
0.360 0.440  48.6828873210223
0.360 0.460  48.6828873210223
0.360 0.480  48.6828873210223
0.360 0.500  48.6828873210223
0.360 0.520  48.6828873210223
0.360 0.540  48.6828873210223
0.360 0.560  48.6828873210223
0.360 0.580  48.6828873210223
0.360 0.600  48.6828873210223
0.360 0.620  48.6828873210223
0.360 0.640  48.6828873210223
0.360 0.660  48.6828873210223
0.360 0.680  49.274066983798406
0.360 0.700  49.274066983798406
0.360 0.720  49.274066983798406
0.360 0.740  49.274066983798406
0.360 0.760  49.274066983798406
0.360 0.780  49.274066983798406
0.360 0.800  49.274066983798406
0.360 0.820  49.254974804615955
0.360 0.840  49.254974804615955
0.360 0.860  49.254974804615955
0.360 0.880  49.254974804615955
0.360 0.900  49.254974804615955
0.360 0.920  49.29071690552646
0.360 0.940  49.29071690552646
0.360 0.960  49.29071690552646
0.360 0.980  49.29071690552646
0.360 1.000  49.29071690552646
0.380 0.020  48.443906492826386
0.380 0.040  48.443906492826386
0.380 0.060  48.443906492826386
0.380 0.080  48.443906492826386
0.380 0.100  48.443906492826386
0.380 0.120  48.443906492826386
0.380 0.140  48.443906492826386
0.380 0.160  48.443906492826386
0.380 0.180  48.443906492826386
0.380 0.200  49.31628750211942
0.380 0.220  48.81525496786894
0.380 0.240  48.752051596659456
0.380 0.260  48.68653216753978
0.380 0.280  48.67672784486371
0.380 0.300  48.67672784486371
0.380 0.320  48.67672784486371
0.380 0.340  48.67672784486371
0.380 0.360  48.67672784486371
0.380 0.380  48.6828873210223
0.380 0.400  48.6828873210223
0.380 0.420  48.6828873210223
0.380 0.440  48.6828873210223
0.380 0.460  48.6828873210223
0.380 0.480  48.6828873210223
0.380 0.500  48.6828873210223
0.380 0.520  48.6828873210223
0.380 0.540  48.6828873210223
0.380 0.560  48.6828873210223
0.380 0.580  48.6828873210223
0.380 0.600  48.6828873210223
0.380 0.620  48.6828873210223
0.380 0.640  48.6828873210223
0.380 0.660  48.6828873210223
0.380 0.680  49.274066983798406
0.380 0.700  49.274066983798406
0.380 0.720  49.274066983798406
0.380 0.740  49.274066983798406
0.380 0.760  49.274066983798406
0.380 0.780  49.274066983798406
0.380 0.800  49.274066983798406
0.380 0.820  49.254974804615955
0.380 0.840  49.254974804615955
0.380 0.860  49.254974804615955
0.380 0.880  49.254974804615955
0.380 0.900  49.254974804615955
0.380 0.920  49.29071690552646
0.380 0.940  49.29071690552646
0.380 0.960  49.29071690552646
0.380 0.980  49.29071690552646
0.380 1.000  49.29071690552646
0.400 0.020  48.443906492826386
0.400 0.040  48.443906492826386
0.400 0.060  48.443906492826386
0.400 0.080  48.443906492826386
0.400 0.100  48.443906492826386
0.400 0.120  48.443906492826386
0.400 0.140  48.443906492826386
0.400 0.160  48.443906492826386
0.400 0.180  48.443906492826386
0.400 0.200  49.31628750211942
0.400 0.220  48.81525496786894
0.400 0.240  48.752051596659456
0.400 0.260  48.68653216753978
0.400 0.280  48.67672784486371
0.400 0.300  48.67672784486371
0.400 0.320  48.67672784486371
0.400 0.340  48.67672784486371
0.400 0.360  48.67672784486371
0.400 0.380  48.6828873210223
0.400 0.400  48.6828873210223
0.400 0.420  48.6828873210223
0.400 0.440  48.6828873210223
0.400 0.460  48.6828873210223
0.400 0.480  48.6828873210223
0.400 0.500  48.6828873210223
0.400 0.520  48.6828873210223
0.400 0.540  48.6828873210223
0.400 0.560  48.6828873210223
0.400 0.580  48.6828873210223
0.400 0.600  48.6828873210223
0.400 0.620  48.6828873210223
0.400 0.640  48.6828873210223
0.400 0.660  48.6828873210223
0.400 0.680  49.274066983798406
0.400 0.700  49.274066983798406
0.400 0.720  49.274066983798406
0.400 0.740  49.274066983798406
0.400 0.760  49.274066983798406
0.400 0.780  49.274066983798406
0.400 0.800  49.274066983798406
0.400 0.820  49.254974804615955
0.400 0.840  49.254974804615955
0.400 0.860  49.254974804615955
0.400 0.880  49.254974804615955
0.400 0.900  49.254974804615955
0.400 0.920  49.29071690552646
0.400 0.940  49.29071690552646
0.400 0.960  49.29071690552646
0.400 0.980  49.29071690552646
0.400 1.000  49.29071690552646
0.420 0.020  48.995727861365395
0.420 0.040  48.995727861365395
0.420 0.060  48.995727861365395
0.420 0.080  48.995727861365395
0.420 0.100  48.995727861365395
0.420 0.120  48.995727861365395
0.420 0.140  48.995727861365395
0.420 0.160  48.995727861365395
0.420 0.180  48.995727861365395
0.420 0.200  49.689486101616076
0.420 0.220  49.22609902164853
0.420 0.240  49.17756814898152
0.420 0.260  49.08898923047214
0.420 0.280  49.092014363500994
0.420 0.300  49.092014363500994
0.420 0.320  49.092014363500994
0.420 0.340  49.092014363500994
0.420 0.360  49.092014363500994
0.420 0.380  49.094241083642636
0.420 0.400  49.09551626862321
0.420 0.420  49.09551626862321
0.420 0.440  49.09551626862321
0.420 0.460  49.09551626862321
0.420 0.480  49.09551626862321
0.420 0.500  49.09551626862321
0.420 0.520  49.09551626862321
0.420 0.540  49.09551626862321
0.420 0.560  49.09551626862321
0.420 0.580  49.09551626862321
0.420 0.600  49.09551626862321
0.420 0.620  49.09551626862321
0.420 0.640  49.09529703652009
0.420 0.660  49.09529703652009
0.420 0.680  49.274066983798406
0.420 0.700  49.274066983798406
0.420 0.720  49.274066983798406
0.420 0.740  49.274066983798406
0.420 0.760  49.274066983798406
0.420 0.780  49.274066983798406
0.420 0.800  49.274066983798406
0.420 0.820  49.254974804615955
0.420 0.840  49.254974804615955
0.420 0.860  49.254974804615955
0.420 0.880  49.254974804615955
0.420 0.900  49.254974804615955
0.420 0.920  49.29071690552646
0.420 0.940  49.29071690552646
0.420 0.960  49.29071690552646
0.420 0.980  49.29071690552646
0.420 1.000  49.29071690552646
0.440 0.020  49.10241878389917
0.440 0.040  49.10241878389917
0.440 0.060  49.10241878389917
0.440 0.080  49.10241878389917
0.440 0.100  49.10241878389917
0.440 0.120  49.10241878389917
0.440 0.140  49.10241878389917
0.440 0.160  49.10241878389917
0.440 0.180  49.10241878389917
0.440 0.200  49.51494062208218
0.440 0.220  49.11418125274352
0.440 0.240  49.08271260861227
0.440 0.260  49.07917955990982
0.440 0.280  49.18085799090989
0.440 0.300  49.18085799090989
0.440 0.320  49.18085799090989
0.440 0.340  49.295875852334326
0.440 0.360  49.295875852334326
0.440 0.380  49.39740320418971
0.440 0.400  49.20886119824899
0.440 0.420  49.20886119824899
0.440 0.440  49.20886119824899
0.440 0.460  49.20886119824899
0.440 0.480  49.20886119824899
0.440 0.500  49.20886119824899
0.440 0.520  49.20886119824899
0.440 0.540  49.20886119824899
0.440 0.560  49.20886119824899
0.440 0.580  49.20886119824899
0.440 0.600  49.4128742856473
0.440 0.620  49.4128742856473
0.440 0.640  49.4128742856473
0.440 0.660  49.4128742856473
0.440 0.680  49.274066983798406
0.440 0.700  49.274066983798406
0.440 0.720  49.274066983798406
0.440 0.740  49.274066983798406
0.440 0.760  49.274066983798406
0.440 0.780  49.274066983798406
0.440 0.800  49.274066983798406
0.440 0.820  49.254974804615955
0.440 0.840  49.254974804615955
0.440 0.860  49.254974804615955
0.440 0.880  49.254974804615955
0.440 0.900  49.254974804615955
0.440 0.920  49.29071690552646
0.440 0.940  49.29071690552646
0.440 0.960  49.29071690552646
0.440 0.980  49.29071690552646
0.440 1.000  49.29071690552646
0.460 0.020  49.052443394982994
0.460 0.040  49.052443394982994
0.460 0.060  49.052443394982994
0.460 0.080  49.052443394982994
0.460 0.100  49.052443394982994
0.460 0.120  49.052443394982994
0.460 0.140  49.052443394982994
0.460 0.160  49.052443394982994
0.460 0.180  49.052443394982994
0.460 0.200  49.49559410555537
0.460 0.220  49.0637506484981
0.460 0.240  49.043608897370376
0.460 0.260  49.03835007231274
0.460 0.280  49.15649144672891
0.460 0.300  49.15649144672891
0.460 0.320  49.15649144672891
0.460 0.340  49.26994808789486
0.460 0.360  49.26994808789486
0.460 0.380  49.64451909448703
0.460 0.400  49.372242340196145
0.460 0.420  49.372242340196145
0.460 0.440  49.372242340196145
0.460 0.460  49.372242340196145
0.460 0.480  49.372242340196145
0.460 0.500  49.372242340196145
0.460 0.520  49.372242340196145
0.460 0.540  49.372242340196145
0.460 0.560  49.372242340196145
0.460 0.580  49.372242340196145
0.460 0.600  49.274066983798406
0.460 0.620  49.274066983798406
0.460 0.640  49.274066983798406
0.460 0.660  49.274066983798406
0.460 0.680  49.274066983798406
0.460 0.700  49.274066983798406
0.460 0.720  49.274066983798406
0.460 0.740  49.274066983798406
0.460 0.760  49.274066983798406
0.460 0.780  49.274066983798406
0.460 0.800  49.274066983798406
0.460 0.820  49.254974804615955
0.460 0.840  49.254974804615955
0.460 0.860  49.254974804615955
0.460 0.880  49.254974804615955
0.460 0.900  49.254974804615955
0.460 0.920  49.29071690552646
0.460 0.940  49.29071690552646
0.460 0.960  49.29071690552646
0.460 0.980  49.29071690552646
0.460 1.000  49.29071690552646
0.480 0.020  49.052443394982994
0.480 0.040  49.052443394982994
0.480 0.060  49.052443394982994
0.480 0.080  49.052443394982994
0.480 0.100  49.052443394982994
0.480 0.120  49.052443394982994
0.480 0.140  49.052443394982994
0.480 0.160  49.052443394982994
0.480 0.180  49.052443394982994
0.480 0.200  49.49559410555537
0.480 0.220  49.0637506484981
0.480 0.240  49.043608897370376
0.480 0.260  49.03835007231274
0.480 0.280  49.15649144672891
0.480 0.300  49.15649144672891
0.480 0.320  49.15649144672891
0.480 0.340  49.26994808789486
0.480 0.360  49.26994808789486
0.480 0.380  49.64451909448703
0.480 0.400  49.372242340196145
0.480 0.420  49.372242340196145
0.480 0.440  49.372242340196145
0.480 0.460  49.372242340196145
0.480 0.480  49.372242340196145
0.480 0.500  49.372242340196145
0.480 0.520  49.372242340196145
0.480 0.540  49.372242340196145
0.480 0.560  49.372242340196145
0.480 0.580  49.372242340196145
0.480 0.600  49.274066983798406
0.480 0.620  49.274066983798406
0.480 0.640  49.274066983798406
0.480 0.660  49.274066983798406
0.480 0.680  49.274066983798406
0.480 0.700  49.274066983798406
0.480 0.720  49.274066983798406
0.480 0.740  49.274066983798406
0.480 0.760  49.274066983798406
0.480 0.780  49.274066983798406
0.480 0.800  49.274066983798406
0.480 0.820  49.254974804615955
0.480 0.840  49.254974804615955
0.480 0.860  49.254974804615955
0.480 0.880  49.254974804615955
0.480 0.900  49.254974804615955
0.480 0.920  49.29071690552646
0.480 0.940  49.29071690552646
0.480 0.960  49.29071690552646
0.480 0.980  49.29071690552646
0.480 1.000  49.29071690552646
0.500 0.020  49.052443394982994
0.500 0.040  49.052443394982994
0.500 0.060  49.052443394982994
0.500 0.080  49.052443394982994
0.500 0.100  49.052443394982994
0.500 0.120  49.052443394982994
0.500 0.140  49.052443394982994
0.500 0.160  49.052443394982994
0.500 0.180  49.052443394982994
0.500 0.200  49.49559410555537
0.500 0.220  49.0637506484981
0.500 0.240  49.043608897370376
0.500 0.260  49.03835007231274
0.500 0.280  49.15649144672891
0.500 0.300  49.15649144672891
0.500 0.320  49.15649144672891
0.500 0.340  49.26994808789486
0.500 0.360  49.26994808789486
0.500 0.380  49.64451909448703
0.500 0.400  49.372242340196145
0.500 0.420  49.372242340196145
0.500 0.440  49.372242340196145
0.500 0.460  49.372242340196145
0.500 0.480  49.372242340196145
0.500 0.500  49.372242340196145
0.500 0.520  49.372242340196145
0.500 0.540  49.372242340196145
0.500 0.560  49.372242340196145
0.500 0.580  49.372242340196145
0.500 0.600  49.274066983798406
0.500 0.620  49.274066983798406
0.500 0.640  49.274066983798406
0.500 0.660  49.274066983798406
0.500 0.680  49.274066983798406
0.500 0.700  49.274066983798406
0.500 0.720  49.274066983798406
0.500 0.740  49.274066983798406
0.500 0.760  49.274066983798406
0.500 0.780  49.274066983798406
0.500 0.800  49.274066983798406
0.500 0.820  49.254974804615955
0.500 0.840  49.254974804615955
0.500 0.860  49.254974804615955
0.500 0.880  49.254974804615955
0.500 0.900  49.254974804615955
0.500 0.920  49.29071690552646
0.500 0.940  49.29071690552646
0.500 0.960  49.29071690552646
0.500 0.980  49.29071690552646
0.500 1.000  49.29071690552646
0.520 0.020  49.052443394982994
0.520 0.040  49.052443394982994
0.520 0.060  49.052443394982994
0.520 0.080  49.052443394982994
0.520 0.100  49.052443394982994
0.520 0.120  49.052443394982994
0.520 0.140  49.052443394982994
0.520 0.160  49.052443394982994
0.520 0.180  49.052443394982994
0.520 0.200  49.49559410555537
0.520 0.220  49.0637506484981
0.520 0.240  49.043608897370376
0.520 0.260  49.03835007231274
0.520 0.280  49.15649144672891
0.520 0.300  49.15649144672891
0.520 0.320  49.15649144672891
0.520 0.340  49.26994808789486
0.520 0.360  49.26994808789486
0.520 0.380  49.64451909448703
0.520 0.400  49.372242340196145
0.520 0.420  49.372242340196145
0.520 0.440  49.372242340196145
0.520 0.460  49.372242340196145
0.520 0.480  49.372242340196145
0.520 0.500  49.372242340196145
0.520 0.520  49.372242340196145
0.520 0.540  49.372242340196145
0.520 0.560  49.372242340196145
0.520 0.580  49.372242340196145
0.520 0.600  49.274066983798406
0.520 0.620  49.274066983798406
0.520 0.640  49.274066983798406
0.520 0.660  49.274066983798406
0.520 0.680  49.274066983798406
0.520 0.700  49.274066983798406
0.520 0.720  49.274066983798406
0.520 0.740  49.274066983798406
0.520 0.760  49.274066983798406
0.520 0.780  49.274066983798406
0.520 0.800  49.274066983798406
0.520 0.820  49.254974804615955
0.520 0.840  49.254974804615955
0.520 0.860  49.254974804615955
0.520 0.880  49.254974804615955
0.520 0.900  49.254974804615955
0.520 0.920  49.29071690552646
0.520 0.940  49.29071690552646
0.520 0.960  49.29071690552646
0.520 0.980  49.29071690552646
0.520 1.000  49.29071690552646
0.540 0.020  48.96186850679791
0.540 0.040  48.96186850679791
0.540 0.060  48.96186850679791
0.540 0.080  48.96186850679791
0.540 0.100  48.96186850679791
0.540 0.120  48.96186850679791
0.540 0.140  48.96186850679791
0.540 0.160  48.96186850679791
0.540 0.180  48.96186850679791
0.540 0.200  49.41826538644101
0.540 0.220  48.986782688110516
0.540 0.240  48.96281309776994
0.540 0.260  48.95816792443306
0.540 0.280  49.07706111927306
0.540 0.300  49.07706111927306
0.540 0.320  49.07706111927306
0.540 0.340  49.190517760439
0.540 0.360  49.190517760439
0.540 0.380  49.64451909448703
0.540 0.400  49.372242340196145
0.540 0.420  49.372242340196145
0.540 0.440  49.372242340196145
0.540 0.460  49.372242340196145
0.540 0.480  49.372242340196145
0.540 0.500  49.372242340196145
0.540 0.520  49.372242340196145
0.540 0.540  49.372242340196145
0.540 0.560  49.372242340196145
0.540 0.580  49.372242340196145
0.540 0.600  49.274066983798406
0.540 0.620  49.274066983798406
0.540 0.640  49.274066983798406
0.540 0.660  49.274066983798406
0.540 0.680  49.274066983798406
0.540 0.700  49.274066983798406
0.540 0.720  49.274066983798406
0.540 0.740  49.274066983798406
0.540 0.760  49.274066983798406
0.540 0.780  49.274066983798406
0.540 0.800  49.274066983798406
0.540 0.820  49.254974804615955
0.540 0.840  49.254974804615955
0.540 0.860  49.254974804615955
0.540 0.880  49.254974804615955
0.540 0.900  49.254974804615955
0.540 0.920  49.29071690552646
0.540 0.940  49.29071690552646
0.540 0.960  49.29071690552646
0.540 0.980  49.29071690552646
0.540 1.000  49.29071690552646
0.560 0.020  48.9506967571169
0.560 0.040  48.9506967571169
0.560 0.060  48.9506967571169
0.560 0.080  48.9506967571169
0.560 0.100  48.9506967571169
0.560 0.120  48.9506967571169
0.560 0.140  48.9506967571169
0.560 0.160  48.9506967571169
0.560 0.180  48.9506967571169
0.560 0.200  49.41818871796687
0.560 0.220  49.007983265768864
0.560 0.240  48.982492000794764
0.560 0.260  48.97201531974978
0.560 0.280  49.027904409377236
0.560 0.300  49.027904409377236
0.560 0.320  49.027904409377236
0.560 0.340  48.9728909059547
0.560 0.360  48.9728909059547
0.560 0.380  49.34779675512111
0.560 0.400  49.372242340196145
0.560 0.420  49.372242340196145
0.560 0.440  49.372242340196145
0.560 0.460  49.372242340196145
0.560 0.480  49.372242340196145
0.560 0.500  49.372242340196145
0.560 0.520  49.372242340196145
0.560 0.540  49.372242340196145
0.560 0.560  49.372242340196145
0.560 0.580  49.372242340196145
0.560 0.600  49.274066983798406
0.560 0.620  49.274066983798406
0.560 0.640  49.274066983798406
0.560 0.660  49.274066983798406
0.560 0.680  49.274066983798406
0.560 0.700  49.274066983798406
0.560 0.720  49.274066983798406
0.560 0.740  49.274066983798406
0.560 0.760  49.274066983798406
0.560 0.780  49.274066983798406
0.560 0.800  49.274066983798406
0.560 0.820  49.254974804615955
0.560 0.840  49.254974804615955
0.560 0.860  49.254974804615955
0.560 0.880  49.254974804615955
0.560 0.900  49.254974804615955
0.560 0.920  49.29071690552646
0.560 0.940  49.29071690552646
0.560 0.960  49.29071690552646
0.560 0.980  49.29071690552646
0.560 1.000  49.29071690552646
0.580 0.020  48.9506967571169
0.580 0.040  48.9506967571169
0.580 0.060  48.9506967571169
0.580 0.080  48.9506967571169
0.580 0.100  48.9506967571169
0.580 0.120  48.9506967571169
0.580 0.140  48.9506967571169
0.580 0.160  48.9506967571169
0.580 0.180  48.9506967571169
0.580 0.200  49.41818871796687
0.580 0.220  49.007983265768864
0.580 0.240  48.982492000794764
0.580 0.260  48.97201531974978
0.580 0.280  49.027904409377236
0.580 0.300  49.027904409377236
0.580 0.320  49.027904409377236
0.580 0.340  48.9728909059547
0.580 0.360  48.9728909059547
0.580 0.380  49.34779675512111
0.580 0.400  49.372242340196145
0.580 0.420  49.372242340196145
0.580 0.440  49.372242340196145
0.580 0.460  49.372242340196145
0.580 0.480  49.372242340196145
0.580 0.500  49.372242340196145
0.580 0.520  49.372242340196145
0.580 0.540  49.372242340196145
0.580 0.560  49.372242340196145
0.580 0.580  49.372242340196145
0.580 0.600  49.274066983798406
0.580 0.620  49.274066983798406
0.580 0.640  49.274066983798406
0.580 0.660  49.274066983798406
0.580 0.680  49.274066983798406
0.580 0.700  49.274066983798406
0.580 0.720  49.274066983798406
0.580 0.740  49.274066983798406
0.580 0.760  49.274066983798406
0.580 0.780  49.274066983798406
0.580 0.800  49.274066983798406
0.580 0.820  49.254974804615955
0.580 0.840  49.254974804615955
0.580 0.860  49.254974804615955
0.580 0.880  49.254974804615955
0.580 0.900  49.254974804615955
0.580 0.920  49.29071690552646
0.580 0.940  49.29071690552646
0.580 0.960  49.29071690552646
0.580 0.980  49.29071690552646
0.580 1.000  49.29071690552646
0.600 0.020  48.9506967571169
0.600 0.040  48.9506967571169
0.600 0.060  48.9506967571169
0.600 0.080  48.9506967571169
0.600 0.100  48.9506967571169
0.600 0.120  48.9506967571169
0.600 0.140  48.9506967571169
0.600 0.160  48.9506967571169
0.600 0.180  48.9506967571169
0.600 0.200  49.41818871796687
0.600 0.220  49.007983265768864
0.600 0.240  48.982492000794764
0.600 0.260  48.97201531974978
0.600 0.280  49.027904409377236
0.600 0.300  49.027904409377236
0.600 0.320  49.027904409377236
0.600 0.340  48.9728909059547
0.600 0.360  48.9728909059547
0.600 0.380  49.34779675512111
0.600 0.400  49.372242340196145
0.600 0.420  49.372242340196145
0.600 0.440  49.372242340196145
0.600 0.460  49.372242340196145
0.600 0.480  49.372242340196145
0.600 0.500  49.372242340196145
0.600 0.520  49.372242340196145
0.600 0.540  49.372242340196145
0.600 0.560  49.372242340196145
0.600 0.580  49.372242340196145
0.600 0.600  49.274066983798406
0.600 0.620  49.274066983798406
0.600 0.640  49.274066983798406
0.600 0.660  49.274066983798406
0.600 0.680  49.274066983798406
0.600 0.700  49.274066983798406
0.600 0.720  49.274066983798406
0.600 0.740  49.274066983798406
0.600 0.760  49.274066983798406
0.600 0.780  49.274066983798406
0.600 0.800  49.274066983798406
0.600 0.820  49.254974804615955
0.600 0.840  49.254974804615955
0.600 0.860  49.254974804615955
0.600 0.880  49.254974804615955
0.600 0.900  49.254974804615955
0.600 0.920  49.29071690552646
0.600 0.940  49.29071690552646
0.600 0.960  49.29071690552646
0.600 0.980  49.29071690552646
0.600 1.000  49.29071690552646
0.620 0.020  48.9506967571169
0.620 0.040  48.9506967571169
0.620 0.060  48.9506967571169
0.620 0.080  48.9506967571169
0.620 0.100  48.9506967571169
0.620 0.120  48.9506967571169
0.620 0.140  48.9506967571169
0.620 0.160  48.9506967571169
0.620 0.180  48.9506967571169
0.620 0.200  49.41818871796687
0.620 0.220  49.007983265768864
0.620 0.240  48.982492000794764
0.620 0.260  48.97201531974978
0.620 0.280  49.027904409377236
0.620 0.300  49.027904409377236
0.620 0.320  49.027904409377236
0.620 0.340  48.9728909059547
0.620 0.360  48.9728909059547
0.620 0.380  49.34779675512111
0.620 0.400  49.372242340196145
0.620 0.420  49.372242340196145
0.620 0.440  49.372242340196145
0.620 0.460  49.372242340196145
0.620 0.480  49.372242340196145
0.620 0.500  49.372242340196145
0.620 0.520  49.372242340196145
0.620 0.540  49.372242340196145
0.620 0.560  49.372242340196145
0.620 0.580  49.372242340196145
0.620 0.600  49.274066983798406
0.620 0.620  49.274066983798406
0.620 0.640  49.274066983798406
0.620 0.660  49.274066983798406
0.620 0.680  49.274066983798406
0.620 0.700  49.274066983798406
0.620 0.720  49.274066983798406
0.620 0.740  49.274066983798406
0.620 0.760  49.274066983798406
0.620 0.780  49.274066983798406
0.620 0.800  49.274066983798406
0.620 0.820  49.254974804615955
0.620 0.840  49.254974804615955
0.620 0.860  49.254974804615955
0.620 0.880  49.254974804615955
0.620 0.900  49.254974804615955
0.620 0.920  49.29071690552646
0.620 0.940  49.29071690552646
0.620 0.960  49.29071690552646
0.620 0.980  49.29071690552646
0.620 1.000  49.29071690552646
0.640 0.020  48.9621437137055
0.640 0.040  48.9621437137055
0.640 0.060  48.9621437137055
0.640 0.080  48.9621437137055
0.640 0.100  48.9621437137055
0.640 0.120  48.9621437137055
0.640 0.140  48.9621437137055
0.640 0.160  48.9621437137055
0.640 0.180  48.9621437137055
0.640 0.200  49.411425763123475
0.640 0.220  49.0018115501123
0.640 0.240  49.0018115501123
0.640 0.260  48.99001432608837
0.640 0.280  49.04161321688087
0.640 0.300  49.04161321688087
0.640 0.320  49.04161321688087
0.640 0.340  48.89563738895913
0.640 0.360  48.89563738895913
0.640 0.380  49.34779675512111
0.640 0.400  49.372242340196145
0.640 0.420  49.372242340196145
0.640 0.440  49.372242340196145
0.640 0.460  49.372242340196145
0.640 0.480  49.372242340196145
0.640 0.500  49.372242340196145
0.640 0.520  49.372242340196145
0.640 0.540  49.372242340196145
0.640 0.560  49.372242340196145
0.640 0.580  49.372242340196145
0.640 0.600  49.29543562770341
0.640 0.620  49.29543562770341
0.640 0.640  49.29543562770341
0.640 0.660  49.29543562770341
0.640 0.680  49.29543562770341
0.640 0.700  49.29543562770341
0.640 0.720  49.29543562770341
0.640 0.740  49.29543562770341
0.640 0.760  49.29543562770341
0.640 0.780  49.29543562770341
0.640 0.800  49.29543562770341
0.640 0.820  49.29071690552646
0.640 0.840  49.29071690552646
0.640 0.860  49.29071690552646
0.640 0.880  49.29071690552646
0.640 0.900  49.29071690552646
0.640 0.920  49.29071690552646
0.640 0.940  49.29071690552646
0.640 0.960  49.29071690552646
0.640 0.980  49.29071690552646
0.640 1.000  49.29071690552646
0.660 0.020  49.012151307844796
0.660 0.040  49.012151307844796
0.660 0.060  49.012151307844796
0.660 0.080  49.012151307844796
0.660 0.100  49.012151307844796
0.660 0.120  49.012151307844796
0.660 0.140  49.012151307844796
0.660 0.160  49.012151307844796
0.660 0.180  49.012151307844796
0.660 0.200  49.16638552492411
0.660 0.220  48.76570708856935
0.660 0.240  48.76570708856935
0.660 0.260  48.76517387268335
0.660 0.280  48.79897455737643
0.660 0.300  48.79897455737643
0.660 0.320  48.79897455737643
0.660 0.340  48.78911878188563
0.660 0.360  48.78911878188563
0.660 0.380  49.34823383742283
0.660 0.400  48.95146300656872
0.660 0.420  48.95146300656872
0.660 0.440  48.95146300656872
0.660 0.460  48.90716658881397
0.660 0.480  48.90716658881397
0.660 0.500  48.90716658881397
0.660 0.520  48.90716658881397
0.660 0.540  48.90716658881397
0.660 0.560  48.90716658881397
0.660 0.580  48.90716658881397
0.660 0.600  49.09425110345153
0.660 0.620  49.09425110345153
0.660 0.640  49.06481001390112
0.660 0.660  49.06481001390112
0.660 0.680  49.04997349306717
0.660 0.700  49.04997349306717
0.660 0.720  49.04997349306717
0.660 0.740  49.04997349306717
0.660 0.760  49.04997349306717
0.660 0.780  49.04997349306717
0.660 0.800  49.04997349306717
0.660 0.820  49.045615560706935
0.660 0.840  49.045615560706935
0.660 0.860  49.045615560706935
0.660 0.880  49.045615560706935
0.660 0.900  49.045615560706935
0.660 0.920  49.045615560706935
0.660 0.940  49.045615560706935
0.660 0.960  49.045615560706935
0.660 0.980  49.045615560706935
0.660 1.000  49.045615560706935
0.680 0.020  49.012151307844796
0.680 0.040  49.012151307844796
0.680 0.060  49.012151307844796
0.680 0.080  49.012151307844796
0.680 0.100  49.012151307844796
0.680 0.120  49.012151307844796
0.680 0.140  49.012151307844796
0.680 0.160  49.012151307844796
0.680 0.180  49.012151307844796
0.680 0.200  49.16638552492411
0.680 0.220  48.76570708856935
0.680 0.240  48.76570708856935
0.680 0.260  48.76517387268335
0.680 0.280  48.79897455737643
0.680 0.300  48.79897455737643
0.680 0.320  48.79897455737643
0.680 0.340  48.78911878188563
0.680 0.360  48.78911878188563
0.680 0.380  49.34823383742283
0.680 0.400  48.95146300656872
0.680 0.420  48.95146300656872
0.680 0.440  48.95146300656872
0.680 0.460  48.90716658881397
0.680 0.480  48.90716658881397
0.680 0.500  48.90716658881397
0.680 0.520  48.90716658881397
0.680 0.540  48.90716658881397
0.680 0.560  48.90716658881397
0.680 0.580  48.90716658881397
0.680 0.600  49.09425110345153
0.680 0.620  49.09425110345153
0.680 0.640  49.06481001390112
0.680 0.660  49.06481001390112
0.680 0.680  49.04997349306717
0.680 0.700  49.04997349306717
0.680 0.720  49.04997349306717
0.680 0.740  49.04997349306717
0.680 0.760  49.04997349306717
0.680 0.780  49.04997349306717
0.680 0.800  49.04997349306717
0.680 0.820  49.045615560706935
0.680 0.840  49.045615560706935
0.680 0.860  49.045615560706935
0.680 0.880  49.045615560706935
0.680 0.900  49.045615560706935
0.680 0.920  49.045615560706935
0.680 0.940  49.045615560706935
0.680 0.960  49.045615560706935
0.680 0.980  49.045615560706935
0.680 1.000  49.045615560706935
0.700 0.020  49.012151307844796
0.700 0.040  49.012151307844796
0.700 0.060  49.012151307844796
0.700 0.080  49.012151307844796
0.700 0.100  49.012151307844796
0.700 0.120  49.012151307844796
0.700 0.140  49.012151307844796
0.700 0.160  49.012151307844796
0.700 0.180  49.012151307844796
0.700 0.200  49.16638552492411
0.700 0.220  48.76570708856935
0.700 0.240  48.76570708856935
0.700 0.260  48.76517387268335
0.700 0.280  48.79897455737643
0.700 0.300  48.79897455737643
0.700 0.320  48.79897455737643
0.700 0.340  48.78911878188563
0.700 0.360  48.78911878188563
0.700 0.380  49.34823383742283
0.700 0.400  48.95146300656872
0.700 0.420  48.95146300656872
0.700 0.440  48.95146300656872
0.700 0.460  48.90716658881397
0.700 0.480  48.90716658881397
0.700 0.500  48.90716658881397
0.700 0.520  48.90716658881397
0.700 0.540  48.90716658881397
0.700 0.560  48.90716658881397
0.700 0.580  48.90716658881397
0.700 0.600  49.09425110345153
0.700 0.620  49.09425110345153
0.700 0.640  49.06481001390112
0.700 0.660  49.06481001390112
0.700 0.680  49.04997349306717
0.700 0.700  49.04997349306717
0.700 0.720  49.04997349306717
0.700 0.740  49.04997349306717
0.700 0.760  49.04997349306717
0.700 0.780  49.04997349306717
0.700 0.800  49.04997349306717
0.700 0.820  49.045615560706935
0.700 0.840  49.045615560706935
0.700 0.860  49.045615560706935
0.700 0.880  49.045615560706935
0.700 0.900  49.045615560706935
0.700 0.920  49.045615560706935
0.700 0.940  49.045615560706935
0.700 0.960  49.045615560706935
0.700 0.980  49.045615560706935
0.700 1.000  49.045615560706935
0.720 0.020  49.012151307844796
0.720 0.040  49.012151307844796
0.720 0.060  49.012151307844796
0.720 0.080  49.012151307844796
0.720 0.100  49.012151307844796
0.720 0.120  49.012151307844796
0.720 0.140  49.012151307844796
0.720 0.160  49.012151307844796
0.720 0.180  49.012151307844796
0.720 0.200  49.16638552492411
0.720 0.220  48.76570708856935
0.720 0.240  48.76570708856935
0.720 0.260  48.76517387268335
0.720 0.280  48.79897455737643
0.720 0.300  48.79897455737643
0.720 0.320  48.79897455737643
0.720 0.340  48.78911878188563
0.720 0.360  48.78911878188563
0.720 0.380  49.27816213696465
0.720 0.400  48.95146300656872
0.720 0.420  48.95146300656872
0.720 0.440  48.95146300656872
0.720 0.460  48.90716658881397
0.720 0.480  48.90716658881397
0.720 0.500  48.90716658881397
0.720 0.520  48.90716658881397
0.720 0.540  48.90716658881397
0.720 0.560  48.90716658881397
0.720 0.580  48.90716658881397
0.720 0.600  49.09425110345153
0.720 0.620  49.09425110345153
0.720 0.640  49.06481001390112
0.720 0.660  49.06481001390112
0.720 0.680  49.04422530273033
0.720 0.700  49.04422530273033
0.720 0.720  49.04422530273033
0.720 0.740  49.04422530273033
0.720 0.760  49.04422530273033
0.720 0.780  49.04422530273033
0.720 0.800  49.04422530273033
0.720 0.820  49.03989929202367
0.720 0.840  49.03989929202367
0.720 0.860  49.03989929202367
0.720 0.880  49.03989929202367
0.720 0.900  49.036375131338204
0.720 0.920  49.036375131338204
0.720 0.940  49.036375131338204
0.720 0.960  49.036375131338204
0.720 0.980  49.036375131338204
0.720 1.000  49.036375131338204
0.740 0.020  49.012151307844796
0.740 0.040  49.012151307844796
0.740 0.060  49.012151307844796
0.740 0.080  49.012151307844796
0.740 0.100  49.012151307844796
0.740 0.120  49.012151307844796
0.740 0.140  49.012151307844796
0.740 0.160  49.012151307844796
0.740 0.180  49.012151307844796
0.740 0.200  49.16638552492411
0.740 0.220  48.76570708856935
0.740 0.240  48.76570708856935
0.740 0.260  48.76517387268335
0.740 0.280  48.79897455737643
0.740 0.300  48.79897455737643
0.740 0.320  48.79897455737643
0.740 0.340  48.78911878188563
0.740 0.360  48.78911878188563
0.740 0.380  49.27816213696465
0.740 0.400  48.95146300656872
0.740 0.420  48.95146300656872
0.740 0.440  48.95146300656872
0.740 0.460  48.90716658881397
0.740 0.480  48.90716658881397
0.740 0.500  48.90716658881397
0.740 0.520  48.90716658881397
0.740 0.540  48.90716658881397
0.740 0.560  48.90716658881397
0.740 0.580  48.90716658881397
0.740 0.600  49.09425110345153
0.740 0.620  49.09425110345153
0.740 0.640  49.06481001390112
0.740 0.660  49.06481001390112
0.740 0.680  49.04422530273033
0.740 0.700  49.04422530273033
0.740 0.720  49.04422530273033
0.740 0.740  49.04422530273033
0.740 0.760  49.04422530273033
0.740 0.780  49.04422530273033
0.740 0.800  49.04422530273033
0.740 0.820  49.03989929202367
0.740 0.840  49.03989929202367
0.740 0.860  49.03989929202367
0.740 0.880  49.03989929202367
0.740 0.900  49.036375131338204
0.740 0.920  49.036375131338204
0.740 0.940  49.036375131338204
0.740 0.960  49.036375131338204
0.740 0.980  49.036375131338204
0.740 1.000  49.036375131338204
0.760 0.020  49.012151307844796
0.760 0.040  49.012151307844796
0.760 0.060  49.012151307844796
0.760 0.080  49.012151307844796
0.760 0.100  49.012151307844796
0.760 0.120  49.012151307844796
0.760 0.140  49.012151307844796
0.760 0.160  49.012151307844796
0.760 0.180  49.012151307844796
0.760 0.200  49.16638552492411
0.760 0.220  48.76570708856935
0.760 0.240  48.76570708856935
0.760 0.260  48.76517387268335
0.760 0.280  48.79897455737643
0.760 0.300  48.79897455737643
0.760 0.320  48.79897455737643
0.760 0.340  48.78911878188563
0.760 0.360  48.78911878188563
0.760 0.380  49.27816213696465
0.760 0.400  48.95146300656872
0.760 0.420  48.95146300656872
0.760 0.440  48.95146300656872
0.760 0.460  48.90716658881397
0.760 0.480  48.90716658881397
0.760 0.500  48.90716658881397
0.760 0.520  48.90716658881397
0.760 0.540  48.90716658881397
0.760 0.560  48.90716658881397
0.760 0.580  48.90716658881397
0.760 0.600  49.09425110345153
0.760 0.620  49.09425110345153
0.760 0.640  49.06481001390112
0.760 0.660  49.06481001390112
0.760 0.680  49.04422530273033
0.760 0.700  49.04422530273033
0.760 0.720  49.04422530273033
0.760 0.740  49.04422530273033
0.760 0.760  49.04422530273033
0.760 0.780  49.04422530273033
0.760 0.800  49.04422530273033
0.760 0.820  49.03989929202367
0.760 0.840  49.03989929202367
0.760 0.860  49.03989929202367
0.760 0.880  49.03989929202367
0.760 0.900  49.036375131338204
0.760 0.920  49.036375131338204
0.760 0.940  49.036375131338204
0.760 0.960  49.036375131338204
0.760 0.980  49.036375131338204
0.760 1.000  49.036375131338204
0.780 0.020  49.012151307844796
0.780 0.040  49.012151307844796
0.780 0.060  49.012151307844796
0.780 0.080  49.012151307844796
0.780 0.100  49.012151307844796
0.780 0.120  49.012151307844796
0.780 0.140  49.012151307844796
0.780 0.160  49.012151307844796
0.780 0.180  49.012151307844796
0.780 0.200  49.16638552492411
0.780 0.220  48.76570708856935
0.780 0.240  48.76570708856935
0.780 0.260  48.76517387268335
0.780 0.280  48.79897455737643
0.780 0.300  48.79897455737643
0.780 0.320  48.79897455737643
0.780 0.340  48.78911878188563
0.780 0.360  48.78911878188563
0.780 0.380  49.16083674277418
0.780 0.400  48.90716658881397
0.780 0.420  48.90716658881397
0.780 0.440  48.90716658881397
0.780 0.460  48.90716658881397
0.780 0.480  48.90716658881397
0.780 0.500  48.90716658881397
0.780 0.520  48.90716658881397
0.780 0.540  48.90716658881397
0.780 0.560  48.90716658881397
0.780 0.580  48.90716658881397
0.780 0.600  49.09425110345153
0.780 0.620  49.09425110345153
0.780 0.640  49.06481001390112
0.780 0.660  49.06481001390112
0.780 0.680  49.04422530273033
0.780 0.700  49.04422530273033
0.780 0.720  49.04422530273033
0.780 0.740  49.04422530273033
0.780 0.760  49.04422530273033
0.780 0.780  49.04422530273033
0.780 0.800  49.04422530273033
0.780 0.820  49.03989929202367
0.780 0.840  49.03989929202367
0.780 0.860  49.03989929202367
0.780 0.880  49.03989929202367
0.780 0.900  49.036375131338204
0.780 0.920  49.036375131338204
0.780 0.940  49.036375131338204
0.780 0.960  49.036375131338204
0.780 0.980  49.036375131338204
0.780 1.000  49.036375131338204
0.800 0.020  49.012151307844796
0.800 0.040  49.012151307844796
0.800 0.060  49.012151307844796
0.800 0.080  49.012151307844796
0.800 0.100  49.012151307844796
0.800 0.120  49.012151307844796
0.800 0.140  49.012151307844796
0.800 0.160  49.012151307844796
0.800 0.180  49.012151307844796
0.800 0.200  49.16638552492411
0.800 0.220  48.76570708856935
0.800 0.240  48.76570708856935
0.800 0.260  48.76517387268335
0.800 0.280  48.79897455737643
0.800 0.300  48.79897455737643
0.800 0.320  48.79897455737643
0.800 0.340  48.78911878188563
0.800 0.360  48.78911878188563
0.800 0.380  49.16083674277418
0.800 0.400  48.90716658881397
0.800 0.420  48.90716658881397
0.800 0.440  48.90716658881397
0.800 0.460  48.90716658881397
0.800 0.480  48.90716658881397
0.800 0.500  48.90716658881397
0.800 0.520  48.90716658881397
0.800 0.540  48.90716658881397
0.800 0.560  48.90716658881397
0.800 0.580  48.90716658881397
0.800 0.600  49.09425110345153
0.800 0.620  49.09425110345153
0.800 0.640  49.06481001390112
0.800 0.660  49.06481001390112
0.800 0.680  49.04422530273033
0.800 0.700  49.04422530273033
0.800 0.720  49.04422530273033
0.800 0.740  49.04422530273033
0.800 0.760  49.04422530273033
0.800 0.780  49.04422530273033
0.800 0.800  49.04422530273033
0.800 0.820  49.03989929202367
0.800 0.840  49.03989929202367
0.800 0.860  49.03989929202367
0.800 0.880  49.03989929202367
0.800 0.900  49.036375131338204
0.800 0.920  49.036375131338204
0.800 0.940  49.036375131338204
0.800 0.960  49.036375131338204
0.800 0.980  49.036375131338204
0.800 1.000  49.036375131338204
0.820 0.020  49.012151307844796
0.820 0.040  49.012151307844796
0.820 0.060  49.012151307844796
0.820 0.080  49.012151307844796
0.820 0.100  49.012151307844796
0.820 0.120  49.012151307844796
0.820 0.140  49.012151307844796
0.820 0.160  49.012151307844796
0.820 0.180  49.012151307844796
0.820 0.200  49.16638552492411
0.820 0.220  48.76570708856935
0.820 0.240  48.76570708856935
0.820 0.260  48.76517387268335
0.820 0.280  48.79897455737643
0.820 0.300  48.79897455737643
0.820 0.320  48.79897455737643
0.820 0.340  48.78911878188563
0.820 0.360  48.78911878188563
0.820 0.380  49.16083674277418
0.820 0.400  48.900164007588856
0.820 0.420  48.900164007588856
0.820 0.440  48.900164007588856
0.820 0.460  48.900164007588856
0.820 0.480  48.900164007588856
0.820 0.500  48.900164007588856
0.820 0.520  48.900164007588856
0.820 0.540  48.900164007588856
0.820 0.560  48.900164007588856
0.820 0.580  48.900164007588856
0.820 0.600  49.09425110345153
0.820 0.620  49.09425110345153
0.820 0.640  49.06481001390112
0.820 0.660  49.06481001390112
0.820 0.680  49.04422530273033
0.820 0.700  49.04422530273033
0.820 0.720  49.04422530273033
0.820 0.740  49.04422530273033
0.820 0.760  49.04422530273033
0.820 0.780  49.04422530273033
0.820 0.800  49.04422530273033
0.820 0.820  49.03989929202367
0.820 0.840  49.03989929202367
0.820 0.860  49.03989929202367
0.820 0.880  49.03989929202367
0.820 0.900  49.036375131338204
0.820 0.920  49.036375131338204
0.820 0.940  49.036375131338204
0.820 0.960  49.036375131338204
0.820 0.980  49.036375131338204
0.820 1.000  49.036375131338204
0.840 0.020  49.012151307844796
0.840 0.040  49.012151307844796
0.840 0.060  49.012151307844796
0.840 0.080  49.012151307844796
0.840 0.100  49.012151307844796
0.840 0.120  49.012151307844796
0.840 0.140  49.012151307844796
0.840 0.160  49.012151307844796
0.840 0.180  49.012151307844796
0.840 0.200  49.16638552492411
0.840 0.220  48.76570708856935
0.840 0.240  48.76570708856935
0.840 0.260  48.76517387268335
0.840 0.280  48.79897455737643
0.840 0.300  48.79897455737643
0.840 0.320  48.79897455737643
0.840 0.340  48.78911878188563
0.840 0.360  48.78911878188563
0.840 0.380  49.16083674277418
0.840 0.400  48.900164007588856
0.840 0.420  48.900164007588856
0.840 0.440  48.900164007588856
0.840 0.460  48.900164007588856
0.840 0.480  48.900164007588856
0.840 0.500  48.900164007588856
0.840 0.520  48.900164007588856
0.840 0.540  48.900164007588856
0.840 0.560  48.900164007588856
0.840 0.580  48.900164007588856
0.840 0.600  49.09425110345153
0.840 0.620  49.09425110345153
0.840 0.640  49.06481001390112
0.840 0.660  49.06481001390112
0.840 0.680  49.04422530273033
0.840 0.700  49.04422530273033
0.840 0.720  49.04422530273033
0.840 0.740  49.04422530273033
0.840 0.760  49.04422530273033
0.840 0.780  49.04422530273033
0.840 0.800  49.04422530273033
0.840 0.820  49.03989929202367
0.840 0.840  49.03989929202367
0.840 0.860  49.03989929202367
0.840 0.880  49.03989929202367
0.840 0.900  49.036375131338204
0.840 0.920  49.036375131338204
0.840 0.940  49.036375131338204
0.840 0.960  49.036375131338204
0.840 0.980  49.036375131338204
0.840 1.000  49.036375131338204
0.860 0.020  49.012151307844796
0.860 0.040  49.012151307844796
0.860 0.060  49.012151307844796
0.860 0.080  49.012151307844796
0.860 0.100  49.012151307844796
0.860 0.120  49.012151307844796
0.860 0.140  49.012151307844796
0.860 0.160  49.012151307844796
0.860 0.180  49.012151307844796
0.860 0.200  49.16638552492411
0.860 0.220  48.76570708856935
0.860 0.240  48.76570708856935
0.860 0.260  48.76517387268335
0.860 0.280  48.79897455737643
0.860 0.300  48.79897455737643
0.860 0.320  48.79897455737643
0.860 0.340  48.78911878188563
0.860 0.360  48.78911878188563
0.860 0.380  49.16083674277418
0.860 0.400  48.900164007588856
0.860 0.420  48.900164007588856
0.860 0.440  48.900164007588856
0.860 0.460  48.900164007588856
0.860 0.480  48.900164007588856
0.860 0.500  48.900164007588856
0.860 0.520  48.900164007588856
0.860 0.540  48.900164007588856
0.860 0.560  48.900164007588856
0.860 0.580  48.900164007588856
0.860 0.600  49.09425110345153
0.860 0.620  49.09425110345153
0.860 0.640  49.06481001390112
0.860 0.660  49.06481001390112
0.860 0.680  49.04422530273033
0.860 0.700  49.04422530273033
0.860 0.720  49.04422530273033
0.860 0.740  49.04422530273033
0.860 0.760  49.04422530273033
0.860 0.780  49.04422530273033
0.860 0.800  49.04422530273033
0.860 0.820  49.03989929202367
0.860 0.840  49.03989929202367
0.860 0.860  49.03989929202367
0.860 0.880  49.03989929202367
0.860 0.900  49.036375131338204
0.860 0.920  49.036375131338204
0.860 0.940  49.036375131338204
0.860 0.960  49.036375131338204
0.860 0.980  49.036375131338204
0.860 1.000  49.036375131338204
0.880 0.020  49.012151307844796
0.880 0.040  49.012151307844796
0.880 0.060  49.012151307844796
0.880 0.080  49.012151307844796
0.880 0.100  49.012151307844796
0.880 0.120  49.012151307844796
0.880 0.140  49.012151307844796
0.880 0.160  49.012151307844796
0.880 0.180  49.012151307844796
0.880 0.200  49.16638552492411
0.880 0.220  48.76570708856935
0.880 0.240  48.76570708856935
0.880 0.260  48.76517387268335
0.880 0.280  48.79897455737643
0.880 0.300  48.79897455737643
0.880 0.320  48.79897455737643
0.880 0.340  48.78911878188563
0.880 0.360  48.78911878188563
0.880 0.380  49.16083674277418
0.880 0.400  48.900164007588856
0.880 0.420  48.900164007588856
0.880 0.440  48.900164007588856
0.880 0.460  48.900164007588856
0.880 0.480  48.900164007588856
0.880 0.500  48.900164007588856
0.880 0.520  48.900164007588856
0.880 0.540  48.900164007588856
0.880 0.560  48.900164007588856
0.880 0.580  48.900164007588856
0.880 0.600  49.09425110345153
0.880 0.620  49.09425110345153
0.880 0.640  49.06481001390112
0.880 0.660  49.06481001390112
0.880 0.680  49.04422530273033
0.880 0.700  49.04422530273033
0.880 0.720  49.04422530273033
0.880 0.740  49.04422530273033
0.880 0.760  49.04422530273033
0.880 0.780  49.04422530273033
0.880 0.800  49.04422530273033
0.880 0.820  49.03989929202367
0.880 0.840  49.03989929202367
0.880 0.860  49.03989929202367
0.880 0.880  49.03989929202367
0.880 0.900  49.036375131338204
0.880 0.920  49.036375131338204
0.880 0.940  49.036375131338204
0.880 0.960  49.036375131338204
0.880 0.980  49.036375131338204
0.880 1.000  49.036375131338204
0.900 0.020  49.012151307844796
0.900 0.040  49.012151307844796
0.900 0.060  49.012151307844796
0.900 0.080  49.012151307844796
0.900 0.100  49.012151307844796
0.900 0.120  49.012151307844796
0.900 0.140  49.012151307844796
0.900 0.160  49.012151307844796
0.900 0.180  49.012151307844796
0.900 0.200  49.16638552492411
0.900 0.220  48.76570708856935
0.900 0.240  48.76570708856935
0.900 0.260  48.76517387268335
0.900 0.280  48.79897455737643
0.900 0.300  48.79897455737643
0.900 0.320  48.79897455737643
0.900 0.340  48.78911878188563
0.900 0.360  48.78911878188563
0.900 0.380  49.16083674277418
0.900 0.400  48.900164007588856
0.900 0.420  48.900164007588856
0.900 0.440  48.900164007588856
0.900 0.460  48.900164007588856
0.900 0.480  48.900164007588856
0.900 0.500  48.900164007588856
0.900 0.520  48.900164007588856
0.900 0.540  48.900164007588856
0.900 0.560  48.900164007588856
0.900 0.580  48.900164007588856
0.900 0.600  49.09425110345153
0.900 0.620  49.09425110345153
0.900 0.640  49.06481001390112
0.900 0.660  49.06481001390112
0.900 0.680  49.04422530273033
0.900 0.700  49.04422530273033
0.900 0.720  49.04422530273033
0.900 0.740  49.04422530273033
0.900 0.760  49.04422530273033
0.900 0.780  49.04422530273033
0.900 0.800  49.04422530273033
0.900 0.820  49.03989929202367
0.900 0.840  49.03989929202367
0.900 0.860  49.03989929202367
0.900 0.880  49.03989929202367
0.900 0.900  49.036375131338204
0.900 0.920  49.036375131338204
0.900 0.940  49.036375131338204
0.900 0.960  49.036375131338204
0.900 0.980  49.036375131338204
0.900 1.000  49.036375131338204
0.920 0.020  49.012151307844796
0.920 0.040  49.012151307844796
0.920 0.060  49.012151307844796
0.920 0.080  49.012151307844796
0.920 0.100  49.012151307844796
0.920 0.120  49.012151307844796
0.920 0.140  49.012151307844796
0.920 0.160  49.012151307844796
0.920 0.180  49.012151307844796
0.920 0.200  49.16638552492411
0.920 0.220  48.76570708856935
0.920 0.240  48.76570708856935
0.920 0.260  48.76517387268335
0.920 0.280  48.79897455737643
0.920 0.300  48.79897455737643
0.920 0.320  48.79897455737643
0.920 0.340  48.78911878188563
0.920 0.360  48.78911878188563
0.920 0.380  49.16083674277418
0.920 0.400  48.900164007588856
0.920 0.420  48.900164007588856
0.920 0.440  48.900164007588856
0.920 0.460  48.900164007588856
0.920 0.480  48.900164007588856
0.920 0.500  48.900164007588856
0.920 0.520  48.900164007588856
0.920 0.540  48.900164007588856
0.920 0.560  48.900164007588856
0.920 0.580  48.900164007588856
0.920 0.600  49.09425110345153
0.920 0.620  49.09425110345153
0.920 0.640  49.06481001390112
0.920 0.660  49.06481001390112
0.920 0.680  49.04422530273033
0.920 0.700  49.04422530273033
0.920 0.720  49.04422530273033
0.920 0.740  49.04422530273033
0.920 0.760  49.04422530273033
0.920 0.780  49.04422530273033
0.920 0.800  49.04422530273033
0.920 0.820  49.03989929202367
0.920 0.840  49.03989929202367
0.920 0.860  49.03989929202367
0.920 0.880  49.03989929202367
0.920 0.900  49.036375131338204
0.920 0.920  49.036375131338204
0.920 0.940  49.036375131338204
0.920 0.960  49.036375131338204
0.920 0.980  49.036375131338204
0.920 1.000  49.036375131338204
0.940 0.020  49.012151307844796
0.940 0.040  49.012151307844796
0.940 0.060  49.012151307844796
0.940 0.080  49.012151307844796
0.940 0.100  49.012151307844796
0.940 0.120  49.012151307844796
0.940 0.140  49.012151307844796
0.940 0.160  49.012151307844796
0.940 0.180  49.012151307844796
0.940 0.200  49.16638552492411
0.940 0.220  48.76570708856935
0.940 0.240  48.76570708856935
0.940 0.260  48.76517387268335
0.940 0.280  48.79897455737643
0.940 0.300  48.79897455737643
0.940 0.320  48.79897455737643
0.940 0.340  48.78911878188563
0.940 0.360  48.78911878188563
0.940 0.380  49.16083674277418
0.940 0.400  48.900164007588856
0.940 0.420  48.900164007588856
0.940 0.440  48.900164007588856
0.940 0.460  48.900164007588856
0.940 0.480  48.900164007588856
0.940 0.500  48.900164007588856
0.940 0.520  48.900164007588856
0.940 0.540  48.900164007588856
0.940 0.560  48.900164007588856
0.940 0.580  48.900164007588856
0.940 0.600  49.09425110345153
0.940 0.620  49.09425110345153
0.940 0.640  49.06481001390112
0.940 0.660  49.06481001390112
0.940 0.680  49.04422530273033
0.940 0.700  49.04422530273033
0.940 0.720  49.04422530273033
0.940 0.740  49.04422530273033
0.940 0.760  49.04422530273033
0.940 0.780  49.04422530273033
0.940 0.800  49.04422530273033
0.940 0.820  49.03989929202367
0.940 0.840  49.03989929202367
0.940 0.860  49.03989929202367
0.940 0.880  49.03989929202367
0.940 0.900  49.036375131338204
0.940 0.920  49.036375131338204
0.940 0.940  49.036375131338204
0.940 0.960  49.036375131338204
0.940 0.980  49.036375131338204
0.940 1.000  49.036375131338204
0.960 0.020  49.012151307844796
0.960 0.040  49.012151307844796
0.960 0.060  49.012151307844796
0.960 0.080  49.012151307844796
0.960 0.100  49.012151307844796
0.960 0.120  49.012151307844796
0.960 0.140  49.012151307844796
0.960 0.160  49.012151307844796
0.960 0.180  49.012151307844796
0.960 0.200  49.16638552492411
0.960 0.220  48.76570708856935
0.960 0.240  48.76570708856935
0.960 0.260  48.76517387268335
0.960 0.280  48.79897455737643
0.960 0.300  48.79897455737643
0.960 0.320  48.79897455737643
0.960 0.340  48.78911878188563
0.960 0.360  48.78911878188563
0.960 0.380  49.16083674277418
0.960 0.400  48.900164007588856
0.960 0.420  48.900164007588856
0.960 0.440  48.900164007588856
0.960 0.460  48.900164007588856
0.960 0.480  48.900164007588856
0.960 0.500  48.900164007588856
0.960 0.520  48.900164007588856
0.960 0.540  48.900164007588856
0.960 0.560  48.900164007588856
0.960 0.580  48.900164007588856
0.960 0.600  49.09425110345153
0.960 0.620  49.09425110345153
0.960 0.640  49.06481001390112
0.960 0.660  49.06481001390112
0.960 0.680  49.04422530273033
0.960 0.700  49.04422530273033
0.960 0.720  49.04422530273033
0.960 0.740  49.04422530273033
0.960 0.760  49.04422530273033
0.960 0.780  49.04422530273033
0.960 0.800  49.04422530273033
0.960 0.820  49.03989929202367
0.960 0.840  49.03989929202367
0.960 0.860  49.03989929202367
0.960 0.880  49.03989929202367
0.960 0.900  49.036375131338204
0.960 0.920  49.036375131338204
0.960 0.940  49.036375131338204
0.960 0.960  49.036375131338204
0.960 0.980  49.036375131338204
0.960 1.000  49.036375131338204
0.980 0.020  49.012151307844796
0.980 0.040  49.012151307844796
0.980 0.060  49.012151307844796
0.980 0.080  49.012151307844796
0.980 0.100  49.012151307844796
0.980 0.120  49.012151307844796
0.980 0.140  49.012151307844796
0.980 0.160  49.012151307844796
0.980 0.180  49.012151307844796
0.980 0.200  49.16638552492411
0.980 0.220  48.76570708856935
0.980 0.240  48.76570708856935
0.980 0.260  48.76517387268335
0.980 0.280  48.79897455737643
0.980 0.300  48.79897455737643
0.980 0.320  48.79897455737643
0.980 0.340  48.78911878188563
0.980 0.360  48.78911878188563
0.980 0.380  49.16083674277418
0.980 0.400  48.900164007588856
0.980 0.420  48.900164007588856
0.980 0.440  48.900164007588856
0.980 0.460  48.900164007588856
0.980 0.480  48.900164007588856
0.980 0.500  48.900164007588856
0.980 0.520  48.900164007588856
0.980 0.540  48.900164007588856
0.980 0.560  48.900164007588856
0.980 0.580  48.900164007588856
0.980 0.600  49.09425110345153
0.980 0.620  49.09425110345153
0.980 0.640  49.06481001390112
0.980 0.660  49.06481001390112
0.980 0.680  49.04422530273033
0.980 0.700  49.04422530273033
0.980 0.720  49.04422530273033
0.980 0.740  49.04422530273033
0.980 0.760  49.04422530273033
0.980 0.780  49.04422530273033
0.980 0.800  49.04422530273033
0.980 0.820  49.03989929202367
0.980 0.840  49.03989929202367
0.980 0.860  49.03989929202367
0.980 0.880  49.03989929202367
0.980 0.900  49.036375131338204
0.980 0.920  49.036375131338204
0.980 0.940  49.036375131338204
0.980 0.960  49.036375131338204
0.980 0.980  49.036375131338204
0.980 1.000  49.036375131338204
1.000 0.020  49.012151307844796
1.000 0.040  49.012151307844796
1.000 0.060  49.012151307844796
1.000 0.080  49.012151307844796
1.000 0.100  49.012151307844796
1.000 0.120  49.012151307844796
1.000 0.140  49.012151307844796
1.000 0.160  49.012151307844796
1.000 0.180  49.012151307844796
1.000 0.200  49.16638552492411
1.000 0.220  48.76570708856935
1.000 0.240  48.76570708856935
1.000 0.260  48.76517387268335
1.000 0.280  48.79897455737643
1.000 0.300  48.79897455737643
1.000 0.320  48.79897455737643
1.000 0.340  48.78911878188563
1.000 0.360  48.78911878188563
1.000 0.380  49.16083674277418
1.000 0.400  48.900164007588856
1.000 0.420  48.900164007588856
1.000 0.440  48.900164007588856
1.000 0.460  48.900164007588856
1.000 0.480  48.900164007588856
1.000 0.500  48.900164007588856
1.000 0.520  48.900164007588856
1.000 0.540  48.900164007588856
1.000 0.560  48.900164007588856
1.000 0.580  48.900164007588856
1.000 0.600  49.09425110345153
1.000 0.620  49.09425110345153
1.000 0.640  49.06481001390112
1.000 0.660  49.06481001390112
1.000 0.680  49.04422530273033
1.000 0.700  49.04422530273033
1.000 0.720  49.04422530273033
1.000 0.740  49.04422530273033
1.000 0.760  49.04422530273033
1.000 0.780  49.04422530273033
1.000 0.800  49.04422530273033
1.000 0.820  49.03989929202367
1.000 0.840  49.03989929202367
1.000 0.860  49.03989929202367
1.000 0.880  49.03989929202367
1.000 0.900  49.036375131338204
1.000 0.920  49.036375131338204
1.000 0.940  49.036375131338204
1.000 0.960  49.036375131338204
1.000 0.980  49.036375131338204
1.000 1.000  49.036375131338204
