0.020 0.020 0.3956276825053087
0.020 0.040 0.3956276825053087
0.020 0.060 0.3956276825053087
0.020 0.080 0.3956276825053087
0.020 0.100 0.3956276825053087
0.020 0.120 0.3956276825053087
0.020 0.140 0.3956276825053087
0.020 0.160 0.3956276825053087
0.020 0.180 0.3956276825053087
0.020 0.200 0.3902644859530355
0.020 0.220 0.37970278271739744
0.020 0.240 0.37970278271739744
0.020 0.260 0.39022969487139464
0.020 0.280 0.3801517808849203
0.020 0.300 0.3801517808849203
0.020 0.320 0.3801517808849203
0.020 0.340 0.38062492830294653
0.020 0.360 0.38062492830294653
0.020 0.380 0.38083714222354775
0.020 0.400 0.39948697870276534
0.020 0.420 0.39948697870276534
0.020 0.440 0.39948697870276534
0.020 0.460 0.39948697870276534
0.020 0.480 0.39948697870276534
0.020 0.500 0.39948697870276534
0.020 0.520 0.39948697870276534
0.020 0.540 0.39948697870276534
0.020 0.560 0.39948697870276534
0.020 0.580 0.39948697870276534
0.020 0.600 0.39948697870276534
0.020 0.620 0.39948697870276534
0.020 0.640 0.39948697870276534
0.020 0.660 0.39948697870276534
0.020 0.680 0.3977744738368037
0.020 0.700 0.3977744738368037
0.020 0.720 0.3977744738368037
0.020 0.740 0.3977744738368037
0.020 0.760 0.3977744738368037
0.020 0.780 0.3977744738368037
0.020 0.800 0.3977744738368037
0.020 0.820 0.4001859677404399
0.020 0.840 0.4001859677404399
0.020 0.860 0.4001859677404399
0.020 0.880 0.4001859677404399
0.020 0.900 0.4001859677404399
0.020 0.920 0.39953928558365587
0.020 0.940 0.39953928558365587
0.020 0.960 0.39953928558365587
0.020 0.980 0.39953928558365587
0.020 1.000 0.39992415761404854
0.040 0.020 0.4090470346839377
0.040 0.040 0.4090470346839377
0.040 0.060 0.4090470346839377
0.040 0.080 0.4090470346839377
0.040 0.100 0.4090470346839377
0.040 0.120 0.4090470346839377
0.040 0.140 0.4090470346839377
0.040 0.160 0.4090470346839377
0.040 0.180 0.4090470346839377
0.040 0.200 0.3896641392219918
0.040 0.220 0.383704895399926
0.040 0.240 0.3844065762086473
0.040 0.260 0.3846068379610702
0.040 0.280 0.40672232552235915
0.040 0.300 0.40672232552235915
0.040 0.320 0.40672232552235915
0.040 0.340 0.40672232552235915
0.040 0.360 0.40672232552235915
0.040 0.380 0.40593403786484517
0.040 0.400 0.40593403786484517
0.040 0.420 0.40593403786484517
0.040 0.440 0.40593403786484517
0.040 0.460 0.40593403786484517
0.040 0.480 0.40593403786484517
0.040 0.500 0.40593403786484517
0.040 0.520 0.40593403786484517
0.040 0.540 0.40593403786484517
0.040 0.560 0.40593403786484517
0.040 0.580 0.40593403786484517
0.040 0.600 0.40593403786484517
0.040 0.620 0.40593403786484517
0.040 0.640 0.40593403786484517
0.040 0.660 0.40593403786484517
0.040 0.680 0.3977744738368037
0.040 0.700 0.3977744738368037
0.040 0.720 0.3977744738368037
0.040 0.740 0.3977744738368037
0.040 0.760 0.3977744738368037
0.040 0.780 0.3977744738368037
0.040 0.800 0.3977744738368037
0.040 0.820 0.4001859677404399
0.040 0.840 0.4001859677404399
0.040 0.860 0.4001859677404399
0.040 0.880 0.4001859677404399
0.040 0.900 0.4001859677404399
0.040 0.920 0.39953928558365587
0.040 0.940 0.39953928558365587
0.040 0.960 0.39953928558365587
0.040 0.980 0.39953928558365587
0.040 1.000 0.40192415761404854
0.060 0.020 0.40965684779867273
0.060 0.040 0.40965684779867273
0.060 0.060 0.40965684779867273
0.060 0.080 0.40965684779867273
0.060 0.100 0.40965684779867273
0.060 0.120 0.40965684779867273
0.060 0.140 0.40965684779867273
0.060 0.160 0.40965684779867273
0.060 0.180 0.40965684779867273
0.060 0.200 0.39341532151103026
0.060 0.220 0.40048044044346753
0.060 0.240 0.401327706591212
0.060 0.260 0.39820834001106853
0.060 0.280 0.4032765191623496
0.060 0.300 0.4032765191623496
0.060 0.320 0.4032765191623496
0.060 0.340 0.4032765191623496
0.060 0.360 0.4032765191623496
0.060 0.380 0.4033607327239552
0.060 0.400 0.4033607327239552
0.060 0.420 0.4033607327239552
0.060 0.440 0.4033607327239552
0.060 0.460 0.4033607327239552
0.060 0.480 0.4033607327239552
0.060 0.500 0.4033607327239552
0.060 0.520 0.4033607327239552
0.060 0.540 0.4033607327239552
0.060 0.560 0.4033607327239552
0.060 0.580 0.4033607327239552
0.060 0.600 0.403902794120679
0.060 0.620 0.403902794120679
0.060 0.640 0.403902794120679
0.060 0.660 0.403902794120679
0.060 0.680 0.3999475737957999
0.060 0.700 0.3999475737957999
0.060 0.720 0.3999475737957999
0.060 0.740 0.3999475737957999
0.060 0.760 0.3999475737957999
0.060 0.780 0.3999475737957999
0.060 0.800 0.3999475737957999
0.060 0.820 0.4021859677404399
0.060 0.840 0.4021859677404399
0.060 0.860 0.4021859677404399
0.060 0.880 0.4021859677404399
0.060 0.900 0.4021859677404399
0.060 0.920 0.40153928558365587
0.060 0.940 0.40153928558365587
0.060 0.960 0.40153928558365587
0.060 0.980 0.40153928558365587
0.060 1.000 0.40392415761404854
0.080 0.020 0.4048555843861642
0.080 0.040 0.4048555843861642
0.080 0.060 0.4048555843861642
0.080 0.080 0.4048555843861642
0.080 0.100 0.4048555843861642
0.080 0.120 0.4048555843861642
0.080 0.140 0.4048555843861642
0.080 0.160 0.4048555843861642
0.080 0.180 0.4048555843861642
0.080 0.200 0.39341532151103026
0.080 0.220 0.40048044044346753
0.080 0.240 0.401327706591212
0.080 0.260 0.4024812383739754
0.080 0.280 0.4032765191623496
0.080 0.300 0.4032765191623496
0.080 0.320 0.4032765191623496
0.080 0.340 0.4032765191623496
0.080 0.360 0.4032765191623496
0.080 0.380 0.4033607327239552
0.080 0.400 0.4033607327239552
0.080 0.420 0.4033607327239552
0.080 0.440 0.4033607327239552
0.080 0.460 0.4033607327239552
0.080 0.480 0.4033607327239552
0.080 0.500 0.4033607327239552
0.080 0.520 0.4033607327239552
0.080 0.540 0.4033607327239552
0.080 0.560 0.4033607327239552
0.080 0.580 0.4033607327239552
0.080 0.600 0.403902794120679
0.080 0.620 0.403902794120679
0.080 0.640 0.403902794120679
0.080 0.660 0.403902794120679
0.080 0.680 0.40414567461972245
0.080 0.700 0.40414567461972245
0.080 0.720 0.40414567461972245
0.080 0.740 0.40414567461972245
0.080 0.760 0.40414567461972245
0.080 0.780 0.40414567461972245
0.080 0.800 0.40414567461972245
0.080 0.820 0.4018545151528648
0.080 0.840 0.4018545151528648
0.080 0.860 0.4018545151528648
0.080 0.880 0.4018545151528648
0.080 0.900 0.4018545151528648
0.080 0.920 0.40392415761404854
0.080 0.940 0.40392415761404854
0.080 0.960 0.40392415761404854
0.080 0.980 0.40392415761404854
0.080 1.000 0.40392415761404854
0.100 0.020 0.4048555843861642
0.100 0.040 0.4048555843861642
0.100 0.060 0.4048555843861642
0.100 0.080 0.4048555843861642
0.100 0.100 0.4048555843861642
0.100 0.120 0.4048555843861642
0.100 0.140 0.4048555843861642
0.100 0.160 0.4048555843861642
0.100 0.180 0.4048555843861642
0.100 0.200 0.39941532151103026
0.100 0.220 0.40048044044346753
0.100 0.240 0.401327706591212
0.100 0.260 0.4024812383739754
0.100 0.280 0.4032765191623496
0.100 0.300 0.4032765191623496
0.100 0.320 0.4032765191623496
0.100 0.340 0.4032765191623496
0.100 0.360 0.4032765191623496
0.100 0.380 0.403902794120679
0.100 0.400 0.403902794120679
0.100 0.420 0.403902794120679
0.100 0.440 0.403902794120679
0.100 0.460 0.403902794120679
0.100 0.480 0.403902794120679
0.100 0.500 0.403902794120679
0.100 0.520 0.403902794120679
0.100 0.540 0.403902794120679
0.100 0.560 0.403902794120679
0.100 0.580 0.403902794120679
0.100 0.600 0.403902794120679
0.100 0.620 0.403902794120679
0.100 0.640 0.403902794120679
0.100 0.660 0.403902794120679
0.100 0.680 0.403573728634554
0.100 0.700 0.403573728634554
0.100 0.720 0.403573728634554
0.100 0.740 0.403573728634554
0.100 0.760 0.403573728634554
0.100 0.780 0.403573728634554
0.100 0.800 0.403573728634554
0.100 0.820 0.4028318997532241
0.100 0.840 0.4028318997532241
0.100 0.860 0.4028318997532241
0.100 0.880 0.4028318997532241
0.100 0.900 0.4028318997532241
0.100 0.920 0.4060363036952882
0.100 0.940 0.4060363036952882
0.100 0.960 0.4060363036952882
0.100 0.980 0.4060363036952882
0.100 1.000 0.4060363036952882
0.120 0.020 0.4048555843861642
0.120 0.040 0.4048555843861642
0.120 0.060 0.4048555843861642
0.120 0.080 0.4048555843861642
0.120 0.100 0.4048555843861642
0.120 0.120 0.4048555843861642
0.120 0.140 0.4048555843861642
0.120 0.160 0.4048555843861642
0.120 0.180 0.4048555843861642
0.120 0.200 0.3974165387198331
0.120 0.220 0.40448044044346754
0.120 0.240 0.401327706591212
0.120 0.260 0.4024812383739754
0.120 0.280 0.4032765191623496
0.120 0.300 0.4032765191623496
0.120 0.320 0.4032765191623496
0.120 0.340 0.4032765191623496
0.120 0.360 0.4032765191623496
0.120 0.380 0.403902794120679
0.120 0.400 0.403902794120679
0.120 0.420 0.403902794120679
0.120 0.440 0.403902794120679
0.120 0.460 0.403902794120679
0.120 0.480 0.403902794120679
0.120 0.500 0.403902794120679
0.120 0.520 0.403902794120679
0.120 0.540 0.403902794120679
0.120 0.560 0.403902794120679
0.120 0.580 0.403902794120679
0.120 0.600 0.403902794120679
0.120 0.620 0.403902794120679
0.120 0.640 0.403902794120679
0.120 0.660 0.403902794120679
0.120 0.680 0.403573728634554
0.120 0.700 0.403573728634554
0.120 0.720 0.403573728634554
0.120 0.740 0.403573728634554
0.120 0.760 0.403573728634554
0.120 0.780 0.403573728634554
0.120 0.800 0.403573728634554
0.120 0.820 0.4028318997532241
0.120 0.840 0.4028318997532241
0.120 0.860 0.4028318997532241
0.120 0.880 0.4028318997532241
0.120 0.900 0.4028318997532241
0.120 0.920 0.4060363036952882
0.120 0.940 0.4060363036952882
0.120 0.960 0.4060363036952882
0.120 0.980 0.4060363036952882
0.120 1.000 0.4060363036952882
0.140 0.020 0.4048555843861642
0.140 0.040 0.4048555843861642
0.140 0.060 0.4048555843861642
0.140 0.080 0.4048555843861642
0.140 0.100 0.4048555843861642
0.140 0.120 0.4048555843861642
0.140 0.140 0.4048555843861642
0.140 0.160 0.4048555843861642
0.140 0.180 0.4048555843861642
0.140 0.200 0.3974165387198331
0.140 0.220 0.4026134748248486
0.140 0.240 0.405327706591212
0.140 0.260 0.4024812383739754
0.140 0.280 0.4032765191623496
0.140 0.300 0.4032765191623496
0.140 0.320 0.4032765191623496
0.140 0.340 0.4032765191623496
0.140 0.360 0.4032765191623496
0.140 0.380 0.403902794120679
0.140 0.400 0.403902794120679
0.140 0.420 0.403902794120679
0.140 0.440 0.403902794120679
0.140 0.460 0.403902794120679
0.140 0.480 0.403902794120679
0.140 0.500 0.403902794120679
0.140 0.520 0.403902794120679
0.140 0.540 0.403902794120679
0.140 0.560 0.403902794120679
0.140 0.580 0.403902794120679
0.140 0.600 0.403902794120679
0.140 0.620 0.403902794120679
0.140 0.640 0.403902794120679
0.140 0.660 0.403902794120679
0.140 0.680 0.403573728634554
0.140 0.700 0.403573728634554
0.140 0.720 0.403573728634554
0.140 0.740 0.403573728634554
0.140 0.760 0.403573728634554
0.140 0.780 0.403573728634554
0.140 0.800 0.403573728634554
0.140 0.820 0.4028318997532241
0.140 0.840 0.4028318997532241
0.140 0.860 0.4028318997532241
0.140 0.880 0.4028318997532241
0.140 0.900 0.4028318997532241
0.140 0.920 0.4060363036952882
0.140 0.940 0.4060363036952882
0.140 0.960 0.4060363036952882
0.140 0.980 0.4060363036952882
0.140 1.000 0.4060363036952882
0.160 0.020 0.4048555843861642
0.160 0.040 0.4048555843861642
0.160 0.060 0.4048555843861642
0.160 0.080 0.4048555843861642
0.160 0.100 0.4048555843861642
0.160 0.120 0.4048555843861642
0.160 0.140 0.4048555843861642
0.160 0.160 0.4048555843861642
0.160 0.180 0.4048555843861642
0.160 0.200 0.3974165387198331
0.160 0.220 0.4026134748248486
0.160 0.240 0.405327706591212
0.160 0.260 0.40648123837397543
0.160 0.280 0.4032765191623496
0.160 0.300 0.4032765191623496
0.160 0.320 0.4032765191623496
0.160 0.340 0.4032765191623496
0.160 0.360 0.4032765191623496
0.160 0.380 0.403902794120679
0.160 0.400 0.403902794120679
0.160 0.420 0.403902794120679
0.160 0.440 0.403902794120679
0.160 0.460 0.403902794120679
0.160 0.480 0.403902794120679
0.160 0.500 0.403902794120679
0.160 0.520 0.403902794120679
0.160 0.540 0.403902794120679
0.160 0.560 0.403902794120679
0.160 0.580 0.403902794120679
0.160 0.600 0.403902794120679
0.160 0.620 0.403902794120679
0.160 0.640 0.403902794120679
0.160 0.660 0.403902794120679
0.160 0.680 0.4059858761212588
0.160 0.700 0.4059858761212588
0.160 0.720 0.4059858761212588
0.160 0.740 0.4059858761212588
0.160 0.760 0.4059858761212588
0.160 0.780 0.4059858761212588
0.160 0.800 0.4059858761212588
0.160 0.820 0.4028318997532241
0.160 0.840 0.4028318997532241
0.160 0.860 0.4028318997532241
0.160 0.880 0.4028318997532241
0.160 0.900 0.4028318997532241
0.160 0.920 0.4060363036952882
0.160 0.940 0.4060363036952882
0.160 0.960 0.4060363036952882
0.160 0.980 0.4060363036952882
0.160 1.000 0.4060363036952882
0.180 0.020 0.4048555843861642
0.180 0.040 0.4048555843861642
0.180 0.060 0.4048555843861642
0.180 0.080 0.4048555843861642
0.180 0.100 0.4048555843861642
0.180 0.120 0.4048555843861642
0.180 0.140 0.4048555843861642
0.180 0.160 0.4048555843861642
0.180 0.180 0.4048555843861642
0.180 0.200 0.3974165387198331
0.180 0.220 0.4026134748248486
0.180 0.240 0.405327706591212
0.180 0.260 0.40648123837397543
0.180 0.280 0.4032765191623496
0.180 0.300 0.4032765191623496
0.180 0.320 0.4032765191623496
0.180 0.340 0.4032765191623496
0.180 0.360 0.4032765191623496
0.180 0.380 0.403902794120679
0.180 0.400 0.403902794120679
0.180 0.420 0.403902794120679
0.180 0.440 0.403902794120679
0.180 0.460 0.403902794120679
0.180 0.480 0.403902794120679
0.180 0.500 0.403902794120679
0.180 0.520 0.403902794120679
0.180 0.540 0.403902794120679
0.180 0.560 0.403902794120679
0.180 0.580 0.403902794120679
0.180 0.600 0.403902794120679
0.180 0.620 0.403902794120679
0.180 0.640 0.403902794120679
0.180 0.660 0.403902794120679
0.180 0.680 0.4059858761212588
0.180 0.700 0.4059858761212588
0.180 0.720 0.4059858761212588
0.180 0.740 0.4059858761212588
0.180 0.760 0.4059858761212588
0.180 0.780 0.4059858761212588
0.180 0.800 0.4059858761212588
0.180 0.820 0.4048318997532241
0.180 0.840 0.4048318997532241
0.180 0.860 0.4048318997532241
0.180 0.880 0.4048318997532241
0.180 0.900 0.4048318997532241
0.180 0.920 0.4060363036952882
0.180 0.940 0.4060363036952882
0.180 0.960 0.4060363036952882
0.180 0.980 0.4060363036952882
0.180 1.000 0.4060363036952882
0.200 0.020 0.407059740266408
0.200 0.040 0.407059740266408
0.200 0.060 0.407059740266408
0.200 0.080 0.407059740266408
0.200 0.100 0.407059740266408
0.200 0.120 0.407059740266408
0.200 0.140 0.407059740266408
0.200 0.160 0.407059740266408
0.200 0.180 0.407059740266408
0.200 0.200 0.398506985273339
0.200 0.220 0.4034190689424614
0.200 0.240 0.404038709836672
0.200 0.260 0.4046810571809826
0.200 0.280 0.40477717799153223
0.200 0.300 0.40477717799153223
0.200 0.320 0.40477717799153223
0.200 0.340 0.40477717799153223
0.200 0.360 0.40477717799153223
0.200 0.380 0.4047167909703696
0.200 0.400 0.4047167909703696
0.200 0.420 0.4047167909703696
0.200 0.440 0.4047167909703696
0.200 0.460 0.4047167909703696
0.200 0.480 0.4047167909703696
0.200 0.500 0.4047167909703696
0.200 0.520 0.4047167909703696
0.200 0.540 0.4047167909703696
0.200 0.560 0.4047167909703696
0.200 0.580 0.4047167909703696
0.200 0.600 0.4047167909703696
0.200 0.620 0.4047167909703696
0.200 0.640 0.4047167909703696
0.200 0.660 0.4047167909703696
0.200 0.680 0.40492091192354507
0.200 0.700 0.40492091192354507
0.200 0.720 0.40492091192354507
0.200 0.740 0.40492091192354507
0.200 0.760 0.40492091192354507
0.200 0.780 0.40492091192354507
0.200 0.800 0.40492091192354507
0.200 0.820 0.40369407017685777
0.200 0.840 0.40369407017685777
0.200 0.860 0.40369407017685777
0.200 0.880 0.40369407017685777
0.200 0.900 0.40369407017685777
0.200 0.920 0.4047576773967994
0.200 0.940 0.4047576773967994
0.200 0.960 0.4047576773967994
0.200 0.980 0.4047576773967994
0.200 1.000 0.4047576773967994
0.220 0.020 0.407059740266408
0.220 0.040 0.407059740266408
0.220 0.060 0.407059740266408
0.220 0.080 0.407059740266408
0.220 0.100 0.407059740266408
0.220 0.120 0.407059740266408
0.220 0.140 0.407059740266408
0.220 0.160 0.407059740266408
0.220 0.180 0.407059740266408
0.220 0.200 0.398506985273339
0.220 0.220 0.4034190689424614
0.220 0.240 0.404038709836672
0.220 0.260 0.4046810571809826
0.220 0.280 0.40477717799153223
0.220 0.300 0.40477717799153223
0.220 0.320 0.40477717799153223
0.220 0.340 0.40477717799153223
0.220 0.360 0.40477717799153223
0.220 0.380 0.4047167909703696
0.220 0.400 0.4047167909703696
0.220 0.420 0.4047167909703696
0.220 0.440 0.4047167909703696
0.220 0.460 0.4047167909703696
0.220 0.480 0.4047167909703696
0.220 0.500 0.4047167909703696
0.220 0.520 0.4047167909703696
0.220 0.540 0.4047167909703696
0.220 0.560 0.4047167909703696
0.220 0.580 0.4047167909703696
0.220 0.600 0.4047167909703696
0.220 0.620 0.4047167909703696
0.220 0.640 0.4047167909703696
0.220 0.660 0.4047167909703696
0.220 0.680 0.40492091192354507
0.220 0.700 0.40492091192354507
0.220 0.720 0.40492091192354507
0.220 0.740 0.40492091192354507
0.220 0.760 0.40492091192354507
0.220 0.780 0.40492091192354507
0.220 0.800 0.40492091192354507
0.220 0.820 0.40369407017685777
0.220 0.840 0.40369407017685777
0.220 0.860 0.40369407017685777
0.220 0.880 0.40369407017685777
0.220 0.900 0.40369407017685777
0.220 0.920 0.4047576773967994
0.220 0.940 0.4047576773967994
0.220 0.960 0.4047576773967994
0.220 0.980 0.4047576773967994
0.220 1.000 0.4047576773967994
0.240 0.020 0.411059740266408
0.240 0.040 0.411059740266408
0.240 0.060 0.411059740266408
0.240 0.080 0.411059740266408
0.240 0.100 0.411059740266408
0.240 0.120 0.411059740266408
0.240 0.140 0.411059740266408
0.240 0.160 0.411059740266408
0.240 0.180 0.411059740266408
0.240 0.200 0.402506985273339
0.240 0.220 0.4074190689424614
0.240 0.240 0.408038709836672
0.240 0.260 0.4086810571809826
0.240 0.280 0.40877717799153224
0.240 0.300 0.40877717799153224
0.240 0.320 0.40877717799153224
0.240 0.340 0.40877717799153224
0.240 0.360 0.40877717799153224
0.240 0.380 0.4087167909703696
0.240 0.400 0.4087167909703696
0.240 0.420 0.4087167909703696
0.240 0.440 0.4087167909703696
0.240 0.460 0.4087167909703696
0.240 0.480 0.4087167909703696
0.240 0.500 0.4087167909703696
0.240 0.520 0.4087167909703696
0.240 0.540 0.4087167909703696
0.240 0.560 0.4087167909703696
0.240 0.580 0.4087167909703696
0.240 0.600 0.4087167909703696
0.240 0.620 0.4087167909703696
0.240 0.640 0.4087167909703696
0.240 0.660 0.4087167909703696
0.240 0.680 0.40492091192354507
0.240 0.700 0.40492091192354507
0.240 0.720 0.40492091192354507
0.240 0.740 0.40492091192354507
0.240 0.760 0.40492091192354507
0.240 0.780 0.40492091192354507
0.240 0.800 0.40492091192354507
0.240 0.820 0.40369407017685777
0.240 0.840 0.40369407017685777
0.240 0.860 0.40369407017685777
0.240 0.880 0.40369407017685777
0.240 0.900 0.40369407017685777
0.240 0.920 0.4047576773967994
0.240 0.940 0.4047576773967994
0.240 0.960 0.4047576773967994
0.240 0.980 0.4047576773967994
0.240 1.000 0.4047576773967994
0.260 0.020 0.411059740266408
0.260 0.040 0.411059740266408
0.260 0.060 0.411059740266408
0.260 0.080 0.411059740266408
0.260 0.100 0.411059740266408
0.260 0.120 0.411059740266408
0.260 0.140 0.411059740266408
0.260 0.160 0.411059740266408
0.260 0.180 0.411059740266408
0.260 0.200 0.402506985273339
0.260 0.220 0.4074190689424614
0.260 0.240 0.408038709836672
0.260 0.260 0.4086810571809826
0.260 0.280 0.40877717799153224
0.260 0.300 0.40877717799153224
0.260 0.320 0.40877717799153224
0.260 0.340 0.40877717799153224
0.260 0.360 0.40877717799153224
0.260 0.380 0.4087167909703696
0.260 0.400 0.4087167909703696
0.260 0.420 0.4087167909703696
0.260 0.440 0.4087167909703696
0.260 0.460 0.4087167909703696
0.260 0.480 0.4087167909703696
0.260 0.500 0.4087167909703696
0.260 0.520 0.4087167909703696
0.260 0.540 0.4087167909703696
0.260 0.560 0.4087167909703696
0.260 0.580 0.4087167909703696
0.260 0.600 0.4087167909703696
0.260 0.620 0.4087167909703696
0.260 0.640 0.4087167909703696
0.260 0.660 0.4087167909703696
0.260 0.680 0.40492091192354507
0.260 0.700 0.40492091192354507
0.260 0.720 0.40492091192354507
0.260 0.740 0.40492091192354507
0.260 0.760 0.40492091192354507
0.260 0.780 0.40492091192354507
0.260 0.800 0.40492091192354507
0.260 0.820 0.405108090150824
0.260 0.840 0.405108090150824
0.260 0.860 0.405108090150824
0.260 0.880 0.405108090150824
0.260 0.900 0.405108090150824
0.260 0.920 0.4047576773967994
0.260 0.940 0.4047576773967994
0.260 0.960 0.4047576773967994
0.260 0.980 0.4047576773967994
0.260 1.000 0.4047576773967994
0.280 0.020 0.411059740266408
0.280 0.040 0.411059740266408
0.280 0.060 0.411059740266408
0.280 0.080 0.411059740266408
0.280 0.100 0.411059740266408
0.280 0.120 0.411059740266408
0.280 0.140 0.411059740266408
0.280 0.160 0.411059740266408
0.280 0.180 0.411059740266408
0.280 0.200 0.402506985273339
0.280 0.220 0.4074190689424614
0.280 0.240 0.408038709836672
0.280 0.260 0.4086810571809826
0.280 0.280 0.40877717799153224
0.280 0.300 0.40877717799153224
0.280 0.320 0.40877717799153224
0.280 0.340 0.40877717799153224
0.280 0.360 0.40877717799153224
0.280 0.380 0.4087167909703696
0.280 0.400 0.4087167909703696
0.280 0.420 0.4087167909703696
0.280 0.440 0.4087167909703696
0.280 0.460 0.4087167909703696
0.280 0.480 0.4087167909703696
0.280 0.500 0.4087167909703696
0.280 0.520 0.4087167909703696
0.280 0.540 0.4087167909703696
0.280 0.560 0.4087167909703696
0.280 0.580 0.4087167909703696
0.280 0.600 0.4087167909703696
0.280 0.620 0.4087167909703696
0.280 0.640 0.4087167909703696
0.280 0.660 0.4087167909703696
0.280 0.680 0.40492091192354507
0.280 0.700 0.40492091192354507
0.280 0.720 0.40492091192354507
0.280 0.740 0.40492091192354507
0.280 0.760 0.40492091192354507
0.280 0.780 0.40492091192354507
0.280 0.800 0.40492091192354507
0.280 0.820 0.405108090150824
0.280 0.840 0.405108090150824
0.280 0.860 0.405108090150824
0.280 0.880 0.405108090150824
0.280 0.900 0.405108090150824
0.280 0.920 0.4047576773967994
0.280 0.940 0.4047576773967994
0.280 0.960 0.4047576773967994
0.280 0.980 0.4047576773967994
0.280 1.000 0.4047576773967994
0.300 0.020 0.411059740266408
0.300 0.040 0.411059740266408
0.300 0.060 0.411059740266408
0.300 0.080 0.411059740266408
0.300 0.100 0.411059740266408
0.300 0.120 0.411059740266408
0.300 0.140 0.411059740266408
0.300 0.160 0.411059740266408
0.300 0.180 0.411059740266408
0.300 0.200 0.402506985273339
0.300 0.220 0.4074190689424614
0.300 0.240 0.408038709836672
0.300 0.260 0.4086810571809826
0.300 0.280 0.40877717799153224
0.300 0.300 0.40877717799153224
0.300 0.320 0.40877717799153224
0.300 0.340 0.40877717799153224
0.300 0.360 0.40877717799153224
0.300 0.380 0.4087167909703696
0.300 0.400 0.4087167909703696
0.300 0.420 0.4087167909703696
0.300 0.440 0.4087167909703696
0.300 0.460 0.4087167909703696
0.300 0.480 0.4087167909703696
0.300 0.500 0.4087167909703696
0.300 0.520 0.4087167909703696
0.300 0.540 0.4087167909703696
0.300 0.560 0.4087167909703696
0.300 0.580 0.4087167909703696
0.300 0.600 0.4087167909703696
0.300 0.620 0.4087167909703696
0.300 0.640 0.4087167909703696
0.300 0.660 0.4087167909703696
0.300 0.680 0.40492091192354507
0.300 0.700 0.40492091192354507
0.300 0.720 0.40492091192354507
0.300 0.740 0.40492091192354507
0.300 0.760 0.40492091192354507
0.300 0.780 0.40492091192354507
0.300 0.800 0.40492091192354507
0.300 0.820 0.405108090150824
0.300 0.840 0.405108090150824
0.300 0.860 0.405108090150824
0.300 0.880 0.405108090150824
0.300 0.900 0.405108090150824
0.300 0.920 0.4047576773967994
0.300 0.940 0.4047576773967994
0.300 0.960 0.4047576773967994
0.300 0.980 0.4047576773967994
0.300 1.000 0.4047576773967994
0.320 0.020 0.411059740266408
0.320 0.040 0.411059740266408
0.320 0.060 0.411059740266408
0.320 0.080 0.411059740266408
0.320 0.100 0.411059740266408
0.320 0.120 0.411059740266408
0.320 0.140 0.411059740266408
0.320 0.160 0.411059740266408
0.320 0.180 0.411059740266408
0.320 0.200 0.402506985273339
0.320 0.220 0.4074190689424614
0.320 0.240 0.408038709836672
0.320 0.260 0.4086810571809826
0.320 0.280 0.40877717799153224
0.320 0.300 0.40877717799153224
0.320 0.320 0.40877717799153224
0.320 0.340 0.40877717799153224
0.320 0.360 0.40877717799153224
0.320 0.380 0.4087167909703696
0.320 0.400 0.4087167909703696
0.320 0.420 0.4087167909703696
0.320 0.440 0.4087167909703696
0.320 0.460 0.4087167909703696
0.320 0.480 0.4087167909703696
0.320 0.500 0.4087167909703696
0.320 0.520 0.4087167909703696
0.320 0.540 0.4087167909703696
0.320 0.560 0.4087167909703696
0.320 0.580 0.4087167909703696
0.320 0.600 0.4087167909703696
0.320 0.620 0.4087167909703696
0.320 0.640 0.4087167909703696
0.320 0.660 0.4087167909703696
0.320 0.680 0.40492091192354507
0.320 0.700 0.40492091192354507
0.320 0.720 0.40492091192354507
0.320 0.740 0.40492091192354507
0.320 0.760 0.40492091192354507
0.320 0.780 0.40492091192354507
0.320 0.800 0.40492091192354507
0.320 0.820 0.405108090150824
0.320 0.840 0.405108090150824
0.320 0.860 0.405108090150824
0.320 0.880 0.405108090150824
0.320 0.900 0.405108090150824
0.320 0.920 0.4047576773967994
0.320 0.940 0.4047576773967994
0.320 0.960 0.4047576773967994
0.320 0.980 0.4047576773967994
0.320 1.000 0.4047576773967994
0.340 0.020 0.411059740266408
0.340 0.040 0.411059740266408
0.340 0.060 0.411059740266408
0.340 0.080 0.411059740266408
0.340 0.100 0.411059740266408
0.340 0.120 0.411059740266408
0.340 0.140 0.411059740266408
0.340 0.160 0.411059740266408
0.340 0.180 0.411059740266408
0.340 0.200 0.402506985273339
0.340 0.220 0.4074190689424614
0.340 0.240 0.408038709836672
0.340 0.260 0.4086810571809826
0.340 0.280 0.40877717799153224
0.340 0.300 0.40877717799153224
0.340 0.320 0.40877717799153224
0.340 0.340 0.40877717799153224
0.340 0.360 0.40877717799153224
0.340 0.380 0.4087167909703696
0.340 0.400 0.4087167909703696
0.340 0.420 0.4087167909703696
0.340 0.440 0.4087167909703696
0.340 0.460 0.4087167909703696
0.340 0.480 0.4087167909703696
0.340 0.500 0.4087167909703696
0.340 0.520 0.4087167909703696
0.340 0.540 0.4087167909703696
0.340 0.560 0.4087167909703696
0.340 0.580 0.4087167909703696
0.340 0.600 0.4087167909703696
0.340 0.620 0.4087167909703696
0.340 0.640 0.4087167909703696
0.340 0.660 0.4087167909703696
0.340 0.680 0.40492091192354507
0.340 0.700 0.40492091192354507
0.340 0.720 0.40492091192354507
0.340 0.740 0.40492091192354507
0.340 0.760 0.40492091192354507
0.340 0.780 0.40492091192354507
0.340 0.800 0.40492091192354507
0.340 0.820 0.405108090150824
0.340 0.840 0.405108090150824
0.340 0.860 0.405108090150824
0.340 0.880 0.405108090150824
0.340 0.900 0.405108090150824
0.340 0.920 0.4047576773967994
0.340 0.940 0.4047576773967994
0.340 0.960 0.4047576773967994
0.340 0.980 0.4047576773967994
0.340 1.000 0.4047576773967994
0.360 0.020 0.411059740266408
0.360 0.040 0.411059740266408
0.360 0.060 0.411059740266408
0.360 0.080 0.411059740266408
0.360 0.100 0.411059740266408
0.360 0.120 0.411059740266408
0.360 0.140 0.411059740266408
0.360 0.160 0.411059740266408
0.360 0.180 0.411059740266408
0.360 0.200 0.402506985273339
0.360 0.220 0.4074190689424614
0.360 0.240 0.408038709836672
0.360 0.260 0.4086810571809826
0.360 0.280 0.40877717799153224
0.360 0.300 0.40877717799153224
0.360 0.320 0.40877717799153224
0.360 0.340 0.40877717799153224
0.360 0.360 0.40877717799153224
0.360 0.380 0.4087167909703696
0.360 0.400 0.4087167909703696
0.360 0.420 0.4087167909703696
0.360 0.440 0.4087167909703696
0.360 0.460 0.4087167909703696
0.360 0.480 0.4087167909703696
0.360 0.500 0.4087167909703696
0.360 0.520 0.4087167909703696
0.360 0.540 0.4087167909703696
0.360 0.560 0.4087167909703696
0.360 0.580 0.4087167909703696
0.360 0.600 0.4087167909703696
0.360 0.620 0.4087167909703696
0.360 0.640 0.4087167909703696
0.360 0.660 0.4087167909703696
0.360 0.680 0.40492091192354507
0.360 0.700 0.40492091192354507
0.360 0.720 0.40492091192354507
0.360 0.740 0.40492091192354507
0.360 0.760 0.40492091192354507
0.360 0.780 0.40492091192354507
0.360 0.800 0.40492091192354507
0.360 0.820 0.405108090150824
0.360 0.840 0.405108090150824
0.360 0.860 0.405108090150824
0.360 0.880 0.405108090150824
0.360 0.900 0.405108090150824
0.360 0.920 0.4047576773967994
0.360 0.940 0.4047576773967994
0.360 0.960 0.4047576773967994
0.360 0.980 0.4047576773967994
0.360 1.000 0.4047576773967994
0.380 0.020 0.411059740266408
0.380 0.040 0.411059740266408
0.380 0.060 0.411059740266408
0.380 0.080 0.411059740266408
0.380 0.100 0.411059740266408
0.380 0.120 0.411059740266408
0.380 0.140 0.411059740266408
0.380 0.160 0.411059740266408
0.380 0.180 0.411059740266408
0.380 0.200 0.402506985273339
0.380 0.220 0.4074190689424614
0.380 0.240 0.408038709836672
0.380 0.260 0.4086810571809826
0.380 0.280 0.40877717799153224
0.380 0.300 0.40877717799153224
0.380 0.320 0.40877717799153224
0.380 0.340 0.40877717799153224
0.380 0.360 0.40877717799153224
0.380 0.380 0.4087167909703696
0.380 0.400 0.4087167909703696
0.380 0.420 0.4087167909703696
0.380 0.440 0.4087167909703696
0.380 0.460 0.4087167909703696
0.380 0.480 0.4087167909703696
0.380 0.500 0.4087167909703696
0.380 0.520 0.4087167909703696
0.380 0.540 0.4087167909703696
0.380 0.560 0.4087167909703696
0.380 0.580 0.4087167909703696
0.380 0.600 0.4087167909703696
0.380 0.620 0.4087167909703696
0.380 0.640 0.4087167909703696
0.380 0.660 0.4087167909703696
0.380 0.680 0.40492091192354507
0.380 0.700 0.40492091192354507
0.380 0.720 0.40492091192354507
0.380 0.740 0.40492091192354507
0.380 0.760 0.40492091192354507
0.380 0.780 0.40492091192354507
0.380 0.800 0.40492091192354507
0.380 0.820 0.405108090150824
0.380 0.840 0.405108090150824
0.380 0.860 0.405108090150824
0.380 0.880 0.405108090150824
0.380 0.900 0.405108090150824
0.380 0.920 0.4047576773967994
0.380 0.940 0.4047576773967994
0.380 0.960 0.4047576773967994
0.380 0.980 0.4047576773967994
0.380 1.000 0.4047576773967994
0.400 0.020 0.411059740266408
0.400 0.040 0.411059740266408
0.400 0.060 0.411059740266408
0.400 0.080 0.411059740266408
0.400 0.100 0.411059740266408
0.400 0.120 0.411059740266408
0.400 0.140 0.411059740266408
0.400 0.160 0.411059740266408
0.400 0.180 0.411059740266408
0.400 0.200 0.402506985273339
0.400 0.220 0.4074190689424614
0.400 0.240 0.408038709836672
0.400 0.260 0.4086810571809826
0.400 0.280 0.40877717799153224
0.400 0.300 0.40877717799153224
0.400 0.320 0.40877717799153224
0.400 0.340 0.40877717799153224
0.400 0.360 0.40877717799153224
0.400 0.380 0.4087167909703696
0.400 0.400 0.4087167909703696
0.400 0.420 0.4087167909703696
0.400 0.440 0.4087167909703696
0.400 0.460 0.4087167909703696
0.400 0.480 0.4087167909703696
0.400 0.500 0.4087167909703696
0.400 0.520 0.4087167909703696
0.400 0.540 0.4087167909703696
0.400 0.560 0.4087167909703696
0.400 0.580 0.4087167909703696
0.400 0.600 0.4087167909703696
0.400 0.620 0.4087167909703696
0.400 0.640 0.4087167909703696
0.400 0.660 0.4087167909703696
0.400 0.680 0.40492091192354507
0.400 0.700 0.40492091192354507
0.400 0.720 0.40492091192354507
0.400 0.740 0.40492091192354507
0.400 0.760 0.40492091192354507
0.400 0.780 0.40492091192354507
0.400 0.800 0.40492091192354507
0.400 0.820 0.405108090150824
0.400 0.840 0.405108090150824
0.400 0.860 0.405108090150824
0.400 0.880 0.405108090150824
0.400 0.900 0.405108090150824
0.400 0.920 0.4047576773967994
0.400 0.940 0.4047576773967994
0.400 0.960 0.4047576773967994
0.400 0.980 0.4047576773967994
0.400 1.000 0.4047576773967994
0.420 0.020 0.4076497268493589
0.420 0.040 0.4076497268493589
0.420 0.060 0.4076497268493589
0.420 0.080 0.4076497268493589
0.420 0.100 0.4076497268493589
0.420 0.120 0.4076497268493589
0.420 0.140 0.4076497268493589
0.420 0.160 0.4076497268493589
0.420 0.180 0.4076497268493589
0.420 0.200 0.4008481754743522
0.420 0.220 0.4053911860622693
0.420 0.240 0.4058669789315537
0.420 0.260 0.40673539970125355
0.420 0.280 0.406705741534304
0.420 0.300 0.406705741534304
0.420 0.320 0.406705741534304
0.420 0.340 0.406705741534304
0.420 0.360 0.406705741534304
0.420 0.380 0.40668391094468004
0.420 0.400 0.406671409131145
0.420 0.420 0.406671409131145
0.420 0.440 0.406671409131145
0.420 0.460 0.406671409131145
0.420 0.480 0.406671409131145
0.420 0.500 0.406671409131145
0.420 0.520 0.406671409131145
0.420 0.540 0.406671409131145
0.420 0.560 0.406671409131145
0.420 0.580 0.406671409131145
0.420 0.600 0.406671409131145
0.420 0.620 0.406671409131145
0.420 0.640 0.40667355846548936
0.420 0.660 0.40667355846548936
0.420 0.680 0.40492091192354507
0.420 0.700 0.40492091192354507
0.420 0.720 0.40492091192354507
0.420 0.740 0.40492091192354507
0.420 0.760 0.40492091192354507
0.420 0.780 0.40492091192354507
0.420 0.800 0.40492091192354507
0.420 0.820 0.405108090150824
0.420 0.840 0.405108090150824
0.420 0.860 0.405108090150824
0.420 0.880 0.405108090150824
0.420 0.900 0.405108090150824
0.420 0.920 0.4047576773967994
0.420 0.940 0.4047576773967994
0.420 0.960 0.4047576773967994
0.420 0.980 0.4047576773967994
0.420 1.000 0.4047576773967994
0.440 0.020 0.40860373741275324
0.440 0.040 0.40860373741275324
0.440 0.060 0.40860373741275324
0.440 0.080 0.40860373741275324
0.440 0.100 0.40860373741275324
0.440 0.120 0.40860373741275324
0.440 0.140 0.40860373741275324
0.440 0.160 0.40860373741275324
0.440 0.180 0.40860373741275324
0.440 0.200 0.404559405665861
0.440 0.220 0.4084884190907498
0.440 0.240 0.40879693520968363
0.440 0.260 0.40883157294206063
0.440 0.280 0.40783472557931477
0.440 0.300 0.40783472557931477
0.440 0.320 0.40783472557931477
0.440 0.340 0.40470709948691835
0.440 0.360 0.40470709948691835
0.440 0.380 0.4057117332922578
0.440 0.400 0.40756018433089225
0.440 0.420 0.40756018433089225
0.440 0.440 0.40756018433089225
0.440 0.460 0.40756018433089225
0.440 0.480 0.40756018433089225
0.440 0.500 0.40756018433089225
0.440 0.520 0.40756018433089225
0.440 0.540 0.40756018433089225
0.440 0.560 0.40756018433089225
0.440 0.580 0.40756018433089225
0.440 0.600 0.4055600560230657
0.440 0.620 0.4055600560230657
0.440 0.640 0.4055600560230657
0.440 0.660 0.4055600560230657
0.440 0.680 0.40492091192354507
0.440 0.700 0.40492091192354507
0.440 0.720 0.40492091192354507
0.440 0.740 0.40492091192354507
0.440 0.760 0.40492091192354507
0.440 0.780 0.40492091192354507
0.440 0.800 0.40492091192354507
0.440 0.820 0.405108090150824
0.440 0.840 0.405108090150824
0.440 0.860 0.405108090150824
0.440 0.880 0.405108090150824
0.440 0.900 0.405108090150824
0.440 0.920 0.4047576773967994
0.440 0.940 0.4047576773967994
0.440 0.960 0.4047576773967994
0.440 0.980 0.4047576773967994
0.440 1.000 0.4047576773967994
0.460 0.020 0.4070936922060491
0.460 0.040 0.4070936922060491
0.460 0.060 0.4070936922060491
0.460 0.080 0.4070936922060491
0.460 0.100 0.4070936922060491
0.460 0.120 0.4070936922060491
0.460 0.140 0.4070936922060491
0.460 0.160 0.4070936922060491
0.460 0.180 0.4070936922060491
0.460 0.200 0.402749077396516
0.460 0.220 0.4069828367794304
0.460 0.240 0.40718030492774143
0.460 0.260 0.40723186203614964
0.460 0.280 0.4060736132673637
0.460 0.300 0.4060736132673637
0.460 0.320 0.4060736132673637
0.460 0.340 0.4049612932559328
0.460 0.360 0.4049612932559328
0.460 0.380 0.4012890284854213
0.460 0.400 0.4039584084294496
0.460 0.420 0.4039584084294496
0.460 0.440 0.4039584084294496
0.460 0.460 0.4039584084294496
0.460 0.480 0.4039584084294496
0.460 0.500 0.4039584084294496
0.460 0.520 0.4039584084294496
0.460 0.540 0.4039584084294496
0.460 0.560 0.4039584084294496
0.460 0.580 0.4039584084294496
0.460 0.600 0.40492091192354507
0.460 0.620 0.40492091192354507
0.460 0.640 0.40492091192354507
0.460 0.660 0.40492091192354507
0.460 0.680 0.40492091192354507
0.460 0.700 0.40492091192354507
0.460 0.720 0.40492091192354507
0.460 0.740 0.40492091192354507
0.460 0.760 0.40492091192354507
0.460 0.780 0.40492091192354507
0.460 0.800 0.40492091192354507
0.460 0.820 0.405108090150824
0.460 0.840 0.405108090150824
0.460 0.860 0.405108090150824
0.460 0.880 0.405108090150824
0.460 0.900 0.405108090150824
0.460 0.920 0.4047576773967994
0.460 0.940 0.4047576773967994
0.460 0.960 0.4047576773967994
0.460 0.980 0.4047576773967994
0.460 1.000 0.4047576773967994
0.480 0.020 0.4070936922060491
0.480 0.040 0.4070936922060491
0.480 0.060 0.4070936922060491
0.480 0.080 0.4070936922060491
0.480 0.100 0.4070936922060491
0.480 0.120 0.4070936922060491
0.480 0.140 0.4070936922060491
0.480 0.160 0.4070936922060491
0.480 0.180 0.4070936922060491
0.480 0.200 0.402749077396516
0.480 0.220 0.4069828367794304
0.480 0.240 0.40718030492774143
0.480 0.260 0.40723186203614964
0.480 0.280 0.4060736132673637
0.480 0.300 0.4060736132673637
0.480 0.320 0.4060736132673637
0.480 0.340 0.4049612932559328
0.480 0.360 0.4049612932559328
0.480 0.380 0.4012890284854213
0.480 0.400 0.4039584084294496
0.480 0.420 0.4039584084294496
0.480 0.440 0.4039584084294496
0.480 0.460 0.4039584084294496
0.480 0.480 0.4039584084294496
0.480 0.500 0.4039584084294496
0.480 0.520 0.4039584084294496
0.480 0.540 0.4039584084294496
0.480 0.560 0.4039584084294496
0.480 0.580 0.4039584084294496
0.480 0.600 0.40492091192354507
0.480 0.620 0.40492091192354507
0.480 0.640 0.40492091192354507
0.480 0.660 0.40492091192354507
0.480 0.680 0.40492091192354507
0.480 0.700 0.40492091192354507
0.480 0.720 0.40492091192354507
0.480 0.740 0.40492091192354507
0.480 0.760 0.40492091192354507
0.480 0.780 0.40492091192354507
0.480 0.800 0.40492091192354507
0.480 0.820 0.405108090150824
0.480 0.840 0.405108090150824
0.480 0.860 0.405108090150824
0.480 0.880 0.405108090150824
0.480 0.900 0.405108090150824
0.480 0.920 0.4047576773967994
0.480 0.940 0.4047576773967994
0.480 0.960 0.4047576773967994
0.480 0.980 0.4047576773967994
0.480 1.000 0.4047576773967994
0.500 0.020 0.4070936922060491
0.500 0.040 0.4070936922060491
0.500 0.060 0.4070936922060491
0.500 0.080 0.4070936922060491
0.500 0.100 0.4070936922060491
0.500 0.120 0.4070936922060491
0.500 0.140 0.4070936922060491
0.500 0.160 0.4070936922060491
0.500 0.180 0.4070936922060491
0.500 0.200 0.402749077396516
0.500 0.220 0.4069828367794304
0.500 0.240 0.40718030492774143
0.500 0.260 0.40723186203614964
0.500 0.280 0.4060736132673637
0.500 0.300 0.4060736132673637
0.500 0.320 0.4060736132673637
0.500 0.340 0.4049612932559328
0.500 0.360 0.4049612932559328
0.500 0.380 0.4012890284854213
0.500 0.400 0.4039584084294496
0.500 0.420 0.4039584084294496
0.500 0.440 0.4039584084294496
0.500 0.460 0.4039584084294496
0.500 0.480 0.4039584084294496
0.500 0.500 0.4039584084294496
0.500 0.520 0.4039584084294496
0.500 0.540 0.4039584084294496
0.500 0.560 0.4039584084294496
0.500 0.580 0.4039584084294496
0.500 0.600 0.40492091192354507
0.500 0.620 0.40492091192354507
0.500 0.640 0.40492091192354507
0.500 0.660 0.40492091192354507
0.500 0.680 0.40492091192354507
0.500 0.700 0.40492091192354507
0.500 0.720 0.40492091192354507
0.500 0.740 0.40492091192354507
0.500 0.760 0.40492091192354507
0.500 0.780 0.40492091192354507
0.500 0.800 0.40492091192354507
0.500 0.820 0.405108090150824
0.500 0.840 0.405108090150824
0.500 0.860 0.405108090150824
0.500 0.880 0.405108090150824
0.500 0.900 0.405108090150824
0.500 0.920 0.4047576773967994
0.500 0.940 0.4047576773967994
0.500 0.960 0.4047576773967994
0.500 0.980 0.4047576773967994
0.500 1.000 0.4047576773967994
0.520 0.020 0.4070936922060491
0.520 0.040 0.4070936922060491
0.520 0.060 0.4070936922060491
0.520 0.080 0.4070936922060491
0.520 0.100 0.4070936922060491
0.520 0.120 0.4070936922060491
0.520 0.140 0.4070936922060491
0.520 0.160 0.4070936922060491
0.520 0.180 0.4070936922060491
0.520 0.200 0.402749077396516
0.520 0.220 0.4069828367794304
0.520 0.240 0.40718030492774143
0.520 0.260 0.40723186203614964
0.520 0.280 0.4060736132673637
0.520 0.300 0.4060736132673637
0.520 0.320 0.4060736132673637
0.520 0.340 0.4049612932559328
0.520 0.360 0.4049612932559328
0.520 0.380 0.4032890284854213
0.520 0.400 0.4059584084294496
0.520 0.420 0.4059584084294496
0.520 0.440 0.4059584084294496
0.520 0.460 0.4059584084294496
0.520 0.480 0.4059584084294496
0.520 0.500 0.4059584084294496
0.520 0.520 0.4059584084294496
0.520 0.540 0.4059584084294496
0.520 0.560 0.4059584084294496
0.520 0.580 0.4059584084294496
0.520 0.600 0.40492091192354507
0.520 0.620 0.40492091192354507
0.520 0.640 0.40492091192354507
0.520 0.660 0.40492091192354507
0.520 0.680 0.40492091192354507
0.520 0.700 0.40492091192354507
0.520 0.720 0.40492091192354507
0.520 0.740 0.40492091192354507
0.520 0.760 0.40492091192354507
0.520 0.780 0.40492091192354507
0.520 0.800 0.40492091192354507
0.520 0.820 0.405108090150824
0.520 0.840 0.405108090150824
0.520 0.860 0.405108090150824
0.520 0.880 0.405108090150824
0.520 0.900 0.405108090150824
0.520 0.920 0.4067576773967994
0.520 0.940 0.4067576773967994
0.520 0.960 0.4067576773967994
0.520 0.980 0.4067576773967994
0.520 1.000 0.4067576773967994
0.540 0.020 0.40798168130590284
0.540 0.040 0.40798168130590284
0.540 0.060 0.40798168130590284
0.540 0.080 0.40798168130590284
0.540 0.100 0.40798168130590284
0.540 0.120 0.40798168130590284
0.540 0.140 0.40798168130590284
0.540 0.160 0.40798168130590284
0.540 0.180 0.40798168130590284
0.540 0.200 0.40350720209371566
0.540 0.220 0.40773742462636753
0.540 0.240 0.40797242061009864
0.540 0.260 0.40801796152516606
0.540 0.280 0.4068523419679112
0.540 0.300 0.4068523419679112
0.540 0.320 0.4068523419679112
0.540 0.340 0.4057400219564804
0.540 0.360 0.4057400219564804
0.540 0.380 0.4032890284854213
0.540 0.400 0.4059584084294496
0.540 0.420 0.4059584084294496
0.540 0.440 0.4059584084294496
0.540 0.460 0.4059584084294496
0.540 0.480 0.4059584084294496
0.540 0.500 0.4059584084294496
0.540 0.520 0.4059584084294496
0.540 0.540 0.4059584084294496
0.540 0.560 0.4059584084294496
0.540 0.580 0.4059584084294496
0.540 0.600 0.40492091192354507
0.540 0.620 0.40492091192354507
0.540 0.640 0.40492091192354507
0.540 0.660 0.40492091192354507
0.540 0.680 0.40492091192354507
0.540 0.700 0.40492091192354507
0.540 0.720 0.40492091192354507
0.540 0.740 0.40492091192354507
0.540 0.760 0.40492091192354507
0.540 0.780 0.40492091192354507
0.540 0.800 0.40492091192354507
0.540 0.820 0.405108090150824
0.540 0.840 0.405108090150824
0.540 0.860 0.405108090150824
0.540 0.880 0.405108090150824
0.540 0.900 0.405108090150824
0.540 0.920 0.4067576773967994
0.540 0.940 0.4067576773967994
0.540 0.960 0.4067576773967994
0.540 0.980 0.4067576773967994
0.540 1.000 0.4067576773967994
0.560 0.020 0.4080912082635598
0.560 0.040 0.4080912082635598
0.560 0.060 0.4080912082635598
0.560 0.080 0.4080912082635598
0.560 0.100 0.4080912082635598
0.560 0.120 0.4080912082635598
0.560 0.140 0.4080912082635598
0.560 0.160 0.4080912082635598
0.560 0.180 0.4080912082635598
0.560 0.200 0.40350795374542286
0.560 0.220 0.40752957582579546
0.560 0.240 0.40777949018828663
0.560 0.260 0.4078822027475512
0.560 0.280 0.4073342704963016
0.560 0.300 0.4073342704963016
0.560 0.320 0.4073342704963016
0.560 0.340 0.40787361856907156
0.560 0.360 0.40787361856907156
0.560 0.380 0.4061980710282244
0.560 0.400 0.4059584084294496
0.560 0.420 0.4059584084294496
0.560 0.440 0.4059584084294496
0.560 0.460 0.4059584084294496
0.560 0.480 0.4059584084294496
0.560 0.500 0.4059584084294496
0.560 0.520 0.4059584084294496
0.560 0.540 0.4059584084294496
0.560 0.560 0.4059584084294496
0.560 0.580 0.4059584084294496
0.560 0.600 0.40492091192354507
0.560 0.620 0.40492091192354507
0.560 0.640 0.40492091192354507
0.560 0.660 0.40492091192354507
0.560 0.680 0.40492091192354507
0.560 0.700 0.40492091192354507
0.560 0.720 0.40492091192354507
0.560 0.740 0.40492091192354507
0.560 0.760 0.40492091192354507
0.560 0.780 0.40492091192354507
0.560 0.800 0.40492091192354507
0.560 0.820 0.405108090150824
0.560 0.840 0.405108090150824
0.560 0.860 0.405108090150824
0.560 0.880 0.405108090150824
0.560 0.900 0.405108090150824
0.560 0.920 0.4067576773967994
0.560 0.940 0.4067576773967994
0.560 0.960 0.4067576773967994
0.560 0.980 0.4067576773967994
0.560 1.000 0.4067576773967994
0.580 0.020 0.4080912082635598
0.580 0.040 0.4080912082635598
0.580 0.060 0.4080912082635598
0.580 0.080 0.4080912082635598
0.580 0.100 0.4080912082635598
0.580 0.120 0.4080912082635598
0.580 0.140 0.4080912082635598
0.580 0.160 0.4080912082635598
0.580 0.180 0.4080912082635598
0.580 0.200 0.40350795374542286
0.580 0.220 0.40752957582579546
0.580 0.240 0.40777949018828663
0.580 0.260 0.4078822027475512
0.580 0.280 0.4073342704963016
0.580 0.300 0.4073342704963016
0.580 0.320 0.4073342704963016
0.580 0.340 0.40787361856907156
0.580 0.360 0.40787361856907156
0.580 0.380 0.4061980710282244
0.580 0.400 0.4059584084294496
0.580 0.420 0.4059584084294496
0.580 0.440 0.4059584084294496
0.580 0.460 0.4059584084294496
0.580 0.480 0.4059584084294496
0.580 0.500 0.4059584084294496
0.580 0.520 0.4059584084294496
0.580 0.540 0.4059584084294496
0.580 0.560 0.4059584084294496
0.580 0.580 0.4059584084294496
0.580 0.600 0.40492091192354507
0.580 0.620 0.40492091192354507
0.580 0.640 0.40492091192354507
0.580 0.660 0.40492091192354507
0.580 0.680 0.40492091192354507
0.580 0.700 0.40492091192354507
0.580 0.720 0.40492091192354507
0.580 0.740 0.40492091192354507
0.580 0.760 0.40492091192354507
0.580 0.780 0.40492091192354507
0.580 0.800 0.40492091192354507
0.580 0.820 0.405108090150824
0.580 0.840 0.405108090150824
0.580 0.860 0.405108090150824
0.580 0.880 0.405108090150824
0.580 0.900 0.405108090150824
0.580 0.920 0.4067576773967994
0.580 0.940 0.4067576773967994
0.580 0.960 0.4067576773967994
0.580 0.980 0.4067576773967994
0.580 1.000 0.4067576773967994
0.600 0.020 0.4080912082635598
0.600 0.040 0.4080912082635598
0.600 0.060 0.4080912082635598
0.600 0.080 0.4080912082635598
0.600 0.100 0.4080912082635598
0.600 0.120 0.4080912082635598
0.600 0.140 0.4080912082635598
0.600 0.160 0.4080912082635598
0.600 0.180 0.4080912082635598
0.600 0.200 0.40350795374542286
0.600 0.220 0.40752957582579546
0.600 0.240 0.40777949018828663
0.600 0.260 0.4078822027475512
0.600 0.280 0.4073342704963016
0.600 0.300 0.4073342704963016
0.600 0.320 0.4073342704963016
0.600 0.340 0.40787361856907156
0.600 0.360 0.40787361856907156
0.600 0.380 0.4061980710282244
0.600 0.400 0.4059584084294496
0.600 0.420 0.4059584084294496
0.600 0.440 0.4059584084294496
0.600 0.460 0.4059584084294496
0.600 0.480 0.4059584084294496
0.600 0.500 0.4059584084294496
0.600 0.520 0.4059584084294496
0.600 0.540 0.4059584084294496
0.600 0.560 0.4059584084294496
0.600 0.580 0.4059584084294496
0.600 0.600 0.40492091192354507
0.600 0.620 0.40492091192354507
0.600 0.640 0.40492091192354507
0.600 0.660 0.40492091192354507
0.600 0.680 0.40492091192354507
0.600 0.700 0.40492091192354507
0.600 0.720 0.40492091192354507
0.600 0.740 0.40492091192354507
0.600 0.760 0.40492091192354507
0.600 0.780 0.40492091192354507
0.600 0.800 0.40492091192354507
0.600 0.820 0.405108090150824
0.600 0.840 0.405108090150824
0.600 0.860 0.405108090150824
0.600 0.880 0.405108090150824
0.600 0.900 0.405108090150824
0.600 0.920 0.4067576773967994
0.600 0.940 0.4067576773967994
0.600 0.960 0.4067576773967994
0.600 0.980 0.4067576773967994
0.600 1.000 0.4067576773967994
0.620 0.020 0.4080912082635598
0.620 0.040 0.4080912082635598
0.620 0.060 0.4080912082635598
0.620 0.080 0.4080912082635598
0.620 0.100 0.4080912082635598
0.620 0.120 0.4080912082635598
0.620 0.140 0.4080912082635598
0.620 0.160 0.4080912082635598
0.620 0.180 0.4080912082635598
0.620 0.200 0.40350795374542286
0.620 0.220 0.40752957582579546
0.620 0.240 0.40777949018828663
0.620 0.260 0.4078822027475512
0.620 0.280 0.4073342704963016
0.620 0.300 0.4073342704963016
0.620 0.320 0.4073342704963016
0.620 0.340 0.40787361856907156
0.620 0.360 0.40787361856907156
0.620 0.380 0.4061980710282244
0.620 0.400 0.4059584084294496
0.620 0.420 0.4059584084294496
0.620 0.440 0.4059584084294496
0.620 0.460 0.4059584084294496
0.620 0.480 0.4059584084294496
0.620 0.500 0.4059584084294496
0.620 0.520 0.4059584084294496
0.620 0.540 0.4059584084294496
0.620 0.560 0.4059584084294496
0.620 0.580 0.4059584084294496
0.620 0.600 0.40492091192354507
0.620 0.620 0.40492091192354507
0.620 0.640 0.40492091192354507
0.620 0.660 0.40492091192354507
0.620 0.680 0.40492091192354507
0.620 0.700 0.40492091192354507
0.620 0.720 0.40492091192354507
0.620 0.740 0.40492091192354507
0.620 0.760 0.40492091192354507
0.620 0.780 0.40492091192354507
0.620 0.800 0.40492091192354507
0.620 0.820 0.405108090150824
0.620 0.840 0.405108090150824
0.620 0.860 0.405108090150824
0.620 0.880 0.405108090150824
0.620 0.900 0.405108090150824
0.620 0.920 0.4067576773967994
0.620 0.940 0.4067576773967994
0.620 0.960 0.4067576773967994
0.620 0.980 0.4067576773967994
0.620 1.000 0.4067576773967994
0.640 0.020 0.4099789831989657
0.640 0.040 0.4099789831989657
0.640 0.060 0.4099789831989657
0.640 0.080 0.4099789831989657
0.640 0.100 0.4099789831989657
0.640 0.120 0.4099789831989657
0.640 0.140 0.4099789831989657
0.640 0.160 0.4099789831989657
0.640 0.180 0.4099789831989657
0.640 0.200 0.40557425722427964
0.640 0.220 0.4095900828420363
0.640 0.240 0.4095900828420363
0.640 0.260 0.40970574190109443
0.640 0.280 0.4091998704227366
0.640 0.300 0.4091998704227366
0.640 0.320 0.4091998704227366
0.640 0.340 0.41063100599059676
0.640 0.360 0.41063100599059676
0.640 0.380 0.4061980710282244
0.640 0.400 0.4059584084294496
0.640 0.420 0.4059584084294496
0.640 0.440 0.4059584084294496
0.640 0.460 0.4059584084294496
0.640 0.480 0.4059584084294496
0.640 0.500 0.4059584084294496
0.640 0.520 0.4059584084294496
0.640 0.540 0.4059584084294496
0.640 0.560 0.4059584084294496
0.640 0.580 0.4059584084294496
0.640 0.600 0.40671141541467243
0.640 0.620 0.40671141541467243
0.640 0.640 0.40671141541467243
0.640 0.660 0.40671141541467243
0.640 0.680 0.40671141541467243
0.640 0.700 0.40671141541467243
0.640 0.720 0.40671141541467243
0.640 0.740 0.40671141541467243
0.640 0.760 0.40671141541467243
0.640 0.780 0.40671141541467243
0.640 0.800 0.40671141541467243
0.640 0.820 0.4067576773967994
0.640 0.840 0.4067576773967994
0.640 0.860 0.4067576773967994
0.640 0.880 0.4067576773967994
0.640 0.900 0.4067576773967994
0.640 0.920 0.4067576773967994
0.640 0.940 0.4067576773967994
0.640 0.960 0.4067576773967994
0.640 0.980 0.4067576773967994
0.640 1.000 0.4067576773967994
0.660 0.020 0.40948871266818826
0.660 0.040 0.40948871266818826
0.660 0.060 0.40948871266818826
0.660 0.080 0.40948871266818826
0.660 0.100 0.40948871266818826
0.660 0.120 0.40948871266818826
0.660 0.140 0.40948871266818826
0.660 0.160 0.40948871266818826
0.660 0.180 0.40948871266818826
0.660 0.200 0.407976612500744
0.660 0.220 0.41190483246500637
0.660 0.240 0.41190483246500637
0.660 0.260 0.41191006007173186
0.660 0.280 0.411578680810035
0.660 0.300 0.411578680810035
0.660 0.320 0.411578680810035
0.660 0.340 0.41167530605994485
0.660 0.360 0.41167530605994485
0.660 0.380 0.4061937859076193
0.660 0.400 0.41008369601403216
0.660 0.420 0.41008369601403216
0.660 0.440 0.41008369601403216
0.660 0.460 0.41051797461947087
0.660 0.480 0.41051797461947087
0.660 0.500 0.41051797461947087
0.660 0.520 0.41051797461947087
0.660 0.540 0.41051797461947087
0.660 0.560 0.41051797461947087
0.660 0.580 0.41051797461947087
0.660 0.600 0.4086838127112595
0.660 0.620 0.4086838127112595
0.660 0.640 0.40897245084410666
0.660 0.660 0.40897245084410666
0.660 0.680 0.40911790693071404
0.660 0.700 0.40911790693071404
0.660 0.720 0.40911790693071404
0.660 0.740 0.40911790693071404
0.660 0.760 0.40911790693071404
0.660 0.780 0.40911790693071404
0.660 0.800 0.40911790693071404
0.660 0.820 0.4091606317577752
0.660 0.840 0.4091606317577752
0.660 0.860 0.4091606317577752
0.660 0.880 0.4091606317577752
0.660 0.900 0.4091606317577752
0.660 0.920 0.4091606317577752
0.660 0.940 0.4091606317577752
0.660 0.960 0.4091606317577752
0.660 0.980 0.4091606317577752
0.660 1.000 0.4091606317577752
0.680 0.020 0.40948871266818826
0.680 0.040 0.40948871266818826
0.680 0.060 0.40948871266818826
0.680 0.080 0.40948871266818826
0.680 0.100 0.40948871266818826
0.680 0.120 0.40948871266818826
0.680 0.140 0.40948871266818826
0.680 0.160 0.40948871266818826
0.680 0.180 0.40948871266818826
0.680 0.200 0.407976612500744
0.680 0.220 0.41190483246500637
0.680 0.240 0.41190483246500637
0.680 0.260 0.41191006007173186
0.680 0.280 0.411578680810035
0.680 0.300 0.411578680810035
0.680 0.320 0.411578680810035
0.680 0.340 0.41167530605994485
0.680 0.360 0.41167530605994485
0.680 0.380 0.4061937859076193
0.680 0.400 0.41008369601403216
0.680 0.420 0.41008369601403216
0.680 0.440 0.41008369601403216
0.680 0.460 0.41051797461947087
0.680 0.480 0.41051797461947087
0.680 0.500 0.41051797461947087
0.680 0.520 0.41051797461947087
0.680 0.540 0.41051797461947087
0.680 0.560 0.41051797461947087
0.680 0.580 0.41051797461947087
0.680 0.600 0.4086838127112595
0.680 0.620 0.4086838127112595
0.680 0.640 0.40897245084410666
0.680 0.660 0.40897245084410666
0.680 0.680 0.40911790693071404
0.680 0.700 0.40911790693071404
0.680 0.720 0.40911790693071404
0.680 0.740 0.40911790693071404
0.680 0.760 0.40911790693071404
0.680 0.780 0.40911790693071404
0.680 0.800 0.40911790693071404
0.680 0.820 0.4091606317577752
0.680 0.840 0.4091606317577752
0.680 0.860 0.4091606317577752
0.680 0.880 0.4091606317577752
0.680 0.900 0.4091606317577752
0.680 0.920 0.4091606317577752
0.680 0.940 0.4091606317577752
0.680 0.960 0.4091606317577752
0.680 0.980 0.4091606317577752
0.680 1.000 0.4091606317577752
0.700 0.020 0.40948871266818826
0.700 0.040 0.40948871266818826
0.700 0.060 0.40948871266818826
0.700 0.080 0.40948871266818826
0.700 0.100 0.40948871266818826
0.700 0.120 0.40948871266818826
0.700 0.140 0.40948871266818826
0.700 0.160 0.40948871266818826
0.700 0.180 0.40948871266818826
0.700 0.200 0.407976612500744
0.700 0.220 0.41190483246500637
0.700 0.240 0.41190483246500637
0.700 0.260 0.41191006007173186
0.700 0.280 0.411578680810035
0.700 0.300 0.411578680810035
0.700 0.320 0.411578680810035
0.700 0.340 0.41167530605994485
0.700 0.360 0.41167530605994485
0.700 0.380 0.4061937859076193
0.700 0.400 0.41008369601403216
0.700 0.420 0.41008369601403216
0.700 0.440 0.41008369601403216
0.700 0.460 0.41051797461947087
0.700 0.480 0.41051797461947087
0.700 0.500 0.41051797461947087
0.700 0.520 0.41051797461947087
0.700 0.540 0.41051797461947087
0.700 0.560 0.41051797461947087
0.700 0.580 0.41051797461947087
0.700 0.600 0.4086838127112595
0.700 0.620 0.4086838127112595
0.700 0.640 0.40897245084410666
0.700 0.660 0.40897245084410666
0.700 0.680 0.40911790693071404
0.700 0.700 0.40911790693071404
0.700 0.720 0.40911790693071404
0.700 0.740 0.40911790693071404
0.700 0.760 0.40911790693071404
0.700 0.780 0.40911790693071404
0.700 0.800 0.40911790693071404
0.700 0.820 0.4091606317577752
0.700 0.840 0.4091606317577752
0.700 0.860 0.4091606317577752
0.700 0.880 0.4091606317577752
0.700 0.900 0.4091606317577752
0.700 0.920 0.4091606317577752
0.700 0.940 0.4091606317577752
0.700 0.960 0.4091606317577752
0.700 0.980 0.4091606317577752
0.700 1.000 0.4091606317577752
0.720 0.020 0.40948871266818826
0.720 0.040 0.40948871266818826
0.720 0.060 0.40948871266818826
0.720 0.080 0.40948871266818826
0.720 0.100 0.40948871266818826
0.720 0.120 0.40948871266818826
0.720 0.140 0.40948871266818826
0.720 0.160 0.40948871266818826
0.720 0.180 0.40948871266818826
0.720 0.200 0.407976612500744
0.720 0.220 0.41190483246500637
0.720 0.240 0.41190483246500637
0.720 0.260 0.41191006007173186
0.720 0.280 0.411578680810035
0.720 0.300 0.411578680810035
0.720 0.320 0.411578680810035
0.720 0.340 0.41167530605994485
0.720 0.360 0.41167530605994485
0.720 0.380 0.40688076336309165
0.720 0.400 0.41008369601403216
0.720 0.420 0.41008369601403216
0.720 0.440 0.41008369601403216
0.720 0.460 0.41051797461947087
0.720 0.480 0.41051797461947087
0.720 0.500 0.41051797461947087
0.720 0.520 0.41051797461947087
0.720 0.540 0.41051797461947087
0.720 0.560 0.41051797461947087
0.720 0.580 0.41051797461947087
0.720 0.600 0.4086838127112595
0.720 0.620 0.4086838127112595
0.720 0.640 0.40897245084410666
0.720 0.660 0.40897245084410666
0.720 0.680 0.4091742617379379
0.720 0.700 0.4091742617379379
0.720 0.720 0.4091742617379379
0.720 0.740 0.4091742617379379
0.720 0.760 0.4091742617379379
0.720 0.780 0.4091742617379379
0.720 0.800 0.4091742617379379
0.720 0.820 0.4092166736076111
0.720 0.840 0.4092166736076111
0.720 0.860 0.4092166736076111
0.720 0.880 0.4092166736076111
0.720 0.900 0.40925122420256665
0.720 0.920 0.40925122420256665
0.720 0.940 0.40925122420256665
0.720 0.960 0.40925122420256665
0.720 0.980 0.40925122420256665
0.720 1.000 0.40925122420256665
0.740 0.020 0.40948871266818826
0.740 0.040 0.40948871266818826
0.740 0.060 0.40948871266818826
0.740 0.080 0.40948871266818826
0.740 0.100 0.40948871266818826
0.740 0.120 0.40948871266818826
0.740 0.140 0.40948871266818826
0.740 0.160 0.40948871266818826
0.740 0.180 0.40948871266818826
0.740 0.200 0.407976612500744
0.740 0.220 0.41190483246500637
0.740 0.240 0.41190483246500637
0.740 0.260 0.41191006007173186
0.740 0.280 0.411578680810035
0.740 0.300 0.411578680810035
0.740 0.320 0.411578680810035
0.740 0.340 0.41167530605994485
0.740 0.360 0.41167530605994485
0.740 0.380 0.40688076336309165
0.740 0.400 0.41008369601403216
0.740 0.420 0.41008369601403216
0.740 0.440 0.41008369601403216
0.740 0.460 0.41051797461947087
0.740 0.480 0.41051797461947087
0.740 0.500 0.41051797461947087
0.740 0.520 0.41051797461947087
0.740 0.540 0.41051797461947087
0.740 0.560 0.41051797461947087
0.740 0.580 0.41051797461947087
0.740 0.600 0.4086838127112595
0.740 0.620 0.4086838127112595
0.740 0.640 0.40897245084410666
0.740 0.660 0.40897245084410666
0.740 0.680 0.4091742617379379
0.740 0.700 0.4091742617379379
0.740 0.720 0.4091742617379379
0.740 0.740 0.4091742617379379
0.740 0.760 0.4091742617379379
0.740 0.780 0.4091742617379379
0.740 0.800 0.4091742617379379
0.740 0.820 0.4092166736076111
0.740 0.840 0.4092166736076111
0.740 0.860 0.4092166736076111
0.740 0.880 0.4092166736076111
0.740 0.900 0.40925122420256665
0.740 0.920 0.40925122420256665
0.740 0.940 0.40925122420256665
0.740 0.960 0.40925122420256665
0.740 0.980 0.40925122420256665
0.740 1.000 0.40925122420256665
0.760 0.020 0.40948871266818826
0.760 0.040 0.40948871266818826
0.760 0.060 0.40948871266818826
0.760 0.080 0.40948871266818826
0.760 0.100 0.40948871266818826
0.760 0.120 0.40948871266818826
0.760 0.140 0.40948871266818826
0.760 0.160 0.40948871266818826
0.760 0.180 0.40948871266818826
0.760 0.200 0.407976612500744
0.760 0.220 0.41190483246500637
0.760 0.240 0.41190483246500637
0.760 0.260 0.41191006007173186
0.760 0.280 0.411578680810035
0.760 0.300 0.411578680810035
0.760 0.320 0.411578680810035
0.760 0.340 0.41167530605994485
0.760 0.360 0.41167530605994485
0.760 0.380 0.40688076336309165
0.760 0.400 0.41008369601403216
0.760 0.420 0.41008369601403216
0.760 0.440 0.41008369601403216
0.760 0.460 0.41051797461947087
0.760 0.480 0.41051797461947087
0.760 0.500 0.41051797461947087
0.760 0.520 0.41051797461947087
0.760 0.540 0.41051797461947087
0.760 0.560 0.41051797461947087
0.760 0.580 0.41051797461947087
0.760 0.600 0.4086838127112595
0.760 0.620 0.4086838127112595
0.760 0.640 0.40897245084410666
0.760 0.660 0.40897245084410666
0.760 0.680 0.4091742617379379
0.760 0.700 0.4091742617379379
0.760 0.720 0.4091742617379379
0.760 0.740 0.4091742617379379
0.760 0.760 0.4091742617379379
0.760 0.780 0.4091742617379379
0.760 0.800 0.4091742617379379
0.760 0.820 0.4092166736076111
0.760 0.840 0.4092166736076111
0.760 0.860 0.4092166736076111
0.760 0.880 0.4092166736076111
0.760 0.900 0.40925122420256665
0.760 0.920 0.40925122420256665
0.760 0.940 0.40925122420256665
0.760 0.960 0.40925122420256665
0.760 0.980 0.40925122420256665
0.760 1.000 0.40925122420256665
0.780 0.020 0.40948871266818826
0.780 0.040 0.40948871266818826
0.780 0.060 0.40948871266818826
0.780 0.080 0.40948871266818826
0.780 0.100 0.40948871266818826
0.780 0.120 0.40948871266818826
0.780 0.140 0.40948871266818826
0.780 0.160 0.40948871266818826
0.780 0.180 0.40948871266818826
0.780 0.200 0.407976612500744
0.780 0.220 0.41190483246500637
0.780 0.240 0.41190483246500637
0.780 0.260 0.41191006007173186
0.780 0.280 0.411578680810035
0.780 0.300 0.411578680810035
0.780 0.320 0.411578680810035
0.780 0.340 0.41167530605994485
0.780 0.360 0.41167530605994485
0.780 0.380 0.40803101232574335
0.780 0.400 0.41051797461947087
0.780 0.420 0.41051797461947087
0.780 0.440 0.41051797461947087
0.780 0.460 0.41051797461947087
0.780 0.480 0.41051797461947087
0.780 0.500 0.41051797461947087
0.780 0.520 0.41051797461947087
0.780 0.540 0.41051797461947087
0.780 0.560 0.41051797461947087
0.780 0.580 0.41051797461947087
0.780 0.600 0.4086838127112595
0.780 0.620 0.4086838127112595
0.780 0.640 0.40897245084410666
0.780 0.660 0.40897245084410666
0.780 0.680 0.4091742617379379
0.780 0.700 0.4091742617379379
0.780 0.720 0.4091742617379379
0.780 0.740 0.4091742617379379
0.780 0.760 0.4091742617379379
0.780 0.780 0.4091742617379379
0.780 0.800 0.4091742617379379
0.780 0.820 0.4092166736076111
0.780 0.840 0.4092166736076111
0.780 0.860 0.4092166736076111
0.780 0.880 0.4092166736076111
0.780 0.900 0.40925122420256665
0.780 0.920 0.40925122420256665
0.780 0.940 0.40925122420256665
0.780 0.960 0.40925122420256665
0.780 0.980 0.40925122420256665
0.780 1.000 0.40925122420256665
0.800 0.020 0.40948871266818826
0.800 0.040 0.40948871266818826
0.800 0.060 0.40948871266818826
0.800 0.080 0.40948871266818826
0.800 0.100 0.40948871266818826
0.800 0.120 0.40948871266818826
0.800 0.140 0.40948871266818826
0.800 0.160 0.40948871266818826
0.800 0.180 0.40948871266818826
0.800 0.200 0.407976612500744
0.800 0.220 0.41190483246500637
0.800 0.240 0.41190483246500637
0.800 0.260 0.41191006007173186
0.800 0.280 0.411578680810035
0.800 0.300 0.411578680810035
0.800 0.320 0.411578680810035
0.800 0.340 0.41167530605994485
0.800 0.360 0.41167530605994485
0.800 0.380 0.40803101232574335
0.800 0.400 0.41051797461947087
0.800 0.420 0.41051797461947087
0.800 0.440 0.41051797461947087
0.800 0.460 0.41051797461947087
0.800 0.480 0.41051797461947087
0.800 0.500 0.41051797461947087
0.800 0.520 0.41051797461947087
0.800 0.540 0.41051797461947087
0.800 0.560 0.41051797461947087
0.800 0.580 0.41051797461947087
0.800 0.600 0.4086838127112595
0.800 0.620 0.4086838127112595
0.800 0.640 0.40897245084410666
0.800 0.660 0.40897245084410666
0.800 0.680 0.4091742617379379
0.800 0.700 0.4091742617379379
0.800 0.720 0.4091742617379379
0.800 0.740 0.4091742617379379
0.800 0.760 0.4091742617379379
0.800 0.780 0.4091742617379379
0.800 0.800 0.4091742617379379
0.800 0.820 0.4092166736076111
0.800 0.840 0.4092166736076111
0.800 0.860 0.4092166736076111
0.800 0.880 0.4092166736076111
0.800 0.900 0.40925122420256665
0.800 0.920 0.40925122420256665
0.800 0.940 0.40925122420256665
0.800 0.960 0.40925122420256665
0.800 0.980 0.40925122420256665
0.800 1.000 0.40925122420256665
0.820 0.020 0.40948871266818826
0.820 0.040 0.40948871266818826
0.820 0.060 0.40948871266818826
0.820 0.080 0.40948871266818826
0.820 0.100 0.40948871266818826
0.820 0.120 0.40948871266818826
0.820 0.140 0.40948871266818826
0.820 0.160 0.40948871266818826
0.820 0.180 0.40948871266818826
0.820 0.200 0.407976612500744
0.820 0.220 0.41190483246500637
0.820 0.240 0.41190483246500637
0.820 0.260 0.41191006007173186
0.820 0.280 0.411578680810035
0.820 0.300 0.411578680810035
0.820 0.320 0.411578680810035
0.820 0.340 0.41167530605994485
0.820 0.360 0.41167530605994485
0.820 0.380 0.40803101232574335
0.820 0.400 0.41058662737657986
0.820 0.420 0.41058662737657986
0.820 0.440 0.41058662737657986
0.820 0.460 0.41058662737657986
0.820 0.480 0.41058662737657986
0.820 0.500 0.41058662737657986
0.820 0.520 0.41058662737657986
0.820 0.540 0.41058662737657986
0.820 0.560 0.41058662737657986
0.820 0.580 0.41058662737657986
0.820 0.600 0.4086838127112595
0.820 0.620 0.4086838127112595
0.820 0.640 0.40897245084410666
0.820 0.660 0.40897245084410666
0.820 0.680 0.4091742617379379
0.820 0.700 0.4091742617379379
0.820 0.720 0.4091742617379379
0.820 0.740 0.4091742617379379
0.820 0.760 0.4091742617379379
0.820 0.780 0.4091742617379379
0.820 0.800 0.4091742617379379
0.820 0.820 0.4092166736076111
0.820 0.840 0.4092166736076111
0.820 0.860 0.4092166736076111
0.820 0.880 0.4092166736076111
0.820 0.900 0.40925122420256665
0.820 0.920 0.40925122420256665
0.820 0.940 0.40925122420256665
0.820 0.960 0.40925122420256665
0.820 0.980 0.40925122420256665
0.820 1.000 0.40925122420256665
0.840 0.020 0.40948871266818826
0.840 0.040 0.40948871266818826
0.840 0.060 0.40948871266818826
0.840 0.080 0.40948871266818826
0.840 0.100 0.40948871266818826
0.840 0.120 0.40948871266818826
0.840 0.140 0.40948871266818826
0.840 0.160 0.40948871266818826
0.840 0.180 0.40948871266818826
0.840 0.200 0.407976612500744
0.840 0.220 0.41190483246500637
0.840 0.240 0.41190483246500637
0.840 0.260 0.41191006007173186
0.840 0.280 0.411578680810035
0.840 0.300 0.411578680810035
0.840 0.320 0.411578680810035
0.840 0.340 0.41167530605994485
0.840 0.360 0.41167530605994485
0.840 0.380 0.40803101232574335
0.840 0.400 0.41058662737657986
0.840 0.420 0.41058662737657986
0.840 0.440 0.41058662737657986
0.840 0.460 0.41058662737657986
0.840 0.480 0.41058662737657986
0.840 0.500 0.41058662737657986
0.840 0.520 0.41058662737657986
0.840 0.540 0.41058662737657986
0.840 0.560 0.41058662737657986
0.840 0.580 0.41058662737657986
0.840 0.600 0.4086838127112595
0.840 0.620 0.4086838127112595
0.840 0.640 0.40897245084410666
0.840 0.660 0.40897245084410666
0.840 0.680 0.4091742617379379
0.840 0.700 0.4091742617379379
0.840 0.720 0.4091742617379379
0.840 0.740 0.4091742617379379
0.840 0.760 0.4091742617379379
0.840 0.780 0.4091742617379379
0.840 0.800 0.4091742617379379
0.840 0.820 0.4092166736076111
0.840 0.840 0.4092166736076111
0.840 0.860 0.4092166736076111
0.840 0.880 0.4092166736076111
0.840 0.900 0.40925122420256665
0.840 0.920 0.40925122420256665
0.840 0.940 0.40925122420256665
0.840 0.960 0.40925122420256665
0.840 0.980 0.40925122420256665
0.840 1.000 0.40925122420256665
0.860 0.020 0.40948871266818826
0.860 0.040 0.40948871266818826
0.860 0.060 0.40948871266818826
0.860 0.080 0.40948871266818826
0.860 0.100 0.40948871266818826
0.860 0.120 0.40948871266818826
0.860 0.140 0.40948871266818826
0.860 0.160 0.40948871266818826
0.860 0.180 0.40948871266818826
0.860 0.200 0.407976612500744
0.860 0.220 0.41190483246500637
0.860 0.240 0.41190483246500637
0.860 0.260 0.41191006007173186
0.860 0.280 0.411578680810035
0.860 0.300 0.411578680810035
0.860 0.320 0.411578680810035
0.860 0.340 0.41167530605994485
0.860 0.360 0.41167530605994485
0.860 0.380 0.40803101232574335
0.860 0.400 0.41058662737657986
0.860 0.420 0.41058662737657986
0.860 0.440 0.41058662737657986
0.860 0.460 0.41058662737657986
0.860 0.480 0.41058662737657986
0.860 0.500 0.41058662737657986
0.860 0.520 0.41058662737657986
0.860 0.540 0.41058662737657986
0.860 0.560 0.41058662737657986
0.860 0.580 0.41058662737657986
0.860 0.600 0.4086838127112595
0.860 0.620 0.4086838127112595
0.860 0.640 0.40897245084410666
0.860 0.660 0.40897245084410666
0.860 0.680 0.4091742617379379
0.860 0.700 0.4091742617379379
0.860 0.720 0.4091742617379379
0.860 0.740 0.4091742617379379
0.860 0.760 0.4091742617379379
0.860 0.780 0.4091742617379379
0.860 0.800 0.4091742617379379
0.860 0.820 0.4092166736076111
0.860 0.840 0.4092166736076111
0.860 0.860 0.4092166736076111
0.860 0.880 0.4092166736076111
0.860 0.900 0.40925122420256665
0.860 0.920 0.40925122420256665
0.860 0.940 0.40925122420256665
0.860 0.960 0.40925122420256665
0.860 0.980 0.40925122420256665
0.860 1.000 0.40925122420256665
0.880 0.020 0.40948871266818826
0.880 0.040 0.40948871266818826
0.880 0.060 0.40948871266818826
0.880 0.080 0.40948871266818826
0.880 0.100 0.40948871266818826
0.880 0.120 0.40948871266818826
0.880 0.140 0.40948871266818826
0.880 0.160 0.40948871266818826
0.880 0.180 0.40948871266818826
0.880 0.200 0.407976612500744
0.880 0.220 0.41190483246500637
0.880 0.240 0.41190483246500637
0.880 0.260 0.41191006007173186
0.880 0.280 0.411578680810035
0.880 0.300 0.411578680810035
0.880 0.320 0.411578680810035
0.880 0.340 0.41167530605994485
0.880 0.360 0.41167530605994485
0.880 0.380 0.40803101232574335
0.880 0.400 0.41058662737657986
0.880 0.420 0.41058662737657986
0.880 0.440 0.41058662737657986
0.880 0.460 0.41058662737657986
0.880 0.480 0.41058662737657986
0.880 0.500 0.41058662737657986
0.880 0.520 0.41058662737657986
0.880 0.540 0.41058662737657986
0.880 0.560 0.41058662737657986
0.880 0.580 0.41058662737657986
0.880 0.600 0.4086838127112595
0.880 0.620 0.4086838127112595
0.880 0.640 0.40897245084410666
0.880 0.660 0.40897245084410666
0.880 0.680 0.4091742617379379
0.880 0.700 0.4091742617379379
0.880 0.720 0.4091742617379379
0.880 0.740 0.4091742617379379
0.880 0.760 0.4091742617379379
0.880 0.780 0.4091742617379379
0.880 0.800 0.4091742617379379
0.880 0.820 0.4092166736076111
0.880 0.840 0.4092166736076111
0.880 0.860 0.4092166736076111
0.880 0.880 0.4092166736076111
0.880 0.900 0.40925122420256665
0.880 0.920 0.40925122420256665
0.880 0.940 0.40925122420256665
0.880 0.960 0.40925122420256665
0.880 0.980 0.40925122420256665
0.880 1.000 0.40925122420256665
0.900 0.020 0.40948871266818826
0.900 0.040 0.40948871266818826
0.900 0.060 0.40948871266818826
0.900 0.080 0.40948871266818826
0.900 0.100 0.40948871266818826
0.900 0.120 0.40948871266818826
0.900 0.140 0.40948871266818826
0.900 0.160 0.40948871266818826
0.900 0.180 0.40948871266818826
0.900 0.200 0.407976612500744
0.900 0.220 0.41190483246500637
0.900 0.240 0.41190483246500637
0.900 0.260 0.41191006007173186
0.900 0.280 0.411578680810035
0.900 0.300 0.411578680810035
0.900 0.320 0.411578680810035
0.900 0.340 0.41167530605994485
0.900 0.360 0.41167530605994485
0.900 0.380 0.40803101232574335
0.900 0.400 0.41058662737657986
0.900 0.420 0.41058662737657986
0.900 0.440 0.41058662737657986
0.900 0.460 0.41058662737657986
0.900 0.480 0.41058662737657986
0.900 0.500 0.41058662737657986
0.900 0.520 0.41058662737657986
0.900 0.540 0.41058662737657986
0.900 0.560 0.41058662737657986
0.900 0.580 0.41058662737657986
0.900 0.600 0.4086838127112595
0.900 0.620 0.4086838127112595
0.900 0.640 0.40897245084410666
0.900 0.660 0.40897245084410666
0.900 0.680 0.4091742617379379
0.900 0.700 0.4091742617379379
0.900 0.720 0.4091742617379379
0.900 0.740 0.4091742617379379
0.900 0.760 0.4091742617379379
0.900 0.780 0.4091742617379379
0.900 0.800 0.4091742617379379
0.900 0.820 0.4092166736076111
0.900 0.840 0.4092166736076111
0.900 0.860 0.4092166736076111
0.900 0.880 0.4092166736076111
0.900 0.900 0.40925122420256665
0.900 0.920 0.40925122420256665
0.900 0.940 0.40925122420256665
0.900 0.960 0.40925122420256665
0.900 0.980 0.40925122420256665
0.900 1.000 0.40925122420256665
0.920 0.020 0.40948871266818826
0.920 0.040 0.40948871266818826
0.920 0.060 0.40948871266818826
0.920 0.080 0.40948871266818826
0.920 0.100 0.40948871266818826
0.920 0.120 0.40948871266818826
0.920 0.140 0.40948871266818826
0.920 0.160 0.40948871266818826
0.920 0.180 0.40948871266818826
0.920 0.200 0.407976612500744
0.920 0.220 0.41190483246500637
0.920 0.240 0.41190483246500637
0.920 0.260 0.41191006007173186
0.920 0.280 0.411578680810035
0.920 0.300 0.411578680810035
0.920 0.320 0.411578680810035
0.920 0.340 0.41167530605994485
0.920 0.360 0.41167530605994485
0.920 0.380 0.40803101232574335
0.920 0.400 0.41058662737657986
0.920 0.420 0.41058662737657986
0.920 0.440 0.41058662737657986
0.920 0.460 0.41058662737657986
0.920 0.480 0.41058662737657986
0.920 0.500 0.41058662737657986
0.920 0.520 0.41058662737657986
0.920 0.540 0.41058662737657986
0.920 0.560 0.41058662737657986
0.920 0.580 0.41058662737657986
0.920 0.600 0.4086838127112595
0.920 0.620 0.4086838127112595
0.920 0.640 0.40897245084410666
0.920 0.660 0.40897245084410666
0.920 0.680 0.4091742617379379
0.920 0.700 0.4091742617379379
0.920 0.720 0.4091742617379379
0.920 0.740 0.4091742617379379
0.920 0.760 0.4091742617379379
0.920 0.780 0.4091742617379379
0.920 0.800 0.4091742617379379
0.920 0.820 0.4092166736076111
0.920 0.840 0.4092166736076111
0.920 0.860 0.4092166736076111
0.920 0.880 0.4092166736076111
0.920 0.900 0.40925122420256665
0.920 0.920 0.40925122420256665
0.920 0.940 0.40925122420256665
0.920 0.960 0.40925122420256665
0.920 0.980 0.40925122420256665
0.920 1.000 0.40925122420256665
0.940 0.020 0.40948871266818826
0.940 0.040 0.40948871266818826
0.940 0.060 0.40948871266818826
0.940 0.080 0.40948871266818826
0.940 0.100 0.40948871266818826
0.940 0.120 0.40948871266818826
0.940 0.140 0.40948871266818826
0.940 0.160 0.40948871266818826
0.940 0.180 0.40948871266818826
0.940 0.200 0.407976612500744
0.940 0.220 0.41190483246500637
0.940 0.240 0.41190483246500637
0.940 0.260 0.41191006007173186
0.940 0.280 0.411578680810035
0.940 0.300 0.411578680810035
0.940 0.320 0.411578680810035
0.940 0.340 0.41167530605994485
0.940 0.360 0.41167530605994485
0.940 0.380 0.40803101232574335
0.940 0.400 0.41058662737657986
0.940 0.420 0.41058662737657986
0.940 0.440 0.41058662737657986
0.940 0.460 0.41058662737657986
0.940 0.480 0.41058662737657986
0.940 0.500 0.41058662737657986
0.940 0.520 0.41058662737657986
0.940 0.540 0.41058662737657986
0.940 0.560 0.41058662737657986
0.940 0.580 0.41058662737657986
0.940 0.600 0.4086838127112595
0.940 0.620 0.4086838127112595
0.940 0.640 0.40897245084410666
0.940 0.660 0.40897245084410666
0.940 0.680 0.4091742617379379
0.940 0.700 0.4091742617379379
0.940 0.720 0.4091742617379379
0.940 0.740 0.4091742617379379
0.940 0.760 0.4091742617379379
0.940 0.780 0.4091742617379379
0.940 0.800 0.4091742617379379
0.940 0.820 0.4092166736076111
0.940 0.840 0.4092166736076111
0.940 0.860 0.4092166736076111
0.940 0.880 0.4092166736076111
0.940 0.900 0.40925122420256665
0.940 0.920 0.40925122420256665
0.940 0.940 0.40925122420256665
0.940 0.960 0.40925122420256665
0.940 0.980 0.40925122420256665
0.940 1.000 0.40925122420256665
0.960 0.020 0.40948871266818826
0.960 0.040 0.40948871266818826
0.960 0.060 0.40948871266818826
0.960 0.080 0.40948871266818826
0.960 0.100 0.40948871266818826
0.960 0.120 0.40948871266818826
0.960 0.140 0.40948871266818826
0.960 0.160 0.40948871266818826
0.960 0.180 0.40948871266818826
0.960 0.200 0.407976612500744
0.960 0.220 0.41190483246500637
0.960 0.240 0.41190483246500637
0.960 0.260 0.41191006007173186
0.960 0.280 0.411578680810035
0.960 0.300 0.411578680810035
0.960 0.320 0.411578680810035
0.960 0.340 0.41167530605994485
0.960 0.360 0.41167530605994485
0.960 0.380 0.40803101232574335
0.960 0.400 0.41058662737657986
0.960 0.420 0.41058662737657986
0.960 0.440 0.41058662737657986
0.960 0.460 0.41058662737657986
0.960 0.480 0.41058662737657986
0.960 0.500 0.41058662737657986
0.960 0.520 0.41058662737657986
0.960 0.540 0.41058662737657986
0.960 0.560 0.41058662737657986
0.960 0.580 0.41058662737657986
0.960 0.600 0.4086838127112595
0.960 0.620 0.4086838127112595
0.960 0.640 0.40897245084410666
0.960 0.660 0.40897245084410666
0.960 0.680 0.4091742617379379
0.960 0.700 0.4091742617379379
0.960 0.720 0.4091742617379379
0.960 0.740 0.4091742617379379
0.960 0.760 0.4091742617379379
0.960 0.780 0.4091742617379379
0.960 0.800 0.4091742617379379
0.960 0.820 0.4092166736076111
0.960 0.840 0.4092166736076111
0.960 0.860 0.4092166736076111
0.960 0.880 0.4092166736076111
0.960 0.900 0.40925122420256665
0.960 0.920 0.40925122420256665
0.960 0.940 0.40925122420256665
0.960 0.960 0.40925122420256665
0.960 0.980 0.40925122420256665
0.960 1.000 0.40925122420256665
0.980 0.020 0.40948871266818826
0.980 0.040 0.40948871266818826
0.980 0.060 0.40948871266818826
0.980 0.080 0.40948871266818826
0.980 0.100 0.40948871266818826
0.980 0.120 0.40948871266818826
0.980 0.140 0.40948871266818826
0.980 0.160 0.40948871266818826
0.980 0.180 0.40948871266818826
0.980 0.200 0.407976612500744
0.980 0.220 0.41190483246500637
0.980 0.240 0.41190483246500637
0.980 0.260 0.41191006007173186
0.980 0.280 0.411578680810035
0.980 0.300 0.411578680810035
0.980 0.320 0.411578680810035
0.980 0.340 0.41167530605994485
0.980 0.360 0.41167530605994485
0.980 0.380 0.40803101232574335
0.980 0.400 0.41058662737657986
0.980 0.420 0.41058662737657986
0.980 0.440 0.41058662737657986
0.980 0.460 0.41058662737657986
0.980 0.480 0.41058662737657986
0.980 0.500 0.41058662737657986
0.980 0.520 0.41058662737657986
0.980 0.540 0.41058662737657986
0.980 0.560 0.41058662737657986
0.980 0.580 0.41058662737657986
0.980 0.600 0.4086838127112595
0.980 0.620 0.4086838127112595
0.980 0.640 0.40897245084410666
0.980 0.660 0.40897245084410666
0.980 0.680 0.4091742617379379
0.980 0.700 0.4091742617379379
0.980 0.720 0.4091742617379379
0.980 0.740 0.4091742617379379
0.980 0.760 0.4091742617379379
0.980 0.780 0.4091742617379379
0.980 0.800 0.4091742617379379
0.980 0.820 0.4092166736076111
0.980 0.840 0.4092166736076111
0.980 0.860 0.4092166736076111
0.980 0.880 0.4092166736076111
0.980 0.900 0.40925122420256665
0.980 0.920 0.40925122420256665
0.980 0.940 0.40925122420256665
0.980 0.960 0.40925122420256665
0.980 0.980 0.40925122420256665
0.980 1.000 0.40925122420256665
1.000 0.020 0.40948871266818826
1.000 0.040 0.40948871266818826
1.000 0.060 0.40948871266818826
1.000 0.080 0.40948871266818826
1.000 0.100 0.40948871266818826
1.000 0.120 0.40948871266818826
1.000 0.140 0.40948871266818826
1.000 0.160 0.40948871266818826
1.000 0.180 0.40948871266818826
1.000 0.200 0.407976612500744
1.000 0.220 0.41190483246500637
1.000 0.240 0.41190483246500637
1.000 0.260 0.41191006007173186
1.000 0.280 0.411578680810035
1.000 0.300 0.411578680810035
1.000 0.320 0.411578680810035
1.000 0.340 0.41167530605994485
1.000 0.360 0.41167530605994485
1.000 0.380 0.40803101232574335
1.000 0.400 0.41058662737657986
1.000 0.420 0.41058662737657986
1.000 0.440 0.41058662737657986
1.000 0.460 0.41058662737657986
1.000 0.480 0.41058662737657986
1.000 0.500 0.41058662737657986
1.000 0.520 0.41058662737657986
1.000 0.540 0.41058662737657986
1.000 0.560 0.41058662737657986
1.000 0.580 0.41058662737657986
1.000 0.600 0.4086838127112595
1.000 0.620 0.4086838127112595
1.000 0.640 0.40897245084410666
1.000 0.660 0.40897245084410666
1.000 0.680 0.4091742617379379
1.000 0.700 0.4091742617379379
1.000 0.720 0.4091742617379379
1.000 0.740 0.4091742617379379
1.000 0.760 0.4091742617379379
1.000 0.780 0.4091742617379379
1.000 0.800 0.4091742617379379
1.000 0.820 0.4092166736076111
1.000 0.840 0.4092166736076111
1.000 0.860 0.4092166736076111
1.000 0.880 0.4092166736076111
1.000 0.900 0.40925122420256665
1.000 0.920 0.40925122420256665
1.000 0.940 0.40925122420256665
1.000 0.960 0.40925122420256665
1.000 0.980 0.40925122420256665
1.000 1.000 0.40925122420256665
