0.050 0.050 0.040 17.951304366690202
0.050 0.100 0.040 17.93335890292957
0.050 0.150 0.040 17.931734892839724
0.050 0.200 0.040 17.92589501520938
0.050 0.250 0.040 17.923492380165232
0.050 0.300 0.040 17.923492380165232
0.050 0.350 0.040 17.923492380165232
0.050 0.400 0.040 17.923492380165232
0.050 0.450 0.040 17.923492380165232
0.050 0.500 0.040 17.919974619744707
0.050 0.550 0.040 17.91421821302199
0.050 0.600 0.040 17.91421821302199
0.050 0.650 0.040 17.91421821302199
0.050 0.700 0.040 17.91421821302199
0.050 0.750 0.040 17.913876106452886
0.050 0.800 0.040 17.913876106452886
0.050 0.850 0.040 17.913876106452886
0.050 0.900 0.040 17.913876106452886
0.050 0.950 0.040 17.913876106452886
0.050 1.000 0.040 17.913876106452886
0.100 0.050 0.040 18.06645839213678
0.100 0.100 0.040 18.01158827255729
0.100 0.150 0.040 18.01061155551343
0.100 0.200 0.040 18.007508509609796
0.100 0.250 0.040 18.001721772526395
0.100 0.300 0.040 18.001721772526395
0.100 0.350 0.040 18.001721772526395
0.100 0.400 0.040 18.001721772526395
0.100 0.450 0.040 18.001709838169482
0.100 0.500 0.040 17.996385676810807
0.100 0.550 0.040 17.96215086411992
0.100 0.600 0.040 17.96215086411992
0.100 0.650 0.040 17.96215086411992
0.100 0.700 0.040 17.96215086411992
0.100 0.750 0.040 17.961820598647193
0.100 0.800 0.040 17.961820598647193
0.100 0.850 0.040 17.961820598647193
0.100 0.900 0.040 17.961820598647193
0.100 0.950 0.040 17.961820598647193
0.100 1.000 0.040 17.961820598647193
0.150 0.050 0.040 18.010525391456206
0.150 0.100 0.040 17.96926018206364
0.150 0.150 0.040 17.968567567772087
0.150 0.200 0.040 17.965974591483164
0.150 0.250 0.040 17.963584142248603
0.150 0.300 0.040 17.963584142248603
0.150 0.350 0.040 17.97641257409263
0.150 0.400 0.040 17.97641257409263
0.150 0.450 0.040 17.97641257409263
0.150 0.500 0.040 17.96259533126646
0.150 0.550 0.040 17.96215086411992
0.150 0.600 0.040 17.96215086411992
0.150 0.650 0.040 17.96215086411992
0.150 0.700 0.040 17.96215086411992
0.150 0.750 0.040 17.961820598647193
0.150 0.800 0.040 17.961820598647193
0.150 0.850 0.040 17.961820598647193
0.150 0.900 0.040 17.961820598647193
0.150 0.950 0.040 17.961820598647193
0.150 1.000 0.040 17.961820598647193
0.200 0.050 0.040 18.010525391456206
0.200 0.100 0.040 17.96926018206364
0.200 0.150 0.040 17.968567567772087
0.200 0.200 0.040 17.965974591483164
0.200 0.250 0.040 17.963584142248603
0.200 0.300 0.040 17.963584142248603
0.200 0.350 0.040 17.96575496373472
0.200 0.400 0.040 17.96575496373472
0.200 0.450 0.040 17.96575496373472
0.200 0.500 0.040 17.96259533126646
0.200 0.550 0.040 17.96215086411992
0.200 0.600 0.040 17.96215086411992
0.200 0.650 0.040 17.96215086411992
0.200 0.700 0.040 17.96215086411992
0.200 0.750 0.040 17.961820598647193
0.200 0.800 0.040 17.961820598647193
0.200 0.850 0.040 17.961820598647193
0.200 0.900 0.040 17.961820598647193
0.200 0.950 0.040 17.961820598647193
0.200 1.000 0.040 17.961820598647193
0.250 0.050 0.040 18.010525391456206
0.250 0.100 0.040 17.96926018206364
0.250 0.150 0.040 17.968567567772087
0.250 0.200 0.040 17.965974591483164
0.250 0.250 0.040 17.963584142248603
0.250 0.300 0.040 17.963584142248603
0.250 0.350 0.040 17.96575496373472
0.250 0.400 0.040 17.96575496373472
0.250 0.450 0.040 17.96575496373472
0.250 0.500 0.040 17.96259533126646
0.250 0.550 0.040 17.96215086411992
0.250 0.600 0.040 17.96215086411992
0.250 0.650 0.040 17.96215086411992
0.250 0.700 0.040 17.96215086411992
0.250 0.750 0.040 17.961820598647193
0.250 0.800 0.040 17.961820598647193
0.250 0.850 0.040 17.961820598647193
0.250 0.900 0.040 17.961820598647193
0.250 0.950 0.040 17.961820598647193
0.250 1.000 0.040 17.961820598647193
0.300 0.050 0.040 18.001319042705195
0.300 0.100 0.040 17.96926018206364
0.300 0.150 0.040 17.968567567772087
0.300 0.200 0.040 17.965974591483164
0.300 0.250 0.040 17.963584142248603
0.300 0.300 0.040 17.963584142248603
0.300 0.350 0.040 17.96575496373472
0.300 0.400 0.040 17.96575496373472
0.300 0.450 0.040 17.96575496373472
0.300 0.500 0.040 17.96259533126646
0.300 0.550 0.040 17.96215086411992
0.300 0.600 0.040 17.96215086411992
0.300 0.650 0.040 17.96215086411992
0.300 0.700 0.040 17.96215086411992
0.300 0.750 0.040 17.961820598647193
0.300 0.800 0.040 17.961820598647193
0.300 0.850 0.040 17.961820598647193
0.300 0.900 0.040 17.961820598647193
0.300 0.950 0.040 17.961820598647193
0.300 1.000 0.040 17.961820598647193
0.350 0.050 0.040 18.005309115561992
0.350 0.100 0.040 17.96949208008954
0.350 0.150 0.040 17.968567567772087
0.350 0.200 0.040 17.965974591483164
0.350 0.250 0.040 17.963584142248603
0.350 0.300 0.040 17.963584142248603
0.350 0.350 0.040 17.96575496373472
0.350 0.400 0.040 17.96575496373472
0.350 0.450 0.040 17.96575496373472
0.350 0.500 0.040 17.96259533126646
0.350 0.550 0.040 17.96215086411992
0.350 0.600 0.040 17.96215086411992
0.350 0.650 0.040 17.96215086411992
0.350 0.700 0.040 17.96215086411992
0.350 0.750 0.040 17.961820598647193
0.350 0.800 0.040 17.961820598647193
0.350 0.850 0.040 17.961820598647193
0.350 0.900 0.040 17.961820598647193
0.350 0.950 0.040 17.961820598647193
0.350 1.000 0.040 17.961820598647193
0.400 0.050 0.040 18.06981081087534
0.400 0.100 0.040 17.998525866838598
0.400 0.150 0.040 17.997614684138885
0.400 0.200 0.040 17.99571135289152
0.400 0.250 0.040 17.993360316946593
0.400 0.300 0.040 17.993360316946593
0.400 0.350 0.040 17.99313725199108
0.400 0.400 0.040 17.99313725199108
0.400 0.450 0.040 17.99313725199108
0.400 0.500 0.040 17.99691112973745
0.400 0.550 0.040 17.991720092486705
0.400 0.600 0.040 17.991720092486705
0.400 0.650 0.040 17.991640527764524
0.400 0.700 0.040 17.991640527764524
0.400 0.750 0.040 17.991321858511103
0.400 0.800 0.040 17.991321858511103
0.400 0.850 0.040 17.991321858511103
0.400 0.900 0.040 17.991321858511103
0.400 0.950 0.040 17.991321858511103
0.400 1.000 0.040 17.991321858511103
0.450 0.050 0.040 18.06981081087534
0.450 0.100 0.040 17.998525866838598
0.450 0.150 0.040 17.997614684138885
0.450 0.200 0.040 17.99571135289152
0.450 0.250 0.040 17.993360316946593
0.450 0.300 0.040 17.993360316946593
0.450 0.350 0.040 17.99313725199108
0.450 0.400 0.040 17.99313725199108
0.450 0.450 0.040 17.99313725199108
0.450 0.500 0.040 17.99691112973745
0.450 0.550 0.040 17.991720092486705
0.450 0.600 0.040 17.991720092486705
0.450 0.650 0.040 17.991640527764524
0.450 0.700 0.040 17.991640527764524
0.450 0.750 0.040 17.991321858511103
0.450 0.800 0.040 17.991321858511103
0.450 0.850 0.040 17.991321858511103
0.450 0.900 0.040 17.991321858511103
0.450 0.950 0.040 17.991321858511103
0.450 1.000 0.040 17.991321858511103
0.500 0.050 0.040 18.070939335839483
0.500 0.100 0.040 17.99669188743332
0.500 0.150 0.040 17.99577538285489
0.500 0.200 0.040 17.994913312573065
0.500 0.250 0.040 17.992549444813996
0.500 0.300 0.040 17.992549444813996
0.500 0.350 0.040 17.993310946592644
0.500 0.400 0.040 17.993051814117784
0.500 0.450 0.040 17.993051814117784
0.500 0.500 0.040 17.9940846529501
0.500 0.550 0.040 17.99085090399931
0.500 0.600 0.040 17.99085090399931
0.500 0.650 0.040 17.990769605447383
0.500 0.700 0.040 17.990769605447383
0.500 0.750 0.040 17.99045156101975
0.500 0.800 0.040 17.99045156101975
0.500 0.850 0.040 17.99045156101975
0.500 0.900 0.040 17.99045156101975
0.500 0.950 0.040 17.99045156101975
0.500 1.000 0.040 17.99045156101975
0.550 0.050 0.040 18.070939335839483
0.550 0.100 0.040 17.99669188743332
0.550 0.150 0.040 17.99577538285489
0.550 0.200 0.040 17.994913312573065
0.550 0.250 0.040 17.992549444813996
0.550 0.300 0.040 17.992549444813996
0.550 0.350 0.040 17.992555287479906
0.550 0.400 0.040 17.992555287479906
0.550 0.450 0.040 17.992555287479906
0.550 0.500 0.040 17.9940846529501
0.550 0.550 0.040 17.99085090399931
0.550 0.600 0.040 17.99085090399931
0.550 0.650 0.040 17.990769605447383
0.550 0.700 0.040 17.990769605447383
0.550 0.750 0.040 17.99045156101975
0.550 0.800 0.040 17.99045156101975
0.550 0.850 0.040 17.99045156101975
0.550 0.900 0.040 17.99045156101975
0.550 0.950 0.040 17.99045156101975
0.550 1.000 0.040 17.99045156101975
0.600 0.050 0.040 18.070939335839483
0.600 0.100 0.040 17.99669188743332
0.600 0.150 0.040 17.99577538285489
0.600 0.200 0.040 17.994913312573065
0.600 0.250 0.040 17.992549444813996
0.600 0.300 0.040 17.992549444813996
0.600 0.350 0.040 17.992555287479906
0.600 0.400 0.040 17.992555287479906
0.600 0.450 0.040 17.992555287479906
0.600 0.500 0.040 17.9940846529501
0.600 0.550 0.040 17.99085090399931
0.600 0.600 0.040 17.99085090399931
0.600 0.650 0.040 17.990769605447383
0.600 0.700 0.040 17.990769605447383
0.600 0.750 0.040 17.99045156101975
0.600 0.800 0.040 17.99045156101975
0.600 0.850 0.040 17.99045156101975
0.600 0.900 0.040 17.99045156101975
0.600 0.950 0.040 17.99045156101975
0.600 1.000 0.040 17.99045156101975
0.650 0.050 0.040 18.091847360270304
0.650 0.100 0.040 18.007061676252725
0.650 0.150 0.040 18.005868774485464
0.650 0.200 0.040 18.00391782546078
0.650 0.250 0.040 18.001654846894947
0.650 0.300 0.040 18.001654846894947
0.650 0.350 0.040 17.994566473638194
0.650 0.400 0.040 17.996342362478508
0.650 0.450 0.040 17.996342362478508
0.650 0.500 0.040 17.99328405519251
0.650 0.550 0.040 18.00115785407218
0.650 0.600 0.040 18.00115785407218
0.650 0.650 0.040 18.001175131167393
0.650 0.700 0.040 18.001175131167393
0.650 0.750 0.040 18.000859608504793
0.650 0.800 0.040 18.000763189975647
0.650 0.850 0.040 18.000763189975647
0.650 0.900 0.040 18.00063705941
0.650 0.950 0.040 18.00063705941
0.650 1.000 0.040 17.992658007114684
0.700 0.050 0.040 18.084545118774372
0.700 0.100 0.040 18.08389753444872
0.700 0.150 0.040 17.97657876958866
0.700 0.200 0.040 17.97447252413103
0.700 0.250 0.040 17.970532093471324
0.700 0.300 0.040 17.970532093471324
0.700 0.350 0.040 17.97546814927805
0.700 0.400 0.040 17.97546814927805
0.700 0.450 0.040 17.97546814927805
0.700 0.500 0.040 17.966720717410244
0.700 0.550 0.040 17.966427450244467
0.700 0.600 0.040 17.966427450244467
0.700 0.650 0.040 17.966427450244467
0.700 0.700 0.040 17.97475039488758
0.700 0.750 0.040 17.974449839397884
0.700 0.800 0.040 17.974449839397884
0.700 0.850 0.040 17.974430823904946
0.700 0.900 0.040 17.97423523082687
0.700 0.950 0.040 17.974252571972194
0.700 1.000 0.040 17.972795737606415
0.750 0.050 0.040 18.084545118774372
0.750 0.100 0.040 18.08389753444872
0.750 0.150 0.040 17.97657876958866
0.750 0.200 0.040 17.97447252413103
0.750 0.250 0.040 17.970532093471324
0.750 0.300 0.040 17.970532093471324
0.750 0.350 0.040 17.97546814927805
0.750 0.400 0.040 17.97546814927805
0.750 0.450 0.040 17.97546814927805
0.750 0.500 0.040 17.966720717410244
0.750 0.550 0.040 17.966427450244467
0.750 0.600 0.040 17.966427450244467
0.750 0.650 0.040 17.966427450244467
0.750 0.700 0.040 17.97475039488758
0.750 0.750 0.040 17.974449839397884
0.750 0.800 0.040 17.974449839397884
0.750 0.850 0.040 17.974430823904946
0.750 0.900 0.040 17.97423523082687
0.750 0.950 0.040 17.974252571972194
0.750 1.000 0.040 17.972795737606415
0.800 0.050 0.040 18.084545118774372
0.800 0.100 0.040 18.08389753444872
0.800 0.150 0.040 17.97657876958866
0.800 0.200 0.040 17.97447252413103
0.800 0.250 0.040 17.970532093471324
0.800 0.300 0.040 17.970532093471324
0.800 0.350 0.040 17.97546814927805
0.800 0.400 0.040 17.97546814927805
0.800 0.450 0.040 17.97546814927805
0.800 0.500 0.040 17.983608128006974
0.800 0.550 0.040 17.966427450244467
0.800 0.600 0.040 17.966427450244467
0.800 0.650 0.040 17.966427450244467
0.800 0.700 0.040 17.97475039488758
0.800 0.750 0.040 17.974449839397884
0.800 0.800 0.040 17.974449839397884
0.800 0.850 0.040 17.974430823904946
0.800 0.900 0.040 17.97423523082687
0.800 0.950 0.040 17.974252571972194
0.800 1.000 0.040 17.982189027239944
0.850 0.050 0.040 18.156407716800118
0.850 0.100 0.040 18.004297232071206
0.850 0.150 0.040 18.00322698909495
0.850 0.200 0.040 18.00086482881445
0.850 0.250 0.040 17.997267875892128
0.850 0.300 0.040 17.997267875892128
0.850 0.350 0.040 17.998297874489978
0.850 0.400 0.040 17.998297874489978
0.850 0.450 0.040 17.998297874489978
0.850 0.500 0.040 17.99846799170833
0.850 0.550 0.040 18.01060159649821
0.850 0.600 0.040 18.01060159649821
0.850 0.650 0.040 18.01060159649821
0.850 0.700 0.040 18.01060159649821
0.850 0.750 0.040 18.010308608033398
0.850 0.800 0.040 18.010308608033398
0.850 0.850 0.040 18.010308608033398
0.850 0.900 0.040 18.01018149071295
0.850 0.950 0.040 17.80146156562524
0.850 1.000 0.040 17.80146156562524
0.900 0.050 0.040 18.18128088331103
0.900 0.100 0.040 18.157865666197452
0.900 0.150 0.040 18.016460783429007
0.900 0.200 0.040 18.01410523547565
0.900 0.250 0.040 18.01074996056994
0.900 0.300 0.040 18.01074996056994
0.900 0.350 0.040 18.011325211049158
0.900 0.400 0.040 18.012264366782862
0.900 0.450 0.040 18.012264366782862
0.900 0.500 0.040 18.005232400154433
0.900 0.550 0.040 18.01060159649821
0.900 0.600 0.040 18.01060159649821
0.900 0.650 0.040 18.01060159649821
0.900 0.700 0.040 18.01060159649821
0.900 0.750 0.040 18.010308608033398
0.900 0.800 0.040 18.010308608033398
0.900 0.850 0.040 18.010308608033398
0.900 0.900 0.040 18.01018149071295
0.900 0.950 0.040 17.80146156562524
0.900 1.000 0.040 17.80146156562524
0.950 0.050 0.040 18.18128088331103
0.950 0.100 0.040 18.157865666197452
0.950 0.150 0.040 18.016460783429007
0.950 0.200 0.040 18.01410523547565
0.950 0.250 0.040 18.01074996056994
0.950 0.300 0.040 18.01074996056994
0.950 0.350 0.040 18.011325211049158
0.950 0.400 0.040 18.012264366782862
0.950 0.450 0.040 18.012264366782862
0.950 0.500 0.040 18.005232400154433
0.950 0.550 0.040 18.01060159649821
0.950 0.600 0.040 18.01060159649821
0.950 0.650 0.040 18.01060159649821
0.950 0.700 0.040 18.01060159649821
0.950 0.750 0.040 18.010308608033398
0.950 0.800 0.040 18.010308608033398
0.950 0.850 0.040 18.010308608033398
0.950 0.900 0.040 18.01018149071295
0.950 0.950 0.040 17.80146156562524
0.950 1.000 0.040 17.80146156562524
1.000 0.050 0.040 18.031620204091123
1.000 0.100 0.040 18.02100161062455
1.000 0.150 0.040 18.013337135464354
1.000 0.200 0.040 18.01158847758601
1.000 0.250 0.040 18.01064461913226
1.000 0.300 0.040 18.01064461913226
1.000 0.350 0.040 18.011220371114717
1.000 0.400 0.040 18.01215965993414
1.000 0.450 0.040 18.01215965993414
1.000 0.500 0.040 18.005127217943013
1.000 0.550 0.040 18.01049708876928
1.000 0.600 0.040 18.01049708876928
1.000 0.650 0.040 18.01049708876928
1.000 0.700 0.040 18.01049708876928
1.000 0.750 0.040 18.0102041168703
1.000 0.800 0.040 18.0102041168703
1.000 0.850 0.040 18.0102041168703
1.000 0.900 0.040 18.01018149071295
1.000 0.950 0.040 17.80146156562524
1.000 1.000 0.040 17.80146156562524
