0.050 0.050 0.5297283956115666
0.050 0.100 0.5292487318270693
0.050 0.150 0.5296949319861877
0.050 0.200 0.5296949319861877
0.050 0.250 0.529716460370715
0.050 0.300 0.529716460370715
0.050 0.350 0.529716460370715
0.050 0.400 0.529716460370715
0.050 0.450 0.529716460370715
0.050 0.500 0.529716460370715
0.050 0.550 0.529716460370715
0.050 0.600 0.5294222622552159
0.050 0.650 0.5294222622552159
0.050 0.700 0.5294222622552159
0.050 0.750 0.5293834071292721
0.050 0.800 0.5292385522907057
0.050 0.850 0.5292385522907057
0.050 0.900 0.5292385522907057
0.050 0.950 0.5289733564092411
0.050 1.000 0.5289733564092411
0.100 0.050 0.5295377232942525
0.100 0.100 0.5297519736876756
0.100 0.150 0.5297272141880197
0.100 0.200 0.5297272141880197
0.100 0.250 0.5297122820140837
0.100 0.300 0.5297122820140837
0.100 0.350 0.5297122820140837
0.100 0.400 0.5297122820140837
0.100 0.450 0.5297122820140837
0.100 0.500 0.5297122820140837
0.100 0.550 0.5297122820140837
0.100 0.600 0.5294166172964659
0.100 0.650 0.5294166172964659
0.100 0.700 0.5294166172964659
0.100 0.750 0.5293777880882337
0.100 0.800 0.5292353741789642
0.100 0.850 0.5289731783466152
0.100 0.900 0.5289731783466152
0.100 0.950 0.5289731783466152
0.100 1.000 0.5289731783466152
0.150 0.050 0.5298333775518362
0.150 0.100 0.5297519736876756
0.150 0.150 0.5297272141880197
0.150 0.200 0.5297272141880197
0.150 0.250 0.5297159560249721
0.150 0.300 0.5297159560249721
0.150 0.350 0.5297159560249721
0.150 0.400 0.5297770557734339
0.150 0.450 0.5297248818374637
0.150 0.500 0.5297248818374637
0.150 0.550 0.5297248818374637
0.150 0.600 0.529413444738916
0.150 0.650 0.529413444738916
0.150 0.700 0.529413444738916
0.150 0.750 0.5293798673339783
0.150 0.800 0.5292346522234062
0.150 0.850 0.5289720921498712
0.150 0.900 0.5289720921498712
0.150 0.950 0.5289720921498712
0.150 1.000 0.5289720921498712
0.200 0.050 0.5299560327295316
0.200 0.100 0.5299509368306988
0.200 0.150 0.5299018565437769
0.200 0.200 0.5299018565437769
0.200 0.250 0.5299014954257539
0.200 0.300 0.5299014954257539
0.200 0.350 0.5299014954257539
0.200 0.400 0.5299620716890351
0.200 0.450 0.5299098953676628
0.200 0.500 0.5299098953676628
0.200 0.550 0.5299098953676628
0.200 0.600 0.5295985353762177
0.200 0.650 0.5295985353762177
0.200 0.700 0.5295985353762177
0.200 0.750 0.5295650536609317
0.200 0.800 0.5294211942801152
0.200 0.850 0.5291598362910337
0.200 0.900 0.5291598362910337
0.200 0.950 0.5291598362910337
0.200 1.000 0.5291598362910337
0.250 0.050 0.5311820083326431
0.250 0.100 0.5311536231449001
0.250 0.150 0.5311268235271966
0.250 0.200 0.5311268235271966
0.250 0.250 0.5311258241431297
0.250 0.300 0.5311258241431297
0.250 0.350 0.5311258241431297
0.250 0.400 0.5311258241431297
0.250 0.450 0.5310743155191467
0.250 0.500 0.5310877134054818
0.250 0.550 0.5310877134054818
0.250 0.600 0.530788738395767
0.250 0.650 0.530788738395767
0.250 0.700 0.530788738395767
0.250 0.750 0.5307566626193848
0.250 0.800 0.5294211942801152
0.250 0.850 0.5291598362910337
0.250 0.900 0.5291598362910337
0.250 0.950 0.5291598362910337
0.250 1.000 0.5291598362910337
0.300 0.050 0.5247657660256936
0.300 0.100 0.5247032454614703
0.300 0.150 0.5246896944813363
0.300 0.200 0.5246896944813363
0.300 0.250 0.5246872563867903
0.300 0.300 0.5246872563867903
0.300 0.350 0.5246872563867903
0.300 0.400 0.5246872563867903
0.300 0.450 0.5246872563867903
0.300 0.500 0.5246925723792972
0.300 0.550 0.5246925723792972
0.300 0.600 0.5243733074939891
0.300 0.650 0.5243733074939891
0.300 0.700 0.5243733074939891
0.300 0.750 0.5243396494744628
0.300 0.800 0.5294211942801152
0.300 0.850 0.5291598362910337
0.300 0.900 0.5291598362910337
0.300 0.950 0.5291598362910337
0.300 1.000 0.5291598362910337
0.350 0.050 0.5246093304164247
0.350 0.100 0.5244978751549644
0.350 0.150 0.5246269390163336
0.350 0.200 0.5246269390163336
0.350 0.250 0.5246872563867903
0.350 0.300 0.5246872563867903
0.350 0.350 0.5246872563867903
0.350 0.400 0.5246872563867903
0.350 0.450 0.5246872563867903
0.350 0.500 0.5246925723792972
0.350 0.550 0.5246925723792972
0.350 0.600 0.5243733074939891
0.350 0.650 0.5243733074939891
0.350 0.700 0.5243733074939891
0.350 0.750 0.5243396494744628
0.350 0.800 0.5294211942801152
0.350 0.850 0.5291598362910337
0.350 0.900 0.5291598362910337
0.350 0.950 0.5291598362910337
0.350 1.000 0.5291598362910337
0.400 0.050 0.5246093304164247
0.400 0.100 0.5247741022170973
0.400 0.150 0.5247010294178436
0.400 0.200 0.5247010294178436
0.400 0.250 0.5247606092578144
0.400 0.300 0.5247606092578144
0.400 0.350 0.5247606092578144
0.400 0.400 0.5247606092578144
0.400 0.450 0.5247606092578144
0.400 0.500 0.5247678215003536
0.400 0.550 0.5247678215003536
0.400 0.600 0.5243733074939891
0.400 0.650 0.5243733074939891
0.400 0.700 0.5243733074939891
0.400 0.750 0.5243396494744628
0.400 0.800 0.5264280095356485
0.400 0.850 0.5261692658204608
0.400 0.900 0.5261692658204608
0.400 0.950 0.5261692658204608
0.400 1.000 0.5261692658204608
0.450 0.050 0.5246093304164247
0.450 0.100 0.5247057900111364
0.450 0.150 0.5246337001061685
0.450 0.200 0.5246337001061685
0.450 0.250 0.5246932270244646
0.450 0.300 0.5246932270244646
0.450 0.350 0.5246932270244646
0.450 0.400 0.5246932270244646
0.450 0.450 0.5246932270244646
0.450 0.500 0.5246995751552299
0.450 0.550 0.5246995751552299
0.450 0.600 0.5243733074939891
0.450 0.650 0.5243733074939891
0.450 0.700 0.5243733074939891
0.450 0.750 0.5243396494744628
0.450 0.800 0.5264280095356485
0.450 0.850 0.5261692658204608
0.450 0.900 0.5261692658204608
0.450 0.950 0.5261692658204608
0.450 1.000 0.5261692658204608
0.500 0.050 0.5241096211746245
0.500 0.100 0.5242486171155326
0.500 0.150 0.5241650634444337
0.500 0.200 0.5241650634444337
0.500 0.250 0.5242061920116486
0.500 0.300 0.5242061920116486
0.500 0.350 0.5242061920116486
0.500 0.400 0.5242061920116486
0.500 0.450 0.5242061920116486
0.500 0.500 0.5242011191668444
0.500 0.550 0.5242011191668444
0.500 0.600 0.5238887607753046
0.500 0.650 0.5238887607753046
0.500 0.700 0.5238887607753046
0.500 0.750 0.5238548824827803
0.500 0.800 0.5264280095356485
0.500 0.850 0.5261692658204608
0.500 0.900 0.5261692658204608
0.500 0.950 0.5261692658204608
0.500 1.000 0.5261692658204608
0.550 0.050 0.5241096211746245
0.550 0.100 0.5241933653209948
0.550 0.150 0.5241152830654575
0.550 0.200 0.5241152830654575
0.550 0.250 0.5241461768791027
0.550 0.300 0.5241461768791027
0.550 0.350 0.5241460435374038
0.550 0.400 0.5241460435374038
0.550 0.450 0.5241460435374038
0.550 0.500 0.5241460435374038
0.550 0.550 0.5241460435374038
0.550 0.600 0.5238328922098475
0.550 0.650 0.5238328922098475
0.550 0.700 0.5238328922098475
0.550 0.750 0.5237989671792761
0.550 0.800 0.5264280095356485
0.550 0.850 0.5261692658204608
0.550 0.900 0.5261692658204608
0.550 0.950 0.5261692658204608
0.550 1.000 0.5261692658204608
0.600 0.050 0.5260412386413604
0.600 0.100 0.5268539070034776
0.600 0.150 0.5268640524456365
0.600 0.200 0.5268640524456365
0.600 0.250 0.5270212071206053
0.600 0.300 0.5270212071206053
0.600 0.350 0.5270212071206053
0.600 0.400 0.5270212071206053
0.600 0.450 0.5270212071206053
0.600 0.500 0.5270212071206053
0.600 0.550 0.5267559027361238
0.600 0.600 0.5259225902965621
0.600 0.650 0.5259225902965621
0.600 0.700 0.5259225902965621
0.600 0.750 0.5258880917489405
0.600 0.800 0.5257394958359131
0.600 0.850 0.5254796791083489
0.600 0.900 0.5254796791083489
0.600 0.950 0.5254796791083489
0.600 1.000 0.5254796791083489
0.650 0.050 0.5262528457554889
0.650 0.100 0.5262961514460501
0.650 0.150 0.5261130252597419
0.650 0.200 0.5261130252597419
0.650 0.250 0.5261274073487928
0.650 0.300 0.5261274073487928
0.650 0.350 0.5261274073487928
0.650 0.400 0.5261274073487928
0.650 0.450 0.5261274073487928
0.650 0.500 0.5261274073487928
0.650 0.550 0.5258587487825367
0.650 0.600 0.5250466356426104
0.650 0.650 0.5250466356426104
0.650 0.700 0.5250466356426104
0.650 0.750 0.5250119022656365
0.650 0.800 0.5256840151912696
0.650 0.850 0.5254241663319461
0.650 0.900 0.5254241663319461
0.650 0.950 0.5254241663319461
0.650 1.000 0.5254241663319461
0.700 0.050 0.5268107373414925
0.700 0.100 0.5256129948211172
0.700 0.150 0.5253489530324993
0.700 0.200 0.5253489530324993
0.700 0.250 0.5253652673435526
0.700 0.300 0.5253652673435526
0.700 0.350 0.5253652673435526
0.700 0.400 0.5253652673435526
0.700 0.450 0.5253130231646894
0.700 0.500 0.5253130231646894
0.700 0.550 0.5253130231646894
0.700 0.600 0.5261500853743681
0.700 0.650 0.5261500853743681
0.700 0.700 0.5261500853743681
0.700 0.750 0.5261156126882981
0.700 0.800 0.5234377952247493
0.700 0.850 0.5234313172867318
0.700 0.900 0.5234313172867318
0.700 0.950 0.5231384567145523
0.700 1.000 0.5231384567145523
0.750 0.050 0.5281800602343678
0.750 0.100 0.5256129948211172
0.750 0.150 0.5253489530324993
0.750 0.200 0.5253489530324993
0.750 0.250 0.5253652673435526
0.750 0.300 0.5253652673435526
0.750 0.350 0.5253652673435526
0.750 0.400 0.5253652673435526
0.750 0.450 0.5253130231646894
0.750 0.500 0.5253130231646894
0.750 0.550 0.5253130231646894
0.750 0.600 0.5264041386563968
0.750 0.650 0.5263544597576275
0.750 0.700 0.5263544597576275
0.750 0.750 0.5263202977914716
0.750 0.800 0.5234377952247493
0.750 0.850 0.5234313172867318
0.750 0.900 0.5234313172867318
0.750 0.950 0.5231384567145523
0.750 1.000 0.5231384567145523
0.800 0.050 0.5277726693961069
0.800 0.100 0.5289049185100386
0.800 0.150 0.5286225814675594
0.800 0.200 0.5285235267258765
0.800 0.250 0.5287035198501797
0.800 0.300 0.5287035198501797
0.800 0.350 0.5285268751623211
0.800 0.400 0.5284810971152133
0.800 0.450 0.5284288771013126
0.800 0.500 0.5284288771013126
0.800 0.550 0.5277487827158229
0.800 0.600 0.5278602736330634
0.800 0.650 0.5261770700466877
0.800 0.700 0.5261770700466877
0.800 0.750 0.5261422894615564
0.800 0.800 0.5274207658219905
0.800 0.850 0.5267499145617711
0.800 0.900 0.5267499145617711
0.800 0.950 0.5267057591253486
0.800 1.000 0.5265846796656474
0.850 0.050 0.5285707031085753
0.850 0.100 0.5281874153122064
0.850 0.150 0.5284270384624218
0.850 0.200 0.5282025315034136
0.850 0.250 0.5282309163735947
0.850 0.300 0.5281969388047218
0.850 0.350 0.5282061260492671
0.850 0.400 0.5281602958419841
0.850 0.450 0.5281080797110831
0.850 0.500 0.5281080797110831
0.850 0.550 0.5274261349047618
0.850 0.600 0.5278602736330634
0.850 0.650 0.5261770700466877
0.850 0.700 0.5261770700466877
0.850 0.750 0.5261422894615564
0.850 0.800 0.5274207658219905
0.850 0.850 0.5267499145617711
0.850 0.900 0.5267499145617711
0.850 0.950 0.5267057591253486
0.850 1.000 0.5265846796656474
0.900 0.050 0.5253391699967482
0.900 0.100 0.5255911938873384
0.900 0.150 0.5256693131679209
0.900 0.200 0.5256203709917635
0.900 0.250 0.5256581452805053
0.900 0.300 0.5256059369369823
0.900 0.350 0.5255631429178514
0.900 0.400 0.5254694694477902
0.900 0.450 0.5249283768304768
0.900 0.500 0.5249283768304768
0.900 0.550 0.5256156125547152
0.900 0.600 0.527700412695181
0.900 0.650 0.527465637062542
0.900 0.700 0.527465637062542
0.900 0.750 0.5274260926340992
0.900 0.800 0.527983549265604
0.900 0.850 0.5270024987674314
0.900 0.900 0.5270024987674314
0.900 0.950 0.5276275978769082
0.900 1.000 0.529423852043841
0.950 0.050 0.5254173173418515
0.950 0.100 0.5245146390853309
0.950 0.150 0.5242691056499282
0.950 0.200 0.5241681831767075
0.950 0.250 0.524336858274095
0.950 0.300 0.524336858274095
0.950 0.350 0.5242987136016221
0.950 0.400 0.5242050013637748
0.950 0.450 0.5241528481450642
0.950 0.500 0.5241528481450642
0.950 0.550 0.5235605326899141
0.950 0.600 0.5282700930638706
0.950 0.650 0.528252451644887
0.950 0.700 0.528252451644887
0.950 0.750 0.5282131371185945
0.950 0.800 0.5273433203029866
0.950 0.850 0.5263680479959711
0.950 0.900 0.5263680479959711
0.950 0.950 0.52699099778109
0.950 1.000 0.5287539706921448
1.000 0.050 0.5277667158897005
1.000 0.100 0.5288027059977982
1.000 0.150 0.5283901709214213
1.000 0.200 0.5282704367986161
1.000 0.250 0.5284881041610647
1.000 0.300 0.5284881041610647
1.000 0.350 0.528464564905221
1.000 0.400 0.5284194632098054
1.000 0.450 0.5283673327764161
1.000 0.500 0.5283673327764161
1.000 0.550 0.5281023107132418
1.000 0.600 0.5286403437645606
1.000 0.650 0.528622702345577
1.000 0.700 0.528622702345577
1.000 0.750 0.5285834828302874
1.000 0.800 0.526497949944497
1.000 0.850 0.5272681970299951
1.000 0.900 0.5272681970299951
1.000 0.950 0.5262655524310638
1.000 1.000 0.5287539706921448
