0.050 0.050 0.5180074532974145
0.050 0.100 0.5179279993032424
0.050 0.150 0.5178093323072956
0.050 0.200 0.5178093323072956
0.050 0.250 0.5177584824651449
0.050 0.300 0.5174002188155936
0.050 0.350 0.5173730228849927
0.050 0.400 0.5173730228849927
0.050 0.450 0.5173730228849927
0.050 0.500 0.5173730228849927
0.050 0.550 0.5173730228849927
0.050 0.600 0.5173730228849927
0.050 0.650 0.5173590166713332
0.050 0.700 0.5169555096863152
0.050 0.750 0.5169555096863152
0.050 0.800 0.5168813869310139
0.050 0.850 0.5168813869310139
0.050 0.900 0.5168813869310139
0.050 0.950 0.51638571545664
0.050 1.000 0.51638571545664
0.100 0.050 0.5174401491527688
0.100 0.100 0.517351855233342
0.100 0.150 0.5172933599069889
0.100 0.200 0.5172933599069889
0.100 0.250 0.5172457185960058
0.100 0.300 0.5169615029060467
0.100 0.350 0.5169390949865307
0.100 0.400 0.5169390949865307
0.100 0.450 0.5168870580964791
0.100 0.500 0.5168870580964791
0.100 0.550 0.5168870580964791
0.100 0.600 0.5168870580964791
0.100 0.650 0.5168730481585487
0.100 0.700 0.5164660854181039
0.100 0.750 0.5164660854181039
0.100 0.800 0.5163922773768562
0.100 0.850 0.5163922773768562
0.100 0.900 0.5163922773768562
0.100 0.950 0.5158968673294777
0.100 1.000 0.5158968673294777
0.150 0.050 0.517433405540387
0.150 0.100 0.5173449868586893
0.150 0.150 0.5172085962956946
0.150 0.200 0.5172085962956946
0.150 0.250 0.517159918713548
0.150 0.300 0.516875546918746
0.150 0.350 0.5168535445432691
0.150 0.400 0.5168535445432691
0.150 0.450 0.516801480046303
0.150 0.500 0.516801480046303
0.150 0.550 0.516801480046303
0.150 0.600 0.516801480046303
0.150 0.650 0.5167874599402278
0.150 0.700 0.5163801101556924
0.150 0.750 0.5163801101556924
0.150 0.800 0.5163062713255661
0.150 0.850 0.5163062713255661
0.150 0.900 0.5163062713255661
0.150 0.950 0.5153234726503402
0.150 1.000 0.5153234726503402
0.200 0.050 0.517433405540387
0.200 0.100 0.5173617933712565
0.200 0.150 0.5172085962956946
0.200 0.200 0.5172085962956946
0.200 0.250 0.517159918713548
0.200 0.300 0.516875546918746
0.200 0.350 0.5168535445432691
0.200 0.400 0.5168535445432691
0.200 0.450 0.516801480046303
0.200 0.500 0.516801480046303
0.200 0.550 0.516801480046303
0.200 0.600 0.516801480046303
0.200 0.650 0.5167874599402278
0.200 0.700 0.5163801101556924
0.200 0.750 0.5163801101556924
0.200 0.800 0.5163062713255661
0.200 0.850 0.5163062713255661
0.200 0.900 0.5163062713255661
0.200 0.950 0.5153234726503402
0.200 1.000 0.5153234726503402
0.250 0.050 0.517433405540387
0.250 0.100 0.5186149297957794
0.250 0.150 0.5184804533753224
0.250 0.200 0.5184804533753224
0.250 0.250 0.5183950131902193
0.250 0.300 0.5181118162001521
0.250 0.350 0.5181064714195627
0.250 0.400 0.5181064714195627
0.250 0.450 0.5180544750538536
0.250 0.500 0.5180544750538536
0.250 0.550 0.5180544750538536
0.250 0.600 0.5180544750538536
0.250 0.650 0.5180405148141519
0.250 0.700 0.5176395170194641
0.250 0.750 0.5176395170194641
0.250 0.800 0.5175661258484318
0.250 0.850 0.5175661258484318
0.250 0.900 0.5175661258484318
0.250 0.950 0.5165890952289953
0.250 1.000 0.5165890952289953
0.300 0.050 0.5185059285406067
0.300 0.100 0.5183401256009047
0.300 0.150 0.5184804533753224
0.300 0.200 0.5184804533753224
0.300 0.250 0.5183950131902193
0.300 0.300 0.5181118162001521
0.300 0.350 0.5181064714195627
0.300 0.400 0.5181064714195627
0.300 0.450 0.5180544750538536
0.300 0.500 0.5180544750538536
0.300 0.550 0.5180544750538536
0.300 0.600 0.5180544750538536
0.300 0.650 0.5180405148141519
0.300 0.700 0.5176395170194641
0.300 0.750 0.5176395170194641
0.300 0.800 0.5175661258484318
0.300 0.850 0.5175661258484318
0.300 0.900 0.5175661258484318
0.300 0.950 0.5165890952289953
0.300 1.000 0.5165890952289953
0.350 0.050 0.5185457008005674
0.350 0.100 0.5182991492288055
0.350 0.150 0.5185179874373771
0.350 0.200 0.5185179874373771
0.350 0.250 0.5184064549357029
0.350 0.300 0.5180475682782327
0.350 0.350 0.5181179968845091
0.350 0.400 0.5181179968845091
0.350 0.450 0.5180660067374299
0.350 0.500 0.5180660067374299
0.350 0.550 0.5180660067374299
0.350 0.600 0.5180660067374299
0.350 0.650 0.518052047869646
0.350 0.700 0.5176510400667892
0.350 0.750 0.5176510400667892
0.350 0.800 0.5175776436990992
0.350 0.850 0.5175776436990992
0.350 0.900 0.5175776436990992
0.350 0.950 0.5165890952289953
0.350 1.000 0.5165890952289953
0.400 0.050 0.5187787829816612
0.400 0.100 0.5190967034247339
0.400 0.150 0.5189224948011252
0.400 0.200 0.5189224948011252
0.400 0.250 0.5189186784711076
0.400 0.300 0.5186357358479683
0.400 0.350 0.5186424515990706
0.400 0.400 0.5186424515990706
0.400 0.450 0.5185903922536035
0.400 0.500 0.5185903922536035
0.400 0.550 0.5185903922536035
0.400 0.600 0.5185903922536035
0.400 0.650 0.5185764885646331
0.400 0.700 0.5181871987653046
0.400 0.750 0.5181871987653046
0.400 0.800 0.5181141219406596
0.400 0.850 0.5181141219406596
0.400 0.900 0.5181141219406596
0.400 0.950 0.5156140809341256
0.400 1.000 0.5156140809341256
0.450 0.050 0.5190675523549249
0.450 0.100 0.5190967034247339
0.450 0.150 0.5189224948011252
0.450 0.200 0.5189224948011252
0.450 0.250 0.5189186784711076
0.450 0.300 0.5186357358479683
0.450 0.350 0.5186424515990706
0.450 0.400 0.5186424515990706
0.450 0.450 0.5185903922536035
0.450 0.500 0.5185903922536035
0.450 0.550 0.5185903922536035
0.450 0.600 0.5185903922536035
0.450 0.650 0.5185764885646331
0.450 0.700 0.5181871987653046
0.450 0.750 0.5181871987653046
0.450 0.800 0.5181141219406596
0.450 0.850 0.5181141219406596
0.450 0.900 0.5181141219406596
0.450 0.950 0.5156140809341256
0.450 1.000 0.5156140809341256
0.500 0.050 0.5096485663830617
0.500 0.100 0.5102168836905567
0.500 0.150 0.5100447995733748
0.500 0.200 0.5100447995733748
0.500 0.250 0.5100528617889057
0.500 0.300 0.5097612091816399
0.500 0.350 0.5097578852205937
0.500 0.400 0.5097578852205937
0.500 0.450 0.5097578852205937
0.500 0.500 0.5097578852205937
0.500 0.550 0.5097578852205937
0.500 0.600 0.5097578852205937
0.500 0.650 0.5097437425267414
0.500 0.700 0.5093693299461897
0.500 0.750 0.5093693299461897
0.500 0.800 0.5092947974756108
0.500 0.850 0.5092947974756108
0.500 0.900 0.5092947974756108
0.500 0.950 0.5138676979174851
0.500 1.000 0.5138676979174851
0.550 0.050 0.5133775562670397
0.550 0.100 0.5134816071401812
0.550 0.150 0.5134211216872793
0.550 0.200 0.5134211216872793
0.550 0.250 0.513413828162369
0.550 0.300 0.5130924271390125
0.550 0.350 0.5130924271390125
0.550 0.400 0.5130924271390125
0.550 0.450 0.5130924271390125
0.550 0.500 0.5130924271390125
0.550 0.550 0.5130924271390125
0.550 0.600 0.5130924271390125
0.550 0.650 0.5130782917065227
0.550 0.700 0.5127159247604772
0.550 0.750 0.5127159247604772
0.550 0.800 0.5126414213481068
0.550 0.850 0.5126414213481068
0.550 0.900 0.5126414213481068
0.550 0.950 0.5140556880885229
0.550 1.000 0.5140556880885229
0.600 0.050 0.5065442493946306
0.600 0.100 0.5066411920231846
0.600 0.150 0.5065458112517252
0.600 0.200 0.5065458112517252
0.600 0.250 0.506570997469805
0.600 0.300 0.5062468497451067
0.600 0.350 0.5062468497451067
0.600 0.400 0.5062468497451067
0.600 0.450 0.5062468497451067
0.600 0.500 0.5062468497451067
0.600 0.550 0.5062468497451067
0.600 0.600 0.5062468497451067
0.600 0.650 0.5062326041399265
0.600 0.700 0.5058677084103478
0.600 0.750 0.5058677084103478
0.600 0.800 0.5057928758880604
0.600 0.850 0.5057928758880604
0.600 0.900 0.5057928758880604
0.600 0.950 0.5129880577304008
0.600 1.000 0.5129880577304008
0.650 0.050 0.5066933525672992
0.650 0.100 0.5066411920231846
0.650 0.150 0.5065458112517252
0.650 0.200 0.5065458112517252
0.650 0.250 0.506570997469805
0.650 0.300 0.5062468497451067
0.650 0.350 0.5062468497451067
0.650 0.400 0.5062468497451067
0.650 0.450 0.5062468497451067
0.650 0.500 0.5062468497451067
0.650 0.550 0.5062468497451067
0.650 0.600 0.5062468497451067
0.650 0.650 0.5062326041399265
0.650 0.700 0.5058677084103478
0.650 0.750 0.5058677084103478
0.650 0.800 0.5057928758880604
0.650 0.850 0.5057928758880604
0.650 0.900 0.5057928758880604
0.650 0.950 0.5129880577304008
0.650 1.000 0.5129880577304008
0.700 0.050 0.5066933525672992
0.700 0.100 0.5067811810911766
0.700 0.150 0.5066858287626664
0.700 0.200 0.5066362133459849
0.700 0.250 0.5066167268827367
0.700 0.300 0.5062928172380178
0.700 0.350 0.5062928172380178
0.700 0.400 0.5062928172380178
0.700 0.450 0.5062928172380178
0.700 0.500 0.5062928172380178
0.700 0.550 0.5062928172380178
0.700 0.600 0.5062928172380178
0.700 0.650 0.5062785723689721
0.700 0.700 0.5058677084103478
0.700 0.750 0.5058677084103478
0.700 0.800 0.5057928758880604
0.700 0.850 0.5057928758880604
0.700 0.900 0.5057928758880604
0.700 0.950 0.5092988067224477
0.700 1.000 0.5092988067224477
0.750 0.050 0.5066409332448704
0.750 0.100 0.5067811810911766
0.750 0.150 0.5066858287626664
0.750 0.200 0.5066362133459849
0.750 0.250 0.5066167268827367
0.750 0.300 0.5062928172380178
0.750 0.350 0.5062928172380178
0.750 0.400 0.5062928172380178
0.750 0.450 0.5062928172380178
0.750 0.500 0.5062928172380178
0.750 0.550 0.5062928172380178
0.750 0.600 0.5062928172380178
0.750 0.650 0.5062785723689721
0.750 0.700 0.5058677084103478
0.750 0.750 0.5058677084103478
0.750 0.800 0.5057928758880604
0.750 0.850 0.5057928758880604
0.750 0.900 0.5057928758880604
0.750 0.950 0.5092988067224477
0.750 1.000 0.5092988067224477
0.800 0.050 0.5143470324005182
0.800 0.100 0.5143050646701554
0.800 0.150 0.5142136731720659
0.800 0.200 0.514193643158745
0.800 0.250 0.5131477576625366
0.800 0.300 0.5141437089135521
0.800 0.350 0.5138713325876042
0.800 0.400 0.5138398509877439
0.800 0.450 0.5137966616170437
0.800 0.500 0.5137503526825568
0.800 0.550 0.5137503526825568
0.800 0.600 0.5134365743569701
0.800 0.650 0.513422575116534
0.800 0.700 0.5130200567297882
0.800 0.750 0.5130200567297882
0.800 0.800 0.5129463531440678
0.800 0.850 0.5136015934027433
0.800 0.900 0.5136015934027433
0.800 0.950 0.5157753960800975
0.800 1.000 0.515752668647714
0.850 0.050 0.5143074994699586
0.850 0.100 0.5142733013977782
0.850 0.150 0.5141915931176363
0.850 0.200 0.5141718906263867
0.850 0.250 0.5131477576625366
0.850 0.300 0.5141121189546736
0.850 0.350 0.5138399040187374
0.850 0.400 0.513758499985214
0.850 0.450 0.513758499985214
0.850 0.500 0.5137164806688271
0.850 0.550 0.5137164806688271
0.850 0.600 0.513388051659597
0.850 0.650 0.5133740528383225
0.850 0.700 0.5129714366777589
0.850 0.750 0.5129714366777589
0.850 0.800 0.5129714366777589
0.850 0.850 0.5128826496468236
0.850 0.900 0.5128826496468236
0.850 0.950 0.5157753960800975
0.850 1.000 0.515752668647714
0.900 0.050 0.5122956622055785
0.900 0.100 0.5121813959778533
0.900 0.150 0.5121194833356608
0.900 0.200 0.5121104953933882
0.900 0.250 0.5121104953933882
0.900 0.300 0.512142920912664
0.900 0.350 0.5118716923881454
0.900 0.400 0.5117891921870773
0.900 0.450 0.5117891921870773
0.900 0.500 0.511751298428012
0.900 0.550 0.511751298428012
0.900 0.600 0.5114178507846623
0.900 0.650 0.5114037391118291
0.900 0.700 0.5104643451275848
0.900 0.750 0.5104643451275848
0.900 0.800 0.5104643451275848
0.900 0.850 0.5103734433020373
0.900 0.900 0.5103734433020373
0.900 0.950 0.5124566370477993
0.900 1.000 0.511943161807874
0.950 0.050 0.5121923036108584
0.950 0.100 0.5121413671092492
0.950 0.150 0.51207914436813
0.950 0.200 0.5121104953933882
0.950 0.250 0.5121104953933882
0.950 0.300 0.512142920912664
0.950 0.350 0.5118716923881454
0.950 0.400 0.5117891921870773
0.950 0.450 0.5117891921870773
0.950 0.500 0.511751298428012
0.950 0.550 0.511751298428012
0.950 0.600 0.5114178507846623
0.950 0.650 0.5114037391118291
0.950 0.700 0.5104643451275848
0.950 0.750 0.5104643451275848
0.950 0.800 0.5104643451275848
0.950 0.850 0.5103734433020373
0.950 0.900 0.5103734433020373
0.950 0.950 0.5142932095897784
0.950 1.000 0.5136702270243461
1.000 0.050 0.5121923036108584
1.000 0.100 0.5125769361462884
1.000 0.150 0.5125225034522787
1.000 0.200 0.5125570592772841
1.000 0.250 0.5125570592772841
1.000 0.300 0.5132270706024118
1.000 0.350 0.5129605446580822
1.000 0.400 0.5128784087856314
1.000 0.450 0.5128784087856314
1.000 0.500 0.5128414740941075
1.000 0.550 0.5128414740941075
1.000 0.600 0.5125083082758212
1.000 0.650 0.5124942449575278
1.000 0.700 0.5115762005098202
1.000 0.750 0.5115762005098202
1.000 0.800 0.5115762005098202
1.000 0.850 0.5114859887225548
1.000 0.900 0.5114859887225548
1.000 0.950 0.5121104069605351
1.000 1.000 0.5136702270243461
