0.050 0.050 0.040 624.0
0.050 0.100 0.040 627.0
0.050 0.150 0.040 628.0
0.050 0.200 0.040 630.0
0.050 0.250 0.040 637.0
0.050 0.300 0.040 637.0
0.050 0.350 0.040 637.0
0.050 0.400 0.040 637.0
0.050 0.450 0.040 637.0
0.050 0.500 0.040 642.0
0.050 0.550 0.040 647.0
0.050 0.600 0.040 647.0
0.050 0.650 0.040 647.0
0.050 0.700 0.040 647.0
0.050 0.750 0.040 650.0
0.050 0.800 0.040 650.0
0.050 0.850 0.040 650.0
0.050 0.900 0.040 650.0
0.050 0.950 0.040 650.0
0.050 1.000 0.040 650.0
0.100 0.050 0.040 678.0
0.100 0.100 0.040 681.0
0.100 0.150 0.040 682.0
0.100 0.200 0.040 683.0
0.100 0.250 0.040 689.0
0.100 0.300 0.040 689.0
0.100 0.350 0.040 689.0
0.100 0.400 0.040 689.0
0.100 0.450 0.040 692.0
0.100 0.500 0.040 696.0
0.100 0.550 0.040 716.0
0.100 0.600 0.040 716.0
0.100 0.650 0.040 716.0
0.100 0.700 0.040 716.0
0.100 0.750 0.040 719.0
0.100 0.800 0.040 719.0
0.100 0.850 0.040 719.0
0.100 0.900 0.040 719.0
0.100 0.950 0.040 719.0
0.100 1.000 0.040 719.0
0.150 0.050 0.040 699.0
0.150 0.100 0.040 701.0
0.150 0.150 0.040 702.0
0.150 0.200 0.040 704.0
0.150 0.250 0.040 710.0
0.150 0.300 0.040 710.0
0.150 0.350 0.040 712.0
0.150 0.400 0.040 712.0
0.150 0.450 0.040 712.0
0.150 0.500 0.040 719.0
0.150 0.550 0.040 716.0
0.150 0.600 0.040 716.0
0.150 0.650 0.040 716.0
0.150 0.700 0.040 716.0
0.150 0.750 0.040 719.0
0.150 0.800 0.040 719.0
0.150 0.850 0.040 719.0
0.150 0.900 0.040 719.0
0.150 0.950 0.040 719.0
0.150 1.000 0.040 719.0
0.200 0.050 0.040 699.0
0.200 0.100 0.040 701.0
0.200 0.150 0.040 702.0
0.200 0.200 0.040 704.0
0.200 0.250 0.040 710.0
0.200 0.300 0.040 710.0
0.200 0.350 0.040 706.0
0.200 0.400 0.040 706.0
0.200 0.450 0.040 706.0
0.200 0.500 0.040 719.0
0.200 0.550 0.040 716.0
0.200 0.600 0.040 716.0
0.200 0.650 0.040 716.0
0.200 0.700 0.040 716.0
0.200 0.750 0.040 719.0
0.200 0.800 0.040 719.0
0.200 0.850 0.040 719.0
0.200 0.900 0.040 719.0
0.200 0.950 0.040 719.0
0.200 1.000 0.040 719.0
0.250 0.050 0.040 699.0
0.250 0.100 0.040 701.0
0.250 0.150 0.040 702.0
0.250 0.200 0.040 704.0
0.250 0.250 0.040 710.0
0.250 0.300 0.040 710.0
0.250 0.350 0.040 706.0
0.250 0.400 0.040 706.0
0.250 0.450 0.040 706.0
0.250 0.500 0.040 719.0
0.250 0.550 0.040 716.0
0.250 0.600 0.040 716.0
0.250 0.650 0.040 716.0
0.250 0.700 0.040 716.0
0.250 0.750 0.040 719.0
0.250 0.800 0.040 719.0
0.250 0.850 0.040 719.0
0.250 0.900 0.040 719.0
0.250 0.950 0.040 719.0
0.250 1.000 0.040 719.0
0.300 0.050 0.040 699.0
0.300 0.100 0.040 701.0
0.300 0.150 0.040 702.0
0.300 0.200 0.040 704.0
0.300 0.250 0.040 710.0
0.300 0.300 0.040 710.0
0.300 0.350 0.040 706.0
0.300 0.400 0.040 706.0
0.300 0.450 0.040 706.0
0.300 0.500 0.040 719.0
0.300 0.550 0.040 716.0
0.300 0.600 0.040 716.0
0.300 0.650 0.040 716.0
0.300 0.700 0.040 716.0
0.300 0.750 0.040 719.0
0.300 0.800 0.040 719.0
0.300 0.850 0.040 719.0
0.300 0.900 0.040 719.0
0.300 0.950 0.040 719.0
0.300 1.000 0.040 719.0
0.350 0.050 0.040 699.0
0.350 0.100 0.040 701.0
0.350 0.150 0.040 702.0
0.350 0.200 0.040 704.0
0.350 0.250 0.040 710.0
0.350 0.300 0.040 710.0
0.350 0.350 0.040 706.0
0.350 0.400 0.040 706.0
0.350 0.450 0.040 706.0
0.350 0.500 0.040 719.0
0.350 0.550 0.040 716.0
0.350 0.600 0.040 716.0
0.350 0.650 0.040 716.0
0.350 0.700 0.040 716.0
0.350 0.750 0.040 719.0
0.350 0.800 0.040 719.0
0.350 0.850 0.040 719.0
0.350 0.900 0.040 719.0
0.350 0.950 0.040 719.0
0.350 1.000 0.040 719.0
0.400 0.050 0.040 703.0
0.400 0.100 0.040 705.0
0.400 0.150 0.040 706.0
0.400 0.200 0.040 708.0
0.400 0.250 0.040 714.0
0.400 0.300 0.040 714.0
0.400 0.350 0.040 712.0
0.400 0.400 0.040 712.0
0.400 0.450 0.040 712.0
0.400 0.500 0.040 728.0
0.400 0.550 0.040 720.0
0.400 0.600 0.040 720.0
0.400 0.650 0.040 721.0
0.400 0.700 0.040 721.0
0.400 0.750 0.040 724.0
0.400 0.800 0.040 724.0
0.400 0.850 0.040 724.0
0.400 0.900 0.040 724.0
0.400 0.950 0.040 724.0
0.400 1.000 0.040 724.0
0.450 0.050 0.040 703.0
0.450 0.100 0.040 705.0
0.450 0.150 0.040 706.0
0.450 0.200 0.040 708.0
0.450 0.250 0.040 714.0
0.450 0.300 0.040 714.0
0.450 0.350 0.040 712.0
0.450 0.400 0.040 712.0
0.450 0.450 0.040 712.0
0.450 0.500 0.040 728.0
0.450 0.550 0.040 720.0
0.450 0.600 0.040 720.0
0.450 0.650 0.040 721.0
0.450 0.700 0.040 721.0
0.450 0.750 0.040 724.0
0.450 0.800 0.040 724.0
0.450 0.850 0.040 724.0
0.450 0.900 0.040 724.0
0.450 0.950 0.040 724.0
0.450 1.000 0.040 724.0
0.500 0.050 0.040 671.0
0.500 0.100 0.040 673.0
0.500 0.150 0.040 674.0
0.500 0.200 0.040 676.0
0.500 0.250 0.040 682.0
0.500 0.300 0.040 682.0
0.500 0.350 0.040 670.0
0.500 0.400 0.040 673.0
0.500 0.450 0.040 673.0
0.500 0.500 0.040 687.0
0.500 0.550 0.040 688.0
0.500 0.600 0.040 688.0
0.500 0.650 0.040 689.0
0.500 0.700 0.040 689.0
0.500 0.750 0.040 692.0
0.500 0.800 0.040 692.0
0.500 0.850 0.040 692.0
0.500 0.900 0.040 692.0
0.500 0.950 0.040 692.0
0.500 1.000 0.040 692.0
0.550 0.050 0.040 671.0
0.550 0.100 0.040 673.0
0.550 0.150 0.040 674.0
0.550 0.200 0.040 676.0
0.550 0.250 0.040 682.0
0.550 0.300 0.040 682.0
0.550 0.350 0.040 678.0
0.550 0.400 0.040 678.0
0.550 0.450 0.040 678.0
0.550 0.500 0.040 687.0
0.550 0.550 0.040 688.0
0.550 0.600 0.040 688.0
0.550 0.650 0.040 689.0
0.550 0.700 0.040 689.0
0.550 0.750 0.040 692.0
0.550 0.800 0.040 692.0
0.550 0.850 0.040 692.0
0.550 0.900 0.040 692.0
0.550 0.950 0.040 692.0
0.550 1.000 0.040 692.0
0.600 0.050 0.040 671.0
0.600 0.100 0.040 673.0
0.600 0.150 0.040 674.0
0.600 0.200 0.040 676.0
0.600 0.250 0.040 682.0
0.600 0.300 0.040 682.0
0.600 0.350 0.040 678.0
0.600 0.400 0.040 678.0
0.600 0.450 0.040 678.0
0.600 0.500 0.040 687.0
0.600 0.550 0.040 688.0
0.600 0.600 0.040 688.0
0.600 0.650 0.040 689.0
0.600 0.700 0.040 689.0
0.600 0.750 0.040 692.0
0.600 0.800 0.040 692.0
0.600 0.850 0.040 692.0
0.600 0.900 0.040 692.0
0.600 0.950 0.040 692.0
0.600 1.000 0.040 692.0
0.650 0.050 0.040 686.0
0.650 0.100 0.040 689.0
0.650 0.150 0.040 696.0
0.650 0.200 0.040 698.0
0.650 0.250 0.040 704.0
0.650 0.300 0.040 704.0
0.650 0.350 0.040 693.0
0.650 0.400 0.040 699.0
0.650 0.450 0.040 699.0
0.650 0.500 0.040 706.0
0.650 0.550 0.040 716.0
0.650 0.600 0.040 716.0
0.650 0.650 0.040 713.0
0.650 0.700 0.040 713.0
0.650 0.750 0.040 716.0
0.650 0.800 0.040 720.0
0.650 0.850 0.040 720.0
0.650 0.900 0.040 723.0
0.650 0.950 0.040 723.0
0.650 1.000 0.040 713.0
0.700 0.050 0.040 640.0
0.700 0.100 0.040 641.0
0.700 0.150 0.040 645.0
0.700 0.200 0.040 651.0
0.700 0.250 0.040 660.0
0.700 0.300 0.040 660.0
0.700 0.350 0.040 665.0
0.700 0.400 0.040 665.0
0.700 0.450 0.040 665.0
0.700 0.500 0.040 685.0
0.700 0.550 0.040 671.0
0.700 0.600 0.040 671.0
0.700 0.650 0.040 671.0
0.700 0.700 0.040 676.0
0.700 0.750 0.040 679.0
0.700 0.800 0.040 679.0
0.700 0.850 0.040 682.0
0.700 0.900 0.040 685.0
0.700 0.950 0.040 685.0
0.700 1.000 0.040 688.0
0.750 0.050 0.040 640.0
0.750 0.100 0.040 641.0
0.750 0.150 0.040 645.0
0.750 0.200 0.040 651.0
0.750 0.250 0.040 660.0
0.750 0.300 0.040 660.0
0.750 0.350 0.040 665.0
0.750 0.400 0.040 665.0
0.750 0.450 0.040 665.0
0.750 0.500 0.040 685.0
0.750 0.550 0.040 671.0
0.750 0.600 0.040 671.0
0.750 0.650 0.040 671.0
0.750 0.700 0.040 676.0
0.750 0.750 0.040 679.0
0.750 0.800 0.040 679.0
0.750 0.850 0.040 682.0
0.750 0.900 0.040 685.0
0.750 0.950 0.040 685.0
0.750 1.000 0.040 688.0
0.800 0.050 0.040 640.0
0.800 0.100 0.040 641.0
0.800 0.150 0.040 645.0
0.800 0.200 0.040 651.0
0.800 0.250 0.040 660.0
0.800 0.300 0.040 660.0
0.800 0.350 0.040 665.0
0.800 0.400 0.040 665.0
0.800 0.450 0.040 665.0
0.800 0.500 0.040 673.0
0.800 0.550 0.040 671.0
0.800 0.600 0.040 671.0
0.800 0.650 0.040 671.0
0.800 0.700 0.040 676.0
0.800 0.750 0.040 679.0
0.800 0.800 0.040 679.0
0.800 0.850 0.040 682.0
0.800 0.900 0.040 685.0
0.800 0.950 0.040 685.0
0.800 1.000 0.040 694.0
0.850 0.050 0.040 599.0
0.850 0.100 0.040 603.0
0.850 0.150 0.040 606.0
0.850 0.200 0.040 612.0
0.850 0.250 0.040 624.0
0.850 0.300 0.040 624.0
0.850 0.350 0.040 623.0
0.850 0.400 0.040 623.0
0.850 0.450 0.040 623.0
0.850 0.500 0.040 619.0
0.850 0.550 0.040 634.0
0.850 0.600 0.040 634.0
0.850 0.650 0.040 634.0
0.850 0.700 0.040 634.0
0.850 0.750 0.040 637.0
0.850 0.800 0.040 637.0
0.850 0.850 0.040 637.0
0.850 0.900 0.040 640.0
0.850 0.950 0.040 444.0
0.850 1.000 0.040 444.0
0.900 0.050 0.040 595.0
0.900 0.100 0.040 598.0
0.900 0.150 0.040 602.0
0.900 0.200 0.040 608.0
0.900 0.250 0.040 620.0
0.900 0.300 0.040 620.0
0.900 0.350 0.040 619.0
0.900 0.400 0.040 624.0
0.900 0.450 0.040 624.0
0.900 0.500 0.040 593.0
0.900 0.550 0.040 634.0
0.900 0.600 0.040 634.0
0.900 0.650 0.040 634.0
0.900 0.700 0.040 634.0
0.900 0.750 0.040 637.0
0.900 0.800 0.040 637.0
0.900 0.850 0.040 637.0
0.900 0.900 0.040 640.0
0.900 0.950 0.040 444.0
0.900 1.000 0.040 444.0
0.950 0.050 0.040 595.0
0.950 0.100 0.040 598.0
0.950 0.150 0.040 602.0
0.950 0.200 0.040 608.0
0.950 0.250 0.040 620.0
0.950 0.300 0.040 620.0
0.950 0.350 0.040 619.0
0.950 0.400 0.040 624.0
0.950 0.450 0.040 624.0
0.950 0.500 0.040 593.0
0.950 0.550 0.040 634.0
0.950 0.600 0.040 634.0
0.950 0.650 0.040 634.0
0.950 0.700 0.040 634.0
0.950 0.750 0.040 637.0
0.950 0.800 0.040 637.0
0.950 0.850 0.040 637.0
0.950 0.900 0.040 640.0
0.950 0.950 0.040 444.0
0.950 1.000 0.040 444.0
1.000 0.050 0.040 597.0
1.000 0.100 0.040 601.0
1.000 0.150 0.040 605.0
1.000 0.200 0.040 611.0
1.000 0.250 0.040 620.0
1.000 0.300 0.040 620.0
1.000 0.350 0.040 619.0
1.000 0.400 0.040 624.0
1.000 0.450 0.040 624.0
1.000 0.500 0.040 593.0
1.000 0.550 0.040 634.0
1.000 0.600 0.040 634.0
1.000 0.650 0.040 634.0
1.000 0.700 0.040 634.0
1.000 0.750 0.040 637.0
1.000 0.800 0.040 637.0
1.000 0.850 0.040 637.0
1.000 0.900 0.040 640.0
1.000 0.950 0.040 444.0
1.000 1.000 0.040 444.0
