0.050 0.050 0.545368936905453
0.050 0.100 0.5448956752134677
0.050 0.150 0.5453083045915073
0.050 0.200 0.5453083045915073
0.050 0.250 0.5453219336079346
0.050 0.300 0.5453219336079346
0.050 0.350 0.5453219336079346
0.050 0.400 0.5453219336079346
0.050 0.450 0.5453219336079346
0.050 0.500 0.5453219336079346
0.050 0.550 0.5453219336079346
0.050 0.600 0.5450116440409413
0.050 0.650 0.5450116440409413
0.050 0.700 0.5450116440409413
0.050 0.750 0.5449699667814212
0.050 0.800 0.5448091708753011
0.050 0.850 0.5448091708753011
0.050 0.900 0.5448091708753011
0.050 0.950 0.544529650193736
0.050 1.000 0.544529650193736
0.100 0.050 0.5451824857176073
0.100 0.100 0.5453731764661194
0.100 0.150 0.5453436523685493
0.100 0.200 0.5453436523685493
0.100 0.250 0.5453065467724129
0.100 0.300 0.5453065467724129
0.100 0.350 0.5453065467724129
0.100 0.400 0.5453065467724129
0.100 0.450 0.5453065467724129
0.100 0.500 0.5453065467724129
0.100 0.550 0.5453065467724129
0.100 0.600 0.5449948449218976
0.100 0.650 0.5449948449218976
0.100 0.700 0.5449948449218976
0.100 0.750 0.544953192620174
0.100 0.800 0.5447947472385621
0.100 0.850 0.5445181154931824
0.100 0.900 0.5445181154931824
0.100 0.950 0.5445181154931824
0.100 1.000 0.5445181154931824
0.150 0.050 0.5454728714339225
0.150 0.100 0.5453731764661194
0.150 0.150 0.5453436523685493
0.150 0.200 0.5453436523685493
0.150 0.250 0.5453285499621886
0.150 0.300 0.5453285499621886
0.150 0.350 0.5453285499621886
0.150 0.400 0.5453802847364788
0.150 0.450 0.5453257819561925
0.150 0.500 0.5453257819561925
0.150 0.550 0.5453257819561925
0.150 0.600 0.5449988918870041
0.150 0.650 0.5449988918870041
0.150 0.700 0.5449988918870041
0.150 0.750 0.5449622968773418
0.150 0.800 0.5448011540426237
0.150 0.850 0.5445241715464723
0.150 0.900 0.5445241715464723
0.150 0.950 0.5445241715464723
0.150 1.000 0.5445241715464723
0.200 0.050 0.5455909838272588
0.200 0.100 0.5455718726243702
0.200 0.150 0.545517508105328
0.200 0.200 0.545517508105328
0.200 0.250 0.5455128991497318
0.200 0.300 0.5455128991497318
0.200 0.350 0.5455128991497318
0.200 0.400 0.5455641298271814
0.200 0.450 0.5455096247498412
0.200 0.500 0.5455096247498412
0.200 0.550 0.5455096247498412
0.200 0.600 0.5451828089319367
0.200 0.650 0.5451828089319367
0.200 0.700 0.5451828089319367
0.200 0.750 0.5451463060678648
0.200 0.800 0.5449864687506895
0.200 0.850 0.544710643817345
0.200 0.900 0.544710643817345
0.200 0.950 0.544710643817345
0.200 1.000 0.544710643817345
0.250 0.050 0.5467900181799159
0.250 0.100 0.5467427986379532
0.250 0.150 0.5467155711945783
0.250 0.200 0.5467155711945783
0.250 0.250 0.5467103476124211
0.250 0.300 0.5467103476124211
0.250 0.350 0.5467103476124211
0.250 0.400 0.5467103476124211
0.250 0.450 0.5466564855029374
0.250 0.500 0.5466594443425252
0.250 0.550 0.5466594443425252
0.250 0.600 0.546344554803324
0.250 0.650 0.546344554803324
0.250 0.700 0.546344554803324
0.250 0.750 0.5463094058063448
0.250 0.800 0.5449864687506895
0.250 0.850 0.544710643817345
0.250 0.900 0.544710643817345
0.250 0.950 0.544710643817345
0.250 1.000 0.544710643817345
0.300 0.050 0.5402818807245751
0.300 0.100 0.5402032104834398
0.300 0.150 0.540187320583249
0.300 0.200 0.540187320583249
0.300 0.250 0.5401807115761861
0.300 0.300 0.5401807115761861
0.300 0.350 0.5401807115761861
0.300 0.400 0.5401807115761861
0.300 0.450 0.5401807115761861
0.300 0.500 0.540175887851347
0.300 0.550 0.540175887851347
0.300 0.600 0.5398414599134261
0.300 0.650 0.5398414599134261
0.300 0.700 0.5398414599134261
0.300 0.750 0.5398047872749008
0.300 0.800 0.5449864687506895
0.300 0.850 0.544710643817345
0.300 0.900 0.544710643817345
0.300 0.950 0.544710643817345
0.300 1.000 0.544710643817345
0.350 0.050 0.5401355002390755
0.350 0.100 0.540016809717422
0.350 0.150 0.5401297302029379
0.350 0.200 0.5401297302029379
0.350 0.250 0.5401807115761861
0.350 0.300 0.5401807115761861
0.350 0.350 0.5401807115761861
0.350 0.400 0.5401807115761861
0.350 0.450 0.5401807115761861
0.350 0.500 0.540175887851347
0.350 0.550 0.540175887851347
0.350 0.600 0.5398414599134261
0.350 0.650 0.5398414599134261
0.350 0.700 0.5398414599134261
0.350 0.750 0.5398047872749008
0.350 0.800 0.5449864687506895
0.350 0.850 0.544710643817345
0.350 0.900 0.544710643817345
0.350 0.950 0.544710643817345
0.350 1.000 0.544710643817345
0.400 0.050 0.5401355002390755
0.400 0.100 0.5402586592778398
0.400 0.150 0.540201076515503
0.400 0.200 0.540201076515503
0.400 0.250 0.5402513476742095
0.400 0.300 0.5402513476742095
0.400 0.350 0.5402513476742095
0.400 0.400 0.5402513476742095
0.400 0.450 0.5402513476742095
0.400 0.500 0.5402483499679198
0.400 0.550 0.5402483499679198
0.400 0.600 0.5398414599134261
0.400 0.650 0.5398414599134261
0.400 0.700 0.5398414599134261
0.400 0.750 0.5398047872749008
0.400 0.800 0.5419237513791313
0.400 0.850 0.5416504438947216
0.400 0.900 0.5416504438947216
0.400 0.950 0.5416504438947216
0.400 1.000 0.5416504438947216
0.450 0.050 0.5401355002390755
0.450 0.100 0.5401928771535811
0.450 0.150 0.5401362408820382
0.450 0.200 0.5401362408820382
0.450 0.250 0.5401864610791318
0.450 0.300 0.5401864610791318
0.450 0.350 0.5401864610791318
0.450 0.400 0.5401864610791318
0.450 0.450 0.5401864610791318
0.450 0.500 0.540182631265208
0.450 0.550 0.540182631265208
0.450 0.600 0.5398414599134261
0.450 0.650 0.5398414599134261
0.450 0.700 0.5398414599134261
0.450 0.750 0.5398047872749008
0.450 0.800 0.5419237513791313
0.450 0.850 0.5416504438947216
0.450 0.900 0.5416504438947216
0.450 0.950 0.5416504438947216
0.450 1.000 0.5416504438947216
0.500 0.050 0.5396514579387616
0.500 0.100 0.5397483753751292
0.500 0.150 0.539682120325491
0.500 0.200 0.539682120325491
0.500 0.250 0.5397146235919139
0.500 0.300 0.5397146235919139
0.500 0.350 0.5397146235919139
0.500 0.400 0.5397146235919139
0.500 0.450 0.5397146235919139
0.500 0.500 0.5396997958015157
0.500 0.550 0.5396997958015157
0.500 0.600 0.5393720185612978
0.500 0.650 0.5393720185612978
0.500 0.700 0.5393720185612978
0.500 0.750 0.5393351338080337
0.500 0.800 0.5419237513791313
0.500 0.850 0.5416504438947216
0.500 0.900 0.5416504438947216
0.500 0.950 0.5416504438947216
0.500 1.000 0.5416504438947216
0.550 0.050 0.5396514579387616
0.550 0.100 0.5396951699433521
0.550 0.150 0.5396341836642546
0.550 0.200 0.5396341836642546
0.550 0.250 0.5396568312420549
0.550 0.300 0.5396568312420549
0.550 0.350 0.5396467600102025
0.550 0.400 0.5396467600102025
0.550 0.450 0.5396467600102025
0.550 0.500 0.5396467600102025
0.550 0.550 0.5396467600102025
0.550 0.600 0.5393182192019688
0.550 0.650 0.5393182192019688
0.550 0.700 0.5393182192019688
0.550 0.750 0.5392812894416963
0.550 0.800 0.5419237513791313
0.550 0.850 0.5416504438947216
0.550 0.900 0.5416504438947216
0.550 0.950 0.5416504438947216
0.550 1.000 0.5416504438947216
0.600 0.050 0.5416123827092933
0.600 0.100 0.542393531839079
0.600 0.150 0.5423961995035961
0.600 0.200 0.5423961995035961
0.600 0.250 0.5425432724227327
0.600 0.300 0.5425432724227327
0.600 0.350 0.5425432724227327
0.600 0.400 0.5425432724227327
0.600 0.450 0.5425432724227327
0.600 0.500 0.5425432724227327
0.600 0.550 0.5422693288732007
0.600 0.600 0.5414129045013376
0.600 0.650 0.5414129045013376
0.600 0.700 0.5414129045013376
0.600 0.750 0.5413754224653872
0.600 0.800 0.5412110240431196
0.600 0.850 0.5409366832875325
0.600 0.900 0.5409366832875325
0.600 0.950 0.5409366832875325
0.600 1.000 0.5409366832875325
0.650 0.050 0.5418147321187937
0.650 0.100 0.5418450706620499
0.650 0.150 0.5416502616737219
0.650 0.200 0.5416502616737219
0.650 0.250 0.5416655314969128
0.650 0.300 0.5416655314969128
0.650 0.350 0.5416655314969128
0.650 0.400 0.5416655314969128
0.650 0.450 0.5416655314969128
0.650 0.500 0.5416655314969128
0.650 0.550 0.5413883579945609
0.650 0.600 0.5405523477630876
0.650 0.650 0.5405523477630876
0.650 0.700 0.5405523477630876
0.650 0.750 0.5405146395951681
0.650 0.800 0.5411575982371666
0.650 0.850 0.5408832265398854
0.650 0.900 0.5408832265398854
0.650 0.950 0.5408832265398854
0.650 1.000 0.5408832265398854
0.700 0.050 0.542386050751983
0.700 0.100 0.5411517060317124
0.700 0.150 0.5408732966988145
0.700 0.200 0.5408732966988145
0.700 0.250 0.5408904271802301
0.700 0.300 0.5408904271802301
0.700 0.350 0.5408904271802301
0.700 0.400 0.5408904271802301
0.700 0.450 0.5408358567586395
0.700 0.500 0.5408358567586395
0.700 0.550 0.5408358567586395
0.700 0.600 0.541684528787405
0.700 0.650 0.541684528787405
0.700 0.700 0.541684528787405
0.700 0.750 0.5416470716551709
0.700 0.800 0.5388610536168726
0.700 0.850 0.5388548156024853
0.700 0.900 0.5388548156024853
0.700 0.950 0.5385486548483799
0.700 1.000 0.5385486548483799
0.750 0.050 0.543716021214999
0.750 0.100 0.5411517060317124
0.750 0.150 0.5408732966988145
0.750 0.200 0.5408732966988145
0.750 0.250 0.5408904271802301
0.750 0.300 0.5408904271802301
0.750 0.350 0.5408904271802301
0.750 0.400 0.5408904271802301
0.750 0.450 0.5408358567586395
0.750 0.500 0.5408358567586395
0.750 0.550 0.5408358567586395
0.750 0.600 0.541924911476303
0.750 0.650 0.5418728113244324
0.750 0.700 0.5418728113244324
0.750 0.750 0.5418356534039674
0.750 0.800 0.5388610536168726
0.750 0.850 0.5388548156024853
0.750 0.900 0.5388548156024853
0.750 0.950 0.5385486548483799
0.750 1.000 0.5385486548483799
0.800 0.050 0.5433776942822921
0.800 0.100 0.5445091999629
0.800 0.150 0.5442103321699255
0.800 0.200 0.5441078441018543
0.800 0.250 0.5442982156634059
0.800 0.300 0.5442982156634059
0.800 0.350 0.5441124889262392
0.800 0.400 0.5440641451500428
0.800 0.450 0.5440095979984161
0.800 0.500 0.5440095979984161
0.800 0.550 0.5433092393625114
0.800 0.600 0.5434450090686203
0.800 0.650 0.5417204568561512
0.800 0.700 0.5417204568561512
0.800 0.750 0.5416827032285247
0.800 0.800 0.5429607019481104
0.800 0.850 0.5422919705651826
0.800 0.900 0.5422919705651826
0.800 0.950 0.5422182016249849
0.800 1.000 0.5420845617404575
0.850 0.050 0.5441987261424788
0.850 0.100 0.5438168505534751
0.850 0.150 0.5440049866490521
0.850 0.200 0.54377174991334
0.850 0.250 0.5438047651084528
0.850 0.300 0.5437692051598468
0.850 0.350 0.5437766317319706
0.850 0.400 0.5437282377274573
0.850 0.450 0.5436736943150156
0.850 0.500 0.5436736943150156
0.850 0.550 0.5429715537923842
0.850 0.600 0.5434450090686203
0.850 0.650 0.5417204568561512
0.850 0.700 0.5417204568561512
0.850 0.750 0.5416827032285247
0.850 0.800 0.5429607019481104
0.850 0.850 0.5422919705651826
0.850 0.900 0.5422919705651826
0.850 0.950 0.5422182016249849
0.850 1.000 0.5420845617404575
0.900 0.050 0.5409292145865494
0.900 0.100 0.5411477573891852
0.900 0.150 0.5412087793220297
0.900 0.200 0.5411573886067484
0.900 0.250 0.5411895026354441
0.900 0.300 0.5411349667219589
0.900 0.350 0.5410838148377647
0.900 0.400 0.5409850883308538
0.900 0.450 0.5404413097151688
0.900 0.500 0.5404413097151688
0.900 0.550 0.5411343411547447
0.900 0.600 0.5432782852692701
0.900 0.650 0.5430323193729631
0.900 0.700 0.5430323193729631
0.900 0.750 0.5429899783406662
0.900 0.800 0.543543833279523
0.900 0.850 0.542530938587948
0.900 0.900 0.542530938587948
0.900 0.950 0.5431683959811794
0.900 1.000 0.5449762444417768
0.950 0.050 0.5410044675855377
0.950 0.100 0.540024430336849
0.950 0.150 0.5397610030543927
0.950 0.200 0.5396567164300258
0.950 0.250 0.539821985109794
0.950 0.300 0.539821985109794
0.950 0.350 0.5397753103742333
0.950 0.400 0.5396765465353802
0.950 0.450 0.5396220637050478
0.950 0.500 0.5396220637050478
0.950 0.550 0.5389977105033589
0.950 0.600 0.5438126623239957
0.950 0.650 0.5437942538867953
0.950 0.700 0.5437942538867953
0.950 0.750 0.5437521342417543
0.950 0.800 0.5428776023570324
0.950 0.850 0.5418702718495345
0.950 0.900 0.5418702718495345
0.950 0.950 0.5425056595230141
0.950 1.000 0.54428145936684
1.000 0.050 0.543413152995167
1.000 0.100 0.5443880466335815
1.000 0.150 0.5439623825520081
1.000 0.200 0.5438371401976091
1.000 0.250 0.544049586614103
1.000 0.300 0.544049586614103
1.000 0.350 0.544016976353815
1.000 0.400 0.5439692838792479
1.000 0.450 0.543914822990336
1.000 0.500 0.543914822990336
1.000 0.550 0.5436411513057664
1.000 0.600 0.5441862448850308
1.000 0.650 0.5441678364478304
1.000 0.700 0.5441678364478304
1.000 0.750 0.5441258082948665
1.000 0.800 0.5420095666558313
1.000 0.850 0.5427967390028552
1.000 0.900 0.5427967390028552
1.000 0.950 0.5417602091838211
1.000 1.000 0.54428145936684
