0.050 0.050 0.080 17.70843216592506
0.050 0.100 0.080 17.721807554896987
0.050 0.150 0.080 17.695814090370334
0.050 0.200 0.080 17.695814090370334
0.050 0.250 0.080 17.69147845047251
0.050 0.300 0.080 17.69147845047251
0.050 0.350 0.080 17.69147845047251
0.050 0.400 0.080 17.69147845047251
0.050 0.450 0.080 17.69147845047251
0.050 0.500 0.080 17.69147845047251
0.050 0.550 0.080 17.69147845047251
0.050 0.600 0.080 17.68985898452152
0.050 0.650 0.080 17.68985898452152
0.050 0.700 0.080 17.68985898452152
0.050 0.750 0.080 17.689303114295857
0.050 0.800 0.080 17.68457115171511
0.050 0.850 0.080 17.68457115171511
0.050 0.900 0.080 17.68457115171511
0.050 0.950 0.080 17.68319983191642
0.050 1.000 0.080 17.68319983191642
0.100 0.050 0.080 17.71457159165829
0.100 0.100 0.080 17.69843945460662
0.100 0.150 0.080 17.69662965629486
0.100 0.200 0.080 17.69662965629486
0.100 0.250 0.080 17.68606744873195
0.100 0.300 0.080 17.68606744873195
0.100 0.350 0.080 17.68606744873195
0.100 0.400 0.080 17.68606744873195
0.100 0.450 0.080 17.68606744873195
0.100 0.500 0.080 17.68606744873195
0.100 0.550 0.080 17.68606744873195
0.100 0.600 0.080 17.684505928111797
0.100 0.650 0.080 17.684505928111797
0.100 0.700 0.080 17.684505928111797
0.100 0.750 0.080 17.68394903387945
0.100 0.800 0.080 17.679120630380037
0.100 0.850 0.080 17.67763077888397
0.100 0.900 0.080 17.67763077888397
0.100 0.950 0.080 17.67763077888397
0.100 1.000 0.080 17.67763077888397
0.150 0.050 0.080 17.705678360042857
0.150 0.100 0.080 17.69843945460662
0.150 0.150 0.080 17.69662965629486
0.150 0.200 0.080 17.69662965629486
0.150 0.250 0.080 17.694983432302152
0.150 0.300 0.080 17.694983432302152
0.150 0.350 0.080 17.694983432302152
0.150 0.400 0.080 17.6890843310229
0.150 0.450 0.080 17.689054685901766
0.150 0.500 0.080 17.689054685901766
0.150 0.550 0.080 17.689054685901766
0.150 0.600 0.080 17.688116330773656
0.150 0.650 0.080 17.688116330773656
0.150 0.700 0.080 17.688116330773656
0.150 0.750 0.080 17.68735193821885
0.150 0.800 0.080 17.68263420995584
0.150 0.850 0.080 17.681158749599508
0.150 0.900 0.080 17.681158749599508
0.150 0.950 0.080 17.681158749599508
0.150 1.000 0.080 17.681158749599508
0.200 0.050 0.080 17.70083226391445
0.200 0.100 0.080 17.69406349212381
0.200 0.150 0.080 17.692517595111457
0.200 0.200 0.080 17.692517595111457
0.200 0.250 0.080 17.690440829753133
0.200 0.300 0.080 17.690440829753133
0.200 0.350 0.080 17.690440829753133
0.200 0.400 0.080 17.684562411330933
0.200 0.450 0.080 17.684532860456844
0.200 0.500 0.080 17.684532860456844
0.200 0.550 0.080 17.684532860456844
0.200 0.600 0.080 17.683591458833362
0.200 0.650 0.080 17.683591458833362
0.200 0.700 0.080 17.683591458833362
0.200 0.750 0.080 17.68282328558817
0.200 0.800 0.080 17.678051992552408
0.200 0.850 0.080 17.67652903793676
0.200 0.900 0.080 17.67652903793676
0.200 0.950 0.080 17.67652903793676
0.200 1.000 0.080 17.67652903793676
0.250 0.050 0.080 17.661455210654793
0.250 0.100 0.080 17.652818552644998
0.250 0.150 0.080 17.653180392334058
0.250 0.200 0.080 17.653180392334058
0.250 0.250 0.080 17.651128844815393
0.250 0.300 0.080 17.651128844815393
0.250 0.350 0.080 17.651128844815393
0.250 0.400 0.080 17.651128844815393
0.250 0.450 0.080 17.651072913271573
0.250 0.500 0.080 17.64566448663018
0.250 0.550 0.080 17.64566448663018
0.250 0.600 0.080 17.64423375538245
0.250 0.650 0.080 17.64423375538245
0.250 0.700 0.080 17.64423375538245
0.250 0.750 0.080 17.643410033605136
0.250 0.800 0.080 17.678051992552408
0.250 0.850 0.080 17.67652903793676
0.250 0.900 0.080 17.67652903793676
0.250 0.950 0.080 17.67652903793676
0.250 1.000 0.080 17.67652903793676
0.300 0.050 0.080 17.753253864207906
0.300 0.100 0.080 17.746662903189907
0.300 0.150 0.080 17.74580427924848
0.300 0.200 0.080 17.74580427924848
0.300 0.250 0.080 17.743809575064226
0.300 0.300 0.080 17.743809575064226
0.300 0.350 0.080 17.743809575064226
0.300 0.400 0.080 17.743809575064226
0.300 0.450 0.080 17.743809575064226
0.300 0.500 0.080 17.738720463392866
0.300 0.550 0.080 17.738720463392866
0.300 0.600 0.080 17.73809138348515
0.300 0.650 0.080 17.73809138348515
0.300 0.700 0.080 17.73809138348515
0.300 0.750 0.080 17.7373301760062
0.300 0.800 0.080 17.678051992552408
0.300 0.850 0.080 17.67652903793676
0.300 0.900 0.080 17.67652903793676
0.300 0.950 0.080 17.67652903793676
0.300 1.000 0.080 17.67652903793676
0.350 0.050 0.080 17.7615256555517
0.350 0.100 0.080 17.760353155625154
0.350 0.150 0.080 17.749677764651913
0.350 0.200 0.080 17.749677764651913
0.350 0.250 0.080 17.743809575064226
0.350 0.300 0.080 17.743809575064226
0.350 0.350 0.080 17.743809575064226
0.350 0.400 0.080 17.743809575064226
0.350 0.450 0.080 17.743809575064226
0.350 0.500 0.080 17.738720463392866
0.350 0.550 0.080 17.738720463392866
0.350 0.600 0.080 17.73809138348515
0.350 0.650 0.080 17.73809138348515
0.350 0.700 0.080 17.73809138348515
0.350 0.750 0.080 17.7373301760062
0.350 0.800 0.080 17.678051992552408
0.350 0.850 0.080 17.67652903793676
0.350 0.900 0.080 17.67652903793676
0.350 0.950 0.080 17.67652903793676
0.350 1.000 0.080 17.67652903793676
0.400 0.050 0.080 17.7615256555517
0.400 0.100 0.080 17.73759025921227
0.400 0.150 0.080 17.74675045889397
0.400 0.200 0.080 17.74675045889397
0.400 0.250 0.080 17.740911409075988
0.400 0.300 0.080 17.740911409075988
0.400 0.350 0.080 17.740911409075988
0.400 0.400 0.080 17.740911409075988
0.400 0.450 0.080 17.740911409075988
0.400 0.500 0.080 17.735747376719566
0.400 0.550 0.080 17.735747376719566
0.400 0.600 0.080 17.73809138348515
0.400 0.650 0.080 17.73809138348515
0.400 0.700 0.080 17.73809138348515
0.400 0.750 0.080 17.7373301760062
0.400 0.800 0.080 17.70779207785715
0.400 0.850 0.080 17.706165833491866
0.400 0.900 0.080 17.706165833491866
0.400 0.950 0.080 17.706165833491866
0.400 1.000 0.080 17.706165833491866
0.450 0.050 0.080 17.7615256555517
0.450 0.100 0.080 17.740289268932447
0.450 0.150 0.080 17.749410634540585
0.450 0.200 0.080 17.749410634540585
0.450 0.250 0.080 17.743573675653685
0.450 0.300 0.080 17.743573675653685
0.450 0.350 0.080 17.743573675653685
0.450 0.400 0.080 17.743573675653685
0.450 0.450 0.080 17.743573675653685
0.450 0.500 0.080 17.738443784283405
0.450 0.550 0.080 17.738443784283405
0.450 0.600 0.080 17.73809138348515
0.450 0.650 0.080 17.73809138348515
0.450 0.700 0.080 17.73809138348515
0.450 0.750 0.080 17.7373301760062
0.450 0.800 0.080 17.70779207785715
0.450 0.850 0.080 17.706165833491866
0.450 0.900 0.080 17.706165833491866
0.450 0.950 0.080 17.706165833491866
0.450 1.000 0.080 17.706165833491866
0.500 0.050 0.080 17.779875105121075
0.500 0.100 0.080 17.75626109987752
0.500 0.150 0.080 17.766532408990294
0.500 0.200 0.080 17.766532408990294
0.500 0.250 0.080 17.761422367463254
0.500 0.300 0.080 17.761422367463254
0.500 0.350 0.080 17.761422367463254
0.500 0.400 0.080 17.761422367463254
0.500 0.450 0.080 17.761422367463254
0.500 0.500 0.080 17.75674371791195
0.500 0.550 0.080 17.75674371791195
0.500 0.600 0.080 17.75584176299528
0.500 0.650 0.080 17.75584176299528
0.500 0.700 0.080 17.75584176299528
0.500 0.750 0.080 17.755089258484627
0.500 0.800 0.080 17.70779207785715
0.500 0.850 0.080 17.706165833491866
0.500 0.900 0.080 17.706165833491866
0.500 0.950 0.080 17.706165833491866
0.500 1.000 0.080 17.706165833491866
0.550 0.050 0.080 17.779875105121075
0.550 0.100 0.080 17.758444093801035
0.550 0.150 0.080 17.76849922772848
0.550 0.200 0.080 17.76849922772848
0.550 0.250 0.080 17.76379356048536
0.550 0.300 0.080 17.76379356048536
0.550 0.350 0.080 17.758919751566758
0.550 0.400 0.080 17.758919751566758
0.550 0.450 0.080 17.758919751566758
0.550 0.500 0.080 17.758919751566758
0.550 0.550 0.080 17.758919751566758
0.550 0.600 0.080 17.758049125487823
0.550 0.650 0.080 17.758049125487823
0.550 0.700 0.080 17.758049125487823
0.550 0.750 0.080 17.757298467593625
0.550 0.800 0.080 17.70779207785715
0.550 0.850 0.080 17.706165833491866
0.550 0.900 0.080 17.706165833491866
0.550 0.950 0.080 17.706165833491866
0.550 1.000 0.080 17.706165833491866
0.600 0.050 0.080 17.753044839003064
0.600 0.100 0.080 17.72023936685607
0.600 0.150 0.080 17.716353466088528
0.600 0.200 0.080 17.716353466088528
0.600 0.250 0.080 17.70805326451721
0.600 0.300 0.080 17.70805326451721
0.600 0.350 0.080 17.70805326451721
0.600 0.400 0.080 17.70805326451721
0.600 0.450 0.080 17.70805326451721
0.600 0.500 0.080 17.70805326451721
0.600 0.550 0.080 17.709474275800105
0.600 0.600 0.080 17.715911963445766
0.600 0.650 0.080 17.715911963445766
0.600 0.700 0.080 17.715911963445766
0.600 0.750 0.080 17.71518396516373
0.600 0.800 0.080 17.710599812131687
0.600 0.850 0.080 17.709015962398418
0.600 0.900 0.080 17.709015962398418
0.600 0.950 0.080 17.709015962398418
0.600 1.000 0.080 17.709015962398418
0.650 0.050 0.080 17.743987248042515
0.650 0.100 0.080 17.736700155446407
0.650 0.150 0.080 17.73487431278078
0.650 0.200 0.080 17.73487431278078
0.650 0.250 0.080 17.735003088642227
0.650 0.300 0.080 17.735003088642227
0.650 0.350 0.080 17.735003088642227
0.650 0.400 0.080 17.735003088642227
0.650 0.450 0.080 17.735003088642227
0.650 0.500 0.080 17.735003088642227
0.650 0.550 0.080 17.736556623375147
0.650 0.600 0.080 17.742156728410606
0.650 0.650 0.080 17.742156728410606
0.650 0.700 0.080 17.742156728410606
0.650 0.750 0.080 17.741438008217248
0.650 0.800 0.080 17.71279184790433
0.650 0.850 0.080 17.711209267694265
0.650 0.900 0.080 17.711209267694265
0.650 0.950 0.080 17.711209267694265
0.650 1.000 0.080 17.711209267694265
0.700 0.050 0.080 17.738673261518894
0.700 0.100 0.080 17.746266342470197
0.700 0.150 0.080 17.744849424556683
0.700 0.200 0.080 17.744849424556683
0.700 0.250 0.080 17.744901858483434
0.700 0.300 0.080 17.744901858483434
0.700 0.350 0.080 17.744901858483434
0.700 0.400 0.080 17.744901858483434
0.700 0.450 0.080 17.744874988653308
0.700 0.500 0.080 17.744874988653308
0.700 0.550 0.080 17.744874988653308
0.700 0.600 0.080 17.732713059621915
0.700 0.650 0.080 17.732713059621915
0.700 0.700 0.080 17.732713059621915
0.700 0.750 0.080 17.731984039552078
0.700 0.800 0.080 17.736020779504322
0.700 0.850 0.080 17.7362767223103
0.700 0.900 0.080 17.7362767223103
0.700 0.950 0.080 17.735998432199274
0.700 1.000 0.080 17.735998432199274
0.750 0.050 0.080 17.690147513290064
0.750 0.100 0.080 17.746266342470197
0.750 0.150 0.080 17.744849424556683
0.750 0.200 0.080 17.744849424556683
0.750 0.250 0.080 17.744901858483434
0.750 0.300 0.080 17.744901858483434
0.750 0.350 0.080 17.744901858483434
0.750 0.400 0.080 17.744901858483434
0.750 0.450 0.080 17.744874988653308
0.750 0.500 0.080 17.744874988653308
0.750 0.550 0.080 17.744874988653308
0.750 0.600 0.080 17.7205844019402
0.750 0.650 0.080 17.720456178101504
0.750 0.700 0.080 17.720456178101504
0.750 0.750 0.080 17.719714881513042
0.750 0.800 0.080 17.736020779504322
0.750 0.850 0.080 17.7362767223103
0.750 0.900 0.080 17.7362767223103
0.750 0.950 0.080 17.735998432199274
0.750 1.000 0.080 17.735998432199274
0.800 0.050 0.080 17.732729911580677
0.800 0.100 0.080 17.708208160855836
0.800 0.150 0.080 17.706120064871296
0.800 0.200 0.080 17.70654865451565
0.800 0.250 0.080 17.70780127317309
0.800 0.300 0.080 17.70780127317309
0.800 0.350 0.080 17.707113369097193
0.800 0.400 0.080 17.706831022925552
0.800 0.450 0.080 17.706803198339717
0.800 0.500 0.080 17.706803198339717
0.800 0.550 0.080 17.711369319293006
0.800 0.600 0.080 17.720904542871114
0.800 0.650 0.080 17.73652597464425
0.800 0.700 0.080 17.73652597464425
0.800 0.750 0.080 17.73580911964136
0.800 0.800 0.080 17.708297986396467
0.800 0.850 0.080 17.723651088764296
0.800 0.900 0.080 17.723651088764296
0.800 0.950 0.080 17.710061423729144
0.800 1.000 0.080 17.706481130958778
0.850 0.050 0.080 17.72698907254876
0.850 0.100 0.080 17.735859643007867
0.850 0.150 0.080 17.705481820745163
0.850 0.200 0.080 17.70598794008866
0.850 0.250 0.080 17.707654500304848
0.850 0.300 0.080 17.70760292922872
0.850 0.350 0.080 17.706542930907407
0.850 0.400 0.080 17.706262645580058
0.850 0.450 0.080 17.706234667577217
0.850 0.500 0.080 17.706234667577217
0.850 0.550 0.080 17.71087389850757
0.850 0.600 0.080 17.720904542871114
0.850 0.650 0.080 17.73652597464425
0.850 0.700 0.080 17.73652597464425
0.850 0.750 0.080 17.73580911964136
0.850 0.800 0.080 17.708297986396467
0.850 0.850 0.080 17.723651088764296
0.850 0.900 0.080 17.723651088764296
0.850 0.950 0.080 17.710061423729144
0.850 1.000 0.080 17.706481130958778
0.900 0.050 0.080 17.777298459072295
0.900 0.100 0.080 17.75549182800517
0.900 0.150 0.080 17.745435231221197
0.900 0.200 0.080 17.74527789953182
0.900 0.250 0.080 17.741694407343456
0.900 0.300 0.080 17.74166612166194
0.900 0.350 0.080 17.73847783265063
0.900 0.400 0.080 17.737996797655374
0.900 0.450 0.080 17.74822314656013
0.900 0.500 0.080 17.74822314656013
0.900 0.550 0.080 17.736404761551295
0.900 0.600 0.080 17.72094753626223
0.900 0.650 0.080 17.720465348000417
0.900 0.700 0.080 17.720465348000417
0.900 0.750 0.080 17.719936712060615
0.900 0.800 0.080 17.706275778145432
0.900 0.850 0.080 17.71158047417081
0.900 0.900 0.080 17.71158047417081
0.900 0.950 0.080 17.7043081348766
0.900 1.000 0.080 17.67167388521663
0.950 0.050 0.080 17.77421086380183
0.950 0.100 0.080 17.755508747890968
0.950 0.150 0.080 17.751966544374106
0.950 0.200 0.080 17.75246892794012
0.950 0.250 0.080 17.747198610583116
0.950 0.300 0.080 17.747198610583116
0.950 0.350 0.080 17.743826626262226
0.950 0.400 0.080 17.743347122979053
0.950 0.450 0.080 17.743316659320666
0.950 0.500 0.080 17.743316659320666
0.950 0.550 0.080 17.740232575647262
0.950 0.600 0.080 17.691469400732718
0.950 0.650 0.080 17.691469400732718
0.950 0.700 0.080 17.691469400732718
0.950 0.750 0.080 17.69093168137759
0.950 0.800 0.080 17.70717578637036
0.950 0.850 0.080 17.7122521865315
0.950 0.900 0.080 17.7122521865315
0.950 0.950 0.080 17.70506476686844
0.950 1.000 0.080 17.67374545693046
1.000 0.050 0.080 17.75317845412353
1.000 0.100 0.080 17.70109439238446
1.000 0.150 0.080 17.70345339913141
1.000 0.200 0.080 17.703305007379566
1.000 0.250 0.080 17.696099009601262
1.000 0.300 0.080 17.696099009601262
1.000 0.350 0.080 17.692149966453258
1.000 0.400 0.080 17.691840897681082
1.000 0.450 0.080 17.6918095337765
1.000 0.500 0.080 17.6918095337765
1.000 0.550 0.080 17.693219390567435
1.000 0.600 0.080 17.685204957969255
1.000 0.650 0.080 17.685204957969255
1.000 0.700 0.080 17.685204957969255
1.000 0.750 0.080 17.6846634847371
1.000 0.800 0.080 17.714089881415457
1.000 0.850 0.080 17.705961834592546
1.000 0.900 0.080 17.705961834592546
1.000 0.950 0.080 17.710725689720412
1.000 1.000 0.080 17.67374545693046
