0.050 0.050 0.5329301558367702
0.050 0.100 0.5328280773092336
0.050 0.150 0.5327038625584759
0.050 0.200 0.5327038625584759
0.050 0.250 0.5326350103863428
0.050 0.300 0.5322559260623297
0.050 0.350 0.5322226353678928
0.050 0.400 0.5322226353678928
0.050 0.450 0.5322226353678928
0.050 0.500 0.5322226353678928
0.050 0.550 0.5322226353678928
0.050 0.600 0.5322226353678928
0.050 0.650 0.5322077274987824
0.050 0.700 0.531783655114289
0.050 0.750 0.531783655114289
0.050 0.800 0.5317051756256963
0.050 0.850 0.5317051756256963
0.050 0.900 0.5317051756256963
0.050 0.950 0.5311809890186131
0.050 1.000 0.5311809890186131
0.100 0.050 0.5323384100253821
0.100 0.100 0.5322335005936497
0.100 0.150 0.5321601269116055
0.100 0.200 0.5321601269116055
0.100 0.250 0.5320943644361523
0.100 0.300 0.5317965283834443
0.100 0.350 0.5317621667499285
0.100 0.400 0.5317621667499285
0.100 0.450 0.5317077959397861
0.100 0.500 0.5317077959397861
0.100 0.550 0.5317077959397861
0.100 0.600 0.5317077959397861
0.100 0.650 0.5316928844843409
0.100 0.700 0.5312654843353624
0.100 0.750 0.5312654843353624
0.100 0.800 0.5311873079047471
0.100 0.850 0.5311873079047471
0.100 0.900 0.5311873079047471
0.100 0.950 0.530663373042178
0.100 1.000 0.530663373042178
0.150 0.050 0.5323276549641068
0.150 0.100 0.5322226253909285
0.150 0.150 0.5320671394604825
0.150 0.200 0.5320671394604825
0.150 0.250 0.5320003790942792
0.150 0.300 0.531702392718389
0.150 0.350 0.5316684216087628
0.150 0.400 0.5316684216087628
0.150 0.450 0.5316140242141844
0.150 0.500 0.5316140242141844
0.150 0.550 0.5316140242141844
0.150 0.600 0.5316140242141844
0.150 0.650 0.531599102967192
0.150 0.700 0.5311713301090893
0.150 0.750 0.5311713301090893
0.150 0.800 0.5310931240299244
0.150 0.850 0.5310931240299244
0.150 0.900 0.5310931240299244
0.150 0.950 0.5300558194429148
0.150 1.000 0.5300558194429148
0.200 0.050 0.5323276549641068
0.200 0.100 0.5322402298441722
0.200 0.150 0.5320671394604825
0.200 0.200 0.5320671394604825
0.200 0.250 0.5320003790942792
0.200 0.300 0.531702392718389
0.200 0.350 0.5316684216087628
0.200 0.400 0.5316684216087628
0.200 0.450 0.5316140242141844
0.200 0.500 0.5316140242141844
0.200 0.550 0.5316140242141844
0.200 0.600 0.5316140242141844
0.200 0.650 0.531599102967192
0.200 0.700 0.5311713301090893
0.200 0.750 0.5311713301090893
0.200 0.800 0.5310931240299244
0.200 0.850 0.5310931240299244
0.200 0.900 0.5310931240299244
0.200 0.950 0.5300558194429148
0.200 1.000 0.5300558194429148
0.250 0.050 0.5323276549641068
0.250 0.100 0.5334924067398864
0.250 0.150 0.5333373436537052
0.250 0.200 0.5333373436537052
0.250 0.250 0.5332351822624326
0.250 0.300 0.532938327179991
0.250 0.350 0.5329203967172934
0.250 0.400 0.5329203967172934
0.250 0.450 0.532866064930592
0.250 0.500 0.532866064930592
0.250 0.550 0.532866064930592
0.250 0.600 0.532866064930592
0.250 0.650 0.5328512013327003
0.250 0.700 0.5324295452055617
0.250 0.750 0.5324295452055617
0.250 0.800 0.5323517702055244
0.250 0.850 0.5323517702055244
0.250 0.900 0.5323517702055244
0.250 0.950 0.5313200200426084
0.250 1.000 0.5313200200426084
0.300 0.050 0.5334059078216035
0.300 0.100 0.5332064744165809
0.300 0.150 0.5333373436537052
0.300 0.200 0.5333373436537052
0.300 0.250 0.5332351822624326
0.300 0.300 0.532938327179991
0.300 0.350 0.5329203967172934
0.300 0.400 0.5329203967172934
0.300 0.450 0.532866064930592
0.300 0.500 0.532866064930592
0.300 0.550 0.532866064930592
0.300 0.600 0.532866064930592
0.300 0.650 0.5328512013327003
0.300 0.700 0.5324295452055617
0.300 0.750 0.5324295452055617
0.300 0.800 0.5323517702055244
0.300 0.850 0.5323517702055244
0.300 0.900 0.5323517702055244
0.300 0.950 0.5313200200426084
0.300 1.000 0.5313200200426084
0.350 0.050 0.5334442070348988
0.350 0.100 0.5331670156878927
0.350 0.150 0.5333734875653134
0.350 0.200 0.5333734875653134
0.350 0.250 0.533246200239565
0.350 0.300 0.5328736180025253
0.350 0.350 0.5329314953131677
0.350 0.400 0.5329314953131677
0.350 0.450 0.5328771695147766
0.350 0.500 0.5328771695147766
0.350 0.550 0.5328771695147766
0.350 0.600 0.5328771695147766
0.350 0.650 0.5328623072379908
0.350 0.700 0.5324406414733563
0.350 0.750 0.5324406414733563
0.350 0.800 0.53236286146913
0.350 0.850 0.53236286146913
0.350 0.900 0.53236286146913
0.350 0.950 0.5313200200426084
0.350 1.000 0.5313200200426084
0.400 0.050 0.5336232036112599
0.400 0.100 0.533915145182058
0.400 0.150 0.5337360254968542
0.400 0.200 0.5337360254968542
0.400 0.250 0.533728089300078
0.400 0.300 0.5334314791635667
0.400 0.350 0.533428003354412
0.400 0.400 0.533428003354412
0.400 0.450 0.5333736109205361
0.400 0.500 0.5333736109205361
0.400 0.550 0.5333736109205361
0.400 0.600 0.5333736109205361
0.400 0.650 0.533358801778904
0.400 0.700 0.5329484200176674
0.400 0.750 0.5329484200176674
0.400 0.800 0.5328709477215584
0.400 0.850 0.5328709477215584
0.400 0.900 0.5328709477215584
0.400 0.950 0.5303356644569305
0.400 1.000 0.5303356644569305
0.450 0.050 0.5338984370143408
0.450 0.100 0.533915145182058
0.450 0.150 0.5337360254968542
0.450 0.200 0.5337360254968542
0.450 0.250 0.533728089300078
0.450 0.300 0.5334314791635667
0.450 0.350 0.533428003354412
0.450 0.400 0.533428003354412
0.450 0.450 0.5333736109205361
0.450 0.500 0.5333736109205361
0.450 0.550 0.5333736109205361
0.450 0.600 0.5333736109205361
0.450 0.650 0.533358801778904
0.450 0.700 0.5329484200176674
0.450 0.750 0.5329484200176674
0.450 0.800 0.5328709477215584
0.450 0.850 0.5328709477215584
0.450 0.900 0.5328709477215584
0.450 0.950 0.5303356644569305
0.450 1.000 0.5303356644569305
0.500 0.050 0.5243112752805605
0.500 0.100 0.52482161329216
0.500 0.150 0.5246445394279599
0.500 0.200 0.5246445394279599
0.500 0.250 0.5246480418306007
0.500 0.300 0.5243430443019677
0.500 0.350 0.524329900621855
0.500 0.400 0.524329900621855
0.500 0.450 0.524329900621855
0.500 0.500 0.524329900621855
0.500 0.550 0.524329900621855
0.500 0.600 0.524329900621855
0.500 0.650 0.5243148613273737
0.500 0.700 0.5239216465850207
0.500 0.750 0.5239216465850207
0.500 0.800 0.5238427725557904
0.500 0.850 0.5238427725557904
0.500 0.900 0.5238427725557904
0.500 0.950 0.5285531136013053
0.500 1.000 0.5285531136013053
0.550 0.050 0.5281279986807849
0.550 0.100 0.5281983673316797
0.550 0.150 0.5281344404643172
0.550 0.200 0.5281344404643172
0.550 0.250 0.5281231558576444
0.550 0.300 0.5277795688773744
0.550 0.350 0.5277795688773744
0.550 0.400 0.5277795688773744
0.550 0.450 0.5277795688773744
0.550 0.500 0.5277795688773744
0.550 0.550 0.5277795688773744
0.550 0.600 0.5277795688773744
0.550 0.650 0.5277645365753163
0.550 0.700 0.5273829213328582
0.550 0.750 0.5273829213328582
0.550 0.800 0.5273040752856062
0.550 0.850 0.5273040752856062
0.550 0.900 0.5273040752856062
0.550 0.950 0.5287398227898356
0.550 1.000 0.5287398227898356
0.600 0.050 0.5210563174277757
0.600 0.100 0.5211198411024012
0.600 0.150 0.5210109481028473
0.600 0.200 0.5210109481028473
0.600 0.250 0.5210423035185602
0.600 0.300 0.5206960715666278
0.600 0.350 0.5206960715666278
0.600 0.400 0.5206960715666278
0.600 0.450 0.5206960715666278
0.600 0.500 0.5206960715666278
0.600 0.550 0.5206960715666278
0.600 0.600 0.5206960715666278
0.600 0.650 0.5206809331723492
0.600 0.700 0.5202968828050073
0.600 0.750 0.5202968828050073
0.600 0.800 0.5202177198370946
0.600 0.850 0.5202177198370946
0.600 0.900 0.5202177198370946
0.600 0.950 0.5276506569203157
0.600 1.000 0.5276506569203157
0.650 0.050 0.5211998982607159
0.650 0.100 0.5211198411024012
0.650 0.150 0.5210109481028473
0.650 0.200 0.5210109481028473
0.650 0.250 0.5210423035185602
0.650 0.300 0.5206960715666278
0.650 0.350 0.5206960715666278
0.650 0.400 0.5206960715666278
0.650 0.450 0.5206960715666278
0.650 0.500 0.5206960715666278
0.650 0.550 0.5206960715666278
0.650 0.600 0.5206960715666278
0.650 0.650 0.5206809331723492
0.650 0.700 0.5202968828050073
0.650 0.750 0.5202968828050073
0.650 0.800 0.5202177198370946
0.650 0.850 0.5202177198370946
0.650 0.900 0.5202177198370946
0.650 0.950 0.5276506569203157
0.650 1.000 0.5276506569203157
0.700 0.050 0.5211998982607159
0.700 0.100 0.521263167814727
0.700 0.150 0.5211543022046798
0.700 0.200 0.5211022631837086
0.700 0.250 0.5210891800577413
0.700 0.300 0.5207431773680112
0.700 0.350 0.5207431773680112
0.700 0.400 0.5207431773680112
0.700 0.450 0.5207431773680112
0.700 0.500 0.5207431773680112
0.700 0.550 0.5207431773680112
0.700 0.600 0.5207431773680112
0.700 0.650 0.5207280396826031
0.700 0.700 0.5202968828050073
0.700 0.750 0.5202968828050073
0.700 0.800 0.5202177198370946
0.700 0.850 0.5202177198370946
0.700 0.900 0.5202177198370946
0.700 0.950 0.52378271512728
0.700 1.000 0.52378271512728
0.750 0.050 0.5211437387782534
0.750 0.100 0.521263167814727
0.750 0.150 0.5211543022046798
0.750 0.200 0.5211022631837086
0.750 0.250 0.5210891800577413
0.750 0.300 0.5207431773680112
0.750 0.350 0.5207431773680112
0.750 0.400 0.5207431773680112
0.750 0.450 0.5207431773680112
0.750 0.500 0.5207431773680112
0.750 0.550 0.5207431773680112
0.750 0.600 0.5207431773680112
0.750 0.650 0.5207280396826031
0.750 0.700 0.5202968828050073
0.750 0.750 0.5202968828050073
0.750 0.800 0.5202177198370946
0.750 0.850 0.5202177198370946
0.750 0.900 0.5202177198370946
0.750 0.950 0.52378271512728
0.750 1.000 0.52378271512728
0.800 0.050 0.5291254864755247
0.800 0.100 0.5290424609823966
0.800 0.150 0.5289374095053472
0.800 0.200 0.5289138601320567
0.800 0.250 0.5278712010330836
0.800 0.300 0.5288600936869325
0.800 0.350 0.5285708176950622
0.800 0.400 0.528536240868067
0.800 0.450 0.5284903898913743
0.800 0.500 0.5284358532738743
0.800 0.550 0.5284358532738743
0.800 0.600 0.5281095494979693
0.800 0.650 0.5280946483438148
0.800 0.700 0.5276715279428429
0.800 0.750 0.5276715279428429
0.800 0.800 0.5275934520990316
0.800 0.850 0.5282570934943926
0.800 0.900 0.5282570934943926
0.800 0.950 0.5304682785021867
0.800 1.000 0.5304463928265581
0.850 0.050 0.5290874177275784
0.850 0.100 0.5290118741275149
0.850 0.150 0.5289161472307113
0.850 0.200 0.5288929132490449
0.850 0.250 0.5278712010330836
0.850 0.300 0.5288296737265309
0.850 0.350 0.5285405531472646
0.850 0.400 0.5284536416533159
0.850 0.450 0.5284536416533159
0.850 0.500 0.5284032357791716
0.850 0.550 0.5284032357791716
0.850 0.600 0.5280628239375359
0.850 0.650 0.5280479231870184
0.850 0.700 0.5276247086334813
0.850 0.750 0.5276247086334813
0.850 0.800 0.5276247086334813
0.850 0.850 0.5275278467782594
0.850 0.900 0.5275278467782594
0.850 0.950 0.5304682785021867
0.850 1.000 0.5304463928265581
0.900 0.050 0.5270265177973394
0.900 0.100 0.5268866551659183
0.900 0.150 0.5268043091188683
0.900 0.200 0.5267814500222968
0.900 0.250 0.5267814500222968
0.900 0.300 0.5268226174251491
0.900 0.350 0.5265372875317541
0.900 0.400 0.5264493204690587
0.900 0.450 0.5264493204690587
0.900 0.500 0.5264028873538166
0.900 0.550 0.5264028873538166
0.900 0.600 0.5260576427533991
0.900 0.650 0.5260426333310103
0.900 0.700 0.5250641707030944
0.900 0.750 0.5250641707030944
0.900 0.800 0.5250641707030944
0.900 0.850 0.5249652723789867
0.900 0.900 0.5249652723789867
0.900 0.950 0.5270948859579639
0.900 1.000 0.5265563957922634
0.950 0.050 0.5269071016412505
0.950 0.100 0.5268438476356883
0.950 0.150 0.526761202974857
0.950 0.200 0.5267814500222968
0.950 0.250 0.5267814500222968
0.950 0.300 0.5268226174251491
0.950 0.350 0.5265372875317541
0.950 0.400 0.5264493204690587
0.950 0.450 0.5264493204690587
0.950 0.500 0.5264028873538166
0.950 0.550 0.5264028873538166
0.950 0.600 0.5260576427533991
0.950 0.650 0.5260426333310103
0.950 0.700 0.5250641707030944
0.950 0.750 0.5250641707030944
0.950 0.800 0.5250641707030944
0.950 0.850 0.5249652723789867
0.950 0.900 0.5249652723789867
0.950 0.950 0.5289614451779273
0.950 1.000 0.5282976178561207
1.000 0.050 0.5269071016412505
1.000 0.100 0.5272945333764798
1.000 0.150 0.5272193902424946
1.000 0.200 0.5272427233933947
1.000 0.250 0.5272427233933947
1.000 0.300 0.5279149071622528
1.000 0.350 0.5276341056794103
1.000 0.400 0.5275464894516796
1.000 0.450 0.5275464894516796
1.000 0.500 0.527500979882959
1.000 0.550 0.527500979882959
1.000 0.600 0.5271560066696395
1.000 0.650 0.5271410438108817
1.000 0.700 0.5261831399959271
1.000 0.750 0.5261831399959271
1.000 0.800 0.5261831399959271
1.000 0.850 0.5260849061531281
1.000 0.900 0.5260849061531281
1.000 0.950 0.526721707892326
1.000 1.000 0.5282976178561207
