0.050 0.050 0.5346424456219615
0.050 0.100 0.5350437228476191
0.050 0.150 0.5350671852864359
0.050 0.200 0.5351797103353716
0.050 0.250 0.5351170313357542
0.050 0.300 0.5351170313357542
0.050 0.350 0.5351170313357542
0.050 0.400 0.5351170313357542
0.050 0.450 0.5351170313357542
0.050 0.500 0.5351178591089103
0.050 0.550 0.5351753472438744
0.050 0.600 0.5351753472438744
0.050 0.650 0.5351753472438744
0.050 0.700 0.5351753472438744
0.050 0.750 0.5351310817384033
0.050 0.800 0.5351310817384033
0.050 0.850 0.5351310817384033
0.050 0.900 0.5351310817384033
0.050 0.950 0.5351310817384033
0.050 1.000 0.5351310817384033
0.100 0.050 0.5307752490955847
0.100 0.100 0.5321110930530608
0.100 0.150 0.5321181724401443
0.100 0.200 0.5321790694233347
0.100 0.250 0.5322196838037776
0.100 0.300 0.5322196838037776
0.100 0.350 0.5322196838037776
0.100 0.400 0.5322196838037776
0.100 0.450 0.5321670616065935
0.100 0.500 0.5322312509871463
0.100 0.550 0.5327449091406955
0.100 0.600 0.5327449091406955
0.100 0.650 0.5327449091406955
0.100 0.700 0.5327449091406955
0.100 0.750 0.5327003439358908
0.100 0.800 0.5327003439358908
0.100 0.850 0.5327003439358908
0.100 0.900 0.5327003439358908
0.100 0.950 0.5327003439358908
0.100 1.000 0.5327003439358908
0.150 0.050 0.5318204491383275
0.150 0.100 0.5328295928772524
0.150 0.150 0.5328294815952601
0.150 0.200 0.5328598272465036
0.150 0.250 0.5328144812418105
0.150 0.300 0.5328144812418105
0.150 0.350 0.5324545095108268
0.150 0.400 0.5324545095108268
0.150 0.450 0.5324545095108268
0.150 0.500 0.5326807353758117
0.150 0.550 0.5327449091406955
0.150 0.600 0.5327449091406955
0.150 0.650 0.5327449091406955
0.150 0.700 0.5327449091406955
0.150 0.750 0.5327003439358908
0.150 0.800 0.5327003439358908
0.150 0.850 0.5327003439358908
0.150 0.900 0.5327003439358908
0.150 0.950 0.5327003439358908
0.150 1.000 0.5327003439358908
0.200 0.050 0.5318204491383275
0.200 0.100 0.5328295928772524
0.200 0.150 0.5328294815952601
0.200 0.200 0.5328598272465036
0.200 0.250 0.5328144812418105
0.200 0.300 0.5328144812418105
0.200 0.350 0.5328301032088155
0.200 0.400 0.5328301032088155
0.200 0.450 0.5328301032088155
0.200 0.500 0.5326807353758117
0.200 0.550 0.5327449091406955
0.200 0.600 0.5327449091406955
0.200 0.650 0.5327449091406955
0.200 0.700 0.5327449091406955
0.200 0.750 0.5327003439358908
0.200 0.800 0.5327003439358908
0.200 0.850 0.5327003439358908
0.200 0.900 0.5327003439358908
0.200 0.950 0.5327003439358908
0.200 1.000 0.5327003439358908
0.250 0.050 0.5318204491383275
0.250 0.100 0.5328295928772524
0.250 0.150 0.5328294815952601
0.250 0.200 0.5328598272465036
0.250 0.250 0.5328144812418105
0.250 0.300 0.5328144812418105
0.250 0.350 0.5328301032088155
0.250 0.400 0.5328301032088155
0.250 0.450 0.5328301032088155
0.250 0.500 0.5326807353758117
0.250 0.550 0.5327449091406955
0.250 0.600 0.5327449091406955
0.250 0.650 0.5327449091406955
0.250 0.700 0.5327449091406955
0.250 0.750 0.5327003439358908
0.250 0.800 0.5327003439358908
0.250 0.850 0.5327003439358908
0.250 0.900 0.5327003439358908
0.250 0.950 0.5327003439358908
0.250 1.000 0.5327003439358908
0.300 0.050 0.5320534627459945
0.300 0.100 0.5328295928772524
0.300 0.150 0.5328294815952601
0.300 0.200 0.5328598272465036
0.300 0.250 0.5328144812418105
0.300 0.300 0.5328144812418105
0.300 0.350 0.5328301032088155
0.300 0.400 0.5328301032088155
0.300 0.450 0.5328301032088155
0.300 0.500 0.5326807353758117
0.300 0.550 0.5327449091406955
0.300 0.600 0.5327449091406955
0.300 0.650 0.5327449091406955
0.300 0.700 0.5327449091406955
0.300 0.750 0.5327003439358908
0.300 0.800 0.5327003439358908
0.300 0.850 0.5327003439358908
0.300 0.900 0.5327003439358908
0.300 0.950 0.5327003439358908
0.300 1.000 0.5327003439358908
0.350 0.050 0.5319524736029192
0.350 0.100 0.5328237235150234
0.350 0.150 0.5328294815952601
0.350 0.200 0.5328598272465036
0.350 0.250 0.5328144812418105
0.350 0.300 0.5328144812418105
0.350 0.350 0.5328301032088155
0.350 0.400 0.5328301032088155
0.350 0.450 0.5328301032088155
0.350 0.500 0.5326807353758117
0.350 0.550 0.5327449091406955
0.350 0.600 0.5327449091406955
0.350 0.650 0.5327449091406955
0.350 0.700 0.5327449091406955
0.350 0.750 0.5327003439358908
0.350 0.800 0.5327003439358908
0.350 0.850 0.5327003439358908
0.350 0.900 0.5327003439358908
0.350 0.950 0.5327003439358908
0.350 1.000 0.5327003439358908
0.400 0.050 0.5302493635674249
0.400 0.100 0.532018309792637
0.400 0.150 0.5320237304989157
0.400 0.200 0.532036621165182
0.400 0.250 0.5319902776061862
0.400 0.300 0.5319902776061862
0.400 0.350 0.5320312062404877
0.400 0.400 0.5320312062404877
0.400 0.450 0.5320312062404877
0.400 0.500 0.531653426313541
0.400 0.550 0.5319259433374118
0.400 0.600 0.5319259433374118
0.400 0.650 0.5319103157095043
0.400 0.700 0.5319103157095043
0.400 0.750 0.5318654570032293
0.400 0.800 0.5318654570032293
0.400 0.850 0.5318654570032293
0.400 0.900 0.5318654570032293
0.400 0.950 0.5318654570032293
0.400 1.000 0.5318654570032293
0.450 0.050 0.5302493635674249
0.450 0.100 0.532018309792637
0.450 0.150 0.5320237304989157
0.450 0.200 0.532036621165182
0.450 0.250 0.5319902776061862
0.450 0.300 0.5319902776061862
0.450 0.350 0.5320312062404877
0.450 0.400 0.5320312062404877
0.450 0.450 0.5320312062404877
0.450 0.500 0.531653426313541
0.450 0.550 0.5319259433374118
0.450 0.600 0.5319259433374118
0.450 0.650 0.5319103157095043
0.450 0.700 0.5319103157095043
0.450 0.750 0.5318654570032293
0.450 0.800 0.5318654570032293
0.450 0.850 0.5318654570032293
0.450 0.900 0.5318654570032293
0.450 0.950 0.5318654570032293
0.450 1.000 0.5318654570032293
0.500 0.050 0.5307853258951907
0.500 0.100 0.5326292534022897
0.500 0.150 0.5326348088058508
0.500 0.200 0.532621345052937
0.500 0.250 0.5325753262684406
0.500 0.300 0.5325753262684406
0.500 0.350 0.5327677496100653
0.500 0.400 0.5327213840219702
0.500 0.450 0.5327213840219702
0.500 0.500 0.5324482629020525
0.500 0.550 0.5325124679924388
0.500 0.600 0.5325124679924388
0.500 0.650 0.5324968842479354
0.500 0.700 0.5324968842479354
0.500 0.750 0.5324520097272571
0.500 0.800 0.5324520097272571
0.500 0.850 0.5324520097272571
0.500 0.900 0.5324520097272571
0.500 0.950 0.5324520097272571
0.500 1.000 0.5324520097272571
0.550 0.050 0.5307853258951907
0.550 0.100 0.5326292534022897
0.550 0.150 0.5326348088058508
0.550 0.200 0.532621345052937
0.550 0.250 0.5325753262684406
0.550 0.300 0.5325753262684406
0.550 0.350 0.5326457440659169
0.550 0.400 0.5326457440659169
0.550 0.450 0.5326457440659169
0.550 0.500 0.5324482629020525
0.550 0.550 0.5325124679924388
0.550 0.600 0.5325124679924388
0.550 0.650 0.5324968842479354
0.550 0.700 0.5324968842479354
0.550 0.750 0.5324520097272571
0.550 0.800 0.5324520097272571
0.550 0.850 0.5324520097272571
0.550 0.900 0.5324520097272571
0.550 0.950 0.5324520097272571
0.550 1.000 0.5324520097272571
0.600 0.050 0.5307853258951907
0.600 0.100 0.5326292534022897
0.600 0.150 0.5326348088058508
0.600 0.200 0.532621345052937
0.600 0.250 0.5325753262684406
0.600 0.300 0.5325753262684406
0.600 0.350 0.5326457440659169
0.600 0.400 0.5326457440659169
0.600 0.450 0.5326457440659169
0.600 0.500 0.5324482629020525
0.600 0.550 0.5325124679924388
0.600 0.600 0.5325124679924388
0.600 0.650 0.5324968842479354
0.600 0.700 0.5324968842479354
0.600 0.750 0.5324520097272571
0.600 0.800 0.5324520097272571
0.600 0.850 0.5324520097272571
0.600 0.900 0.5324520097272571
0.600 0.950 0.5324520097272571
0.600 1.000 0.5324520097272571
0.650 0.050 0.5299915204209615
0.650 0.100 0.5320845303063902
0.650 0.150 0.5319912328365426
0.650 0.200 0.5320053287135154
0.650 0.250 0.5319567564134476
0.650 0.300 0.5319567564134476
0.650 0.350 0.532330219458345
0.650 0.400 0.5321794230202778
0.650 0.450 0.5321794230202778
0.650 0.500 0.532133339150679
0.650 0.550 0.5317576383236945
0.650 0.600 0.5317576383236945
0.650 0.650 0.5318101252956379
0.650 0.700 0.5318101252956379
0.650 0.750 0.5317651869488342
0.650 0.800 0.5316970616355156
0.650 0.850 0.5316970616355156
0.650 0.900 0.531647329755796
0.650 0.950 0.531647329755796
0.650 1.000 0.5320256945572575
0.700 0.050 0.5309878461568123
0.700 0.100 0.5309865951618793
0.700 0.150 0.5336322781581082
0.700 0.200 0.5335797389273961
0.700 0.250 0.5335206988506446
0.700 0.300 0.5335206988506446
0.700 0.350 0.5333075596895751
0.700 0.400 0.5333075596895751
0.700 0.450 0.5333075596895751
0.700 0.500 0.5331761296853552
0.700 0.550 0.5334305321724242
0.700 0.600 0.5334305321724242
0.700 0.650 0.5334305321724242
0.700 0.700 0.5331316705161638
0.700 0.750 0.5330863533487171
0.700 0.800 0.5330863533487171
0.700 0.850 0.5330339103757942
0.700 0.900 0.5329859365992115
0.700 0.950 0.532985497693089
0.700 1.000 0.532969446059642
0.750 0.050 0.5309878461568123
0.750 0.100 0.5309865951618793
0.750 0.150 0.5336322781581082
0.750 0.200 0.5335797389273961
0.750 0.250 0.5335206988506446
0.750 0.300 0.5335206988506446
0.750 0.350 0.5333075596895751
0.750 0.400 0.5333075596895751
0.750 0.450 0.5333075596895751
0.750 0.500 0.5331761296853552
0.750 0.550 0.5334305321724242
0.750 0.600 0.5334305321724242
0.750 0.650 0.5334305321724242
0.750 0.700 0.5331316705161638
0.750 0.750 0.5330863533487171
0.750 0.800 0.5330863533487171
0.750 0.850 0.5330339103757942
0.750 0.900 0.5329859365992115
0.750 0.950 0.532985497693089
0.750 1.000 0.532969446059642
0.800 0.050 0.5309878461568123
0.800 0.100 0.5309865951618793
0.800 0.150 0.5336322781581082
0.800 0.200 0.5335797389273961
0.800 0.250 0.5335206988506446
0.800 0.300 0.5335206988506446
0.800 0.350 0.5333075596895751
0.800 0.400 0.5333075596895751
0.800 0.450 0.5333075596895751
0.800 0.500 0.5329604046619512
0.800 0.550 0.5334305321724242
0.800 0.600 0.5334305321724242
0.800 0.650 0.5334305321724242
0.800 0.700 0.5331316705161638
0.800 0.750 0.5330863533487171
0.800 0.800 0.5330863533487171
0.800 0.850 0.5330339103757942
0.800 0.900 0.5329859365992115
0.800 0.950 0.532985497693089
0.800 1.000 0.5326258524456393
0.850 0.050 0.5298922947917283
0.850 0.100 0.5336716606977104
0.850 0.150 0.5336458243975293
0.850 0.200 0.5335997623965797
0.850 0.250 0.5334791046069908
0.850 0.300 0.5334791046069908
0.850 0.350 0.5334706766584469
0.850 0.400 0.5334706766584469
0.850 0.450 0.5334706766584469
0.850 0.500 0.5335369366505708
0.850 0.550 0.5329652126150333
0.850 0.600 0.5329652126150333
0.850 0.650 0.5329652126150333
0.850 0.700 0.5329652126150333
0.850 0.750 0.5329197039254299
0.850 0.800 0.5329197039254299
0.850 0.850 0.5329197039254299
0.850 0.900 0.532869997020573
0.850 0.950 0.5416104373206062
0.850 1.000 0.5416104373206062
0.900 0.050 0.5293333181355662
0.900 0.100 0.5298730353656478
0.900 0.150 0.5333814414152828
0.900 0.200 0.5333352120556717
0.900 0.250 0.5332084373713107
0.900 0.300 0.5332084373713107
0.900 0.350 0.5332115191431315
0.900 0.400 0.5330995419226626
0.900 0.450 0.5330995419226626
0.900 0.500 0.5338244056898295
0.900 0.550 0.5329652126150333
0.900 0.600 0.5329652126150333
0.900 0.650 0.5329652126150333
0.900 0.700 0.5329652126150333
0.900 0.750 0.5329197039254299
0.900 0.800 0.5329197039254299
0.900 0.850 0.5329197039254299
0.900 0.900 0.532869997020573
0.900 0.950 0.5416104373206062
0.900 1.000 0.5416104373206062
0.950 0.050 0.5293333181355662
0.950 0.100 0.5298730353656478
0.950 0.150 0.5333814414152828
0.950 0.200 0.5333352120556717
0.950 0.250 0.5332084373713107
0.950 0.300 0.5332084373713107
0.950 0.350 0.5332115191431315
0.950 0.400 0.5330995419226626
0.950 0.450 0.5330995419226626
0.950 0.500 0.5338244056898295
0.950 0.550 0.5329652126150333
0.950 0.600 0.5329652126150333
0.950 0.650 0.5329652126150333
0.950 0.700 0.5329652126150333
0.950 0.750 0.5329197039254299
0.950 0.800 0.5329197039254299
0.950 0.850 0.5329197039254299
0.950 0.900 0.532869997020573
0.950 0.950 0.5416104373206062
0.950 1.000 0.5416104373206062
1.000 0.050 0.5330859620570639
1.000 0.100 0.5332841540437936
1.000 0.150 0.5334075770007307
1.000 0.200 0.5333459871926225
1.000 0.250 0.5332111035736342
1.000 0.300 0.5332111035736342
1.000 0.350 0.5332141726523578
1.000 0.400 0.533102192063476
1.000 0.450 0.533102192063476
1.000 0.500 0.5338270678621204
1.000 0.550 0.5329678577161048
1.000 0.600 0.5329678577161048
1.000 0.650 0.5329678577161048
1.000 0.700 0.5329678577161048
1.000 0.750 0.5329223486072185
1.000 0.800 0.5329223486072185
1.000 0.850 0.5329223486072185
1.000 0.900 0.532869997020573
1.000 0.950 0.5416104373206062
1.000 1.000 0.5416104373206062
