0.050 0.050 0.120 2062.0
0.050 0.100 0.120 2080.0
0.050 0.150 0.120 2087.0
0.050 0.200 0.120 2087.0
0.050 0.250 0.120 2101.0
0.050 0.300 0.120 2125.0
0.050 0.350 0.120 2130.0
0.050 0.400 0.120 2130.0
0.050 0.450 0.120 2130.0
0.050 0.500 0.120 2130.0
0.050 0.550 0.120 2130.0
0.050 0.600 0.120 2130.0
0.050 0.650 0.120 2131.0
0.050 0.700 0.120 2156.0
0.050 0.750 0.120 2156.0
0.050 0.800 0.120 2161.0
0.050 0.850 0.120 2161.0
0.050 0.900 0.120 2161.0
0.050 0.950 0.120 2194.0
0.050 1.000 0.120 2194.0
0.100 0.050 0.120 2094.0
0.100 0.100 0.120 2108.0
0.100 0.150 0.120 2120.0
0.100 0.200 0.120 2120.0
0.100 0.250 0.120 2134.0
0.100 0.300 0.120 2151.0
0.100 0.350 0.120 2160.0
0.100 0.400 0.120 2160.0
0.100 0.450 0.120 2163.0
0.100 0.500 0.120 2163.0
0.100 0.550 0.120 2163.0
0.100 0.600 0.120 2163.0
0.100 0.650 0.120 2164.0
0.100 0.700 0.120 2189.0
0.100 0.750 0.120 2189.0
0.100 0.800 0.120 2194.0
0.100 0.850 0.120 2194.0
0.100 0.900 0.120 2194.0
0.100 0.950 0.120 2227.0
0.100 1.000 0.120 2227.0
0.150 0.050 0.120 2097.0
0.150 0.100 0.120 2111.0
0.150 0.150 0.120 2128.0
0.150 0.200 0.120 2128.0
0.150 0.250 0.120 2142.0
0.150 0.300 0.120 2159.0
0.150 0.350 0.120 2168.0
0.150 0.400 0.120 2168.0
0.150 0.450 0.120 2171.0
0.150 0.500 0.120 2171.0
0.150 0.550 0.120 2171.0
0.150 0.600 0.120 2171.0
0.150 0.650 0.120 2172.0
0.150 0.700 0.120 2197.0
0.150 0.750 0.120 2197.0
0.150 0.800 0.120 2202.0
0.150 0.850 0.120 2202.0
0.150 0.900 0.120 2202.0
0.150 0.950 0.120 2266.0
0.150 1.000 0.120 2266.0
0.200 0.050 0.120 2097.0
0.200 0.100 0.120 2110.0
0.200 0.150 0.120 2128.0
0.200 0.200 0.120 2128.0
0.200 0.250 0.120 2142.0
0.200 0.300 0.120 2159.0
0.200 0.350 0.120 2168.0
0.200 0.400 0.120 2168.0
0.200 0.450 0.120 2171.0
0.200 0.500 0.120 2171.0
0.200 0.550 0.120 2171.0
0.200 0.600 0.120 2171.0
0.200 0.650 0.120 2172.0
0.200 0.700 0.120 2197.0
0.200 0.750 0.120 2197.0
0.200 0.800 0.120 2202.0
0.200 0.850 0.120 2202.0
0.200 0.900 0.120 2202.0
0.200 0.950 0.120 2266.0
0.200 1.000 0.120 2266.0
0.250 0.050 0.120 2097.0
0.250 0.100 0.120 2078.0
0.250 0.150 0.120 2096.0
0.250 0.200 0.120 2096.0
0.250 0.250 0.120 2110.0
0.250 0.300 0.120 2127.0
0.250 0.350 0.120 2136.0
0.250 0.400 0.120 2136.0
0.250 0.450 0.120 2139.0
0.250 0.500 0.120 2139.0
0.250 0.550 0.120 2139.0
0.250 0.600 0.120 2139.0
0.250 0.650 0.120 2140.0
0.250 0.700 0.120 2165.0
0.250 0.750 0.120 2165.0
0.250 0.800 0.120 2170.0
0.250 0.850 0.120 2170.0
0.250 0.900 0.120 2170.0
0.250 0.950 0.120 2234.0
0.250 1.000 0.120 2234.0
0.300 0.050 0.120 2065.0
0.300 0.100 0.120 2093.0
0.300 0.150 0.120 2096.0
0.300 0.200 0.120 2096.0
0.300 0.250 0.120 2110.0
0.300 0.300 0.120 2127.0
0.300 0.350 0.120 2136.0
0.300 0.400 0.120 2136.0
0.300 0.450 0.120 2139.0
0.300 0.500 0.120 2139.0
0.300 0.550 0.120 2139.0
0.300 0.600 0.120 2139.0
0.300 0.650 0.120 2140.0
0.300 0.700 0.120 2165.0
0.300 0.750 0.120 2165.0
0.300 0.800 0.120 2170.0
0.300 0.850 0.120 2170.0
0.300 0.900 0.120 2170.0
0.300 0.950 0.120 2234.0
0.300 1.000 0.120 2234.0
0.350 0.050 0.120 2065.0
0.350 0.100 0.120 2093.0
0.350 0.150 0.120 2096.0
0.350 0.200 0.120 2096.0
0.350 0.250 0.120 2110.0
0.350 0.300 0.120 2129.0
0.350 0.350 0.120 2136.0
0.350 0.400 0.120 2136.0
0.350 0.450 0.120 2139.0
0.350 0.500 0.120 2139.0
0.350 0.550 0.120 2139.0
0.350 0.600 0.120 2139.0
0.350 0.650 0.120 2140.0
0.350 0.700 0.120 2165.0
0.350 0.750 0.120 2165.0
0.350 0.800 0.120 2170.0
0.350 0.850 0.120 2170.0
0.350 0.900 0.120 2170.0
0.350 0.950 0.120 2234.0
0.350 1.000 0.120 2234.0
0.400 0.050 0.120 2097.0
0.400 0.100 0.120 2107.0
0.400 0.150 0.120 2115.0
0.400 0.200 0.120 2115.0
0.400 0.250 0.120 2118.0
0.400 0.300 0.120 2135.0
0.400 0.350 0.120 2142.0
0.400 0.400 0.120 2142.0
0.400 0.450 0.120 2145.0
0.400 0.500 0.120 2145.0
0.400 0.550 0.120 2145.0
0.400 0.600 0.120 2145.0
0.400 0.650 0.120 2146.0
0.400 0.700 0.120 2171.0
0.400 0.750 0.120 2171.0
0.400 0.800 0.120 2176.0
0.400 0.850 0.120 2176.0
0.400 0.900 0.120 2176.0
0.400 0.950 0.120 2266.0
0.400 1.000 0.120 2266.0
0.450 0.050 0.120 2099.0
0.450 0.100 0.120 2107.0
0.450 0.150 0.120 2115.0
0.450 0.200 0.120 2115.0
0.450 0.250 0.120 2118.0
0.450 0.300 0.120 2135.0
0.450 0.350 0.120 2142.0
0.450 0.400 0.120 2142.0
0.450 0.450 0.120 2145.0
0.450 0.500 0.120 2145.0
0.450 0.550 0.120 2145.0
0.450 0.600 0.120 2145.0
0.450 0.650 0.120 2146.0
0.450 0.700 0.120 2171.0
0.450 0.750 0.120 2171.0
0.450 0.800 0.120 2176.0
0.450 0.850 0.120 2176.0
0.450 0.900 0.120 2176.0
0.450 0.950 0.120 2266.0
0.450 1.000 0.120 2266.0
0.500 0.050 0.120 2463.0
0.500 0.100 0.120 2489.0
0.500 0.150 0.120 2497.0
0.500 0.200 0.120 2497.0
0.500 0.250 0.120 2500.0
0.500 0.300 0.120 2517.0
0.500 0.350 0.120 2524.0
0.500 0.400 0.120 2524.0
0.500 0.450 0.120 2524.0
0.500 0.500 0.120 2524.0
0.500 0.550 0.120 2524.0
0.500 0.600 0.120 2524.0
0.500 0.650 0.120 2525.0
0.500 0.700 0.120 2548.0
0.500 0.750 0.120 2548.0
0.500 0.800 0.120 2553.0
0.500 0.850 0.120 2553.0
0.500 0.900 0.120 2553.0
0.500 0.950 0.120 2337.0
0.500 1.000 0.120 2337.0
0.550 0.050 0.120 2304.0
0.550 0.100 0.120 2325.0
0.550 0.150 0.120 2329.0
0.550 0.200 0.120 2329.0
0.550 0.250 0.120 2332.0
0.550 0.300 0.120 2356.0
0.550 0.350 0.120 2356.0
0.550 0.400 0.120 2356.0
0.550 0.450 0.120 2356.0
0.550 0.500 0.120 2356.0
0.550 0.550 0.120 2356.0
0.550 0.600 0.120 2356.0
0.550 0.650 0.120 2357.0
0.550 0.700 0.120 2380.0
0.550 0.750 0.120 2380.0
0.550 0.800 0.120 2385.0
0.550 0.850 0.120 2385.0
0.550 0.900 0.120 2385.0
0.550 0.950 0.120 2333.0
0.550 1.000 0.120 2333.0
0.600 0.050 0.120 2650.0
0.600 0.100 0.120 2671.0
0.600 0.150 0.120 2683.0
0.600 0.200 0.120 2683.0
0.600 0.250 0.120 2678.0
0.600 0.300 0.120 2702.0
0.600 0.350 0.120 2702.0
0.600 0.400 0.120 2702.0
0.600 0.450 0.120 2702.0
0.600 0.500 0.120 2702.0
0.600 0.550 0.120 2702.0
0.600 0.600 0.120 2702.0
0.600 0.650 0.120 2703.0
0.600 0.700 0.120 2726.0
0.600 0.750 0.120 2726.0
0.600 0.800 0.120 2731.0
0.600 0.850 0.120 2731.0
0.600 0.900 0.120 2731.0
0.600 0.950 0.120 2376.0
0.600 1.000 0.120 2376.0
0.650 0.050 0.120 2650.0
0.650 0.100 0.120 2671.0
0.650 0.150 0.120 2683.0
0.650 0.200 0.120 2683.0
0.650 0.250 0.120 2678.0
0.650 0.300 0.120 2702.0
0.650 0.350 0.120 2702.0
0.650 0.400 0.120 2702.0
0.650 0.450 0.120 2702.0
0.650 0.500 0.120 2702.0
0.650 0.550 0.120 2702.0
0.650 0.600 0.120 2702.0
0.650 0.650 0.120 2703.0
0.650 0.700 0.120 2726.0
0.650 0.750 0.120 2726.0
0.650 0.800 0.120 2731.0
0.650 0.850 0.120 2731.0
0.650 0.900 0.120 2731.0
0.650 0.950 0.120 2376.0
0.650 1.000 0.120 2376.0
0.700 0.050 0.120 2650.0
0.700 0.100 0.120 2665.0
0.700 0.150 0.120 2677.0
0.700 0.200 0.120 2680.0
0.700 0.250 0.120 2676.0
0.700 0.300 0.120 2700.0
0.700 0.350 0.120 2700.0
0.700 0.400 0.120 2700.0
0.700 0.450 0.120 2700.0
0.700 0.500 0.120 2700.0
0.700 0.550 0.120 2700.0
0.700 0.600 0.120 2700.0
0.700 0.650 0.120 2701.0
0.700 0.700 0.120 2726.0
0.700 0.750 0.120 2726.0
0.700 0.800 0.120 2731.0
0.700 0.850 0.120 2731.0
0.700 0.900 0.120 2731.0
0.700 0.950 0.120 2598.0
0.700 1.000 0.120 2598.0
0.750 0.050 0.120 2654.0
0.750 0.100 0.120 2665.0
0.750 0.150 0.120 2677.0
0.750 0.200 0.120 2680.0
0.750 0.250 0.120 2676.0
0.750 0.300 0.120 2700.0
0.750 0.350 0.120 2700.0
0.750 0.400 0.120 2700.0
0.750 0.450 0.120 2700.0
0.750 0.500 0.120 2700.0
0.750 0.550 0.120 2700.0
0.750 0.600 0.120 2700.0
0.750 0.650 0.120 2701.0
0.750 0.700 0.120 2726.0
0.750 0.750 0.120 2726.0
0.750 0.800 0.120 2731.0
0.750 0.850 0.120 2731.0
0.750 0.900 0.120 2731.0
0.750 0.950 0.120 2598.0
0.750 1.000 0.120 2598.0
0.800 0.050 0.120 2259.0
0.800 0.100 0.120 2289.0
0.800 0.150 0.120 2301.0
0.800 0.200 0.120 2304.0
0.800 0.250 0.120 2329.0
0.800 0.300 0.120 2308.0
0.800 0.350 0.120 2327.0
0.800 0.400 0.120 2330.0
0.800 0.450 0.120 2333.0
0.800 0.500 0.120 2340.0
0.800 0.550 0.120 2340.0
0.800 0.600 0.120 2357.0
0.800 0.650 0.120 2358.0
0.800 0.700 0.120 2383.0
0.800 0.750 0.120 2383.0
0.800 0.800 0.120 2388.0
0.800 0.850 0.120 2365.0
0.800 0.900 0.120 2365.0
0.800 0.950 0.120 2282.0
0.800 1.000 0.120 2282.0
0.850 0.050 0.120 2259.0
0.850 0.100 0.120 2289.0
0.850 0.150 0.120 2301.0
0.850 0.200 0.120 2304.0
0.850 0.250 0.120 2329.0
0.850 0.300 0.120 2308.0
0.850 0.350 0.120 2327.0
0.850 0.400 0.120 2333.0
0.850 0.450 0.120 2333.0
0.850 0.500 0.120 2340.0
0.850 0.550 0.120 2340.0
0.850 0.600 0.120 2357.0
0.850 0.650 0.120 2358.0
0.850 0.700 0.120 2383.0
0.850 0.750 0.120 2383.0
0.850 0.800 0.120 2383.0
0.850 0.850 0.120 2391.0
0.850 0.900 0.120 2391.0
0.850 0.950 0.120 2282.0
0.850 1.000 0.120 2282.0
0.900 0.050 0.120 2346.0
0.900 0.100 0.120 2367.0
0.900 0.150 0.120 2383.0
0.900 0.200 0.120 2393.0
0.900 0.250 0.120 2393.0
0.900 0.300 0.120 2386.0
0.900 0.350 0.120 2403.0
0.900 0.400 0.120 2409.0
0.900 0.450 0.120 2409.0
0.900 0.500 0.120 2416.0
0.900 0.550 0.120 2416.0
0.900 0.600 0.120 2433.0
0.900 0.650 0.120 2434.0
0.900 0.700 0.120 2486.0
0.900 0.750 0.120 2486.0
0.900 0.800 0.120 2486.0
0.900 0.850 0.120 2494.0
0.900 0.900 0.120 2494.0
0.900 0.950 0.120 2407.0
0.900 1.000 0.120 2438.0
0.950 0.050 0.120 2360.0
0.950 0.100 0.120 2370.0
0.950 0.150 0.120 2386.0
0.950 0.200 0.120 2393.0
0.950 0.250 0.120 2393.0
0.950 0.300 0.120 2386.0
0.950 0.350 0.120 2403.0
0.950 0.400 0.120 2409.0
0.950 0.450 0.120 2409.0
0.950 0.500 0.120 2416.0
0.950 0.550 0.120 2416.0
0.950 0.600 0.120 2433.0
0.950 0.650 0.120 2434.0
0.950 0.700 0.120 2486.0
0.950 0.750 0.120 2486.0
0.950 0.800 0.120 2486.0
0.950 0.850 0.120 2494.0
0.950 0.900 0.120 2494.0
0.950 0.950 0.120 2338.0
0.950 1.000 0.120 2383.0
1.000 0.050 0.120 2360.0
1.000 0.100 0.120 2348.0
1.000 0.150 0.120 2364.0
1.000 0.200 0.120 2371.0
1.000 0.250 0.120 2371.0
1.000 0.300 0.120 2352.0
1.000 0.350 0.120 2369.0
1.000 0.400 0.120 2375.0
1.000 0.450 0.120 2375.0
1.000 0.500 0.120 2382.0
1.000 0.550 0.120 2382.0
1.000 0.600 0.120 2399.0
1.000 0.650 0.120 2400.0
1.000 0.700 0.120 2452.0
1.000 0.750 0.120 2452.0
1.000 0.800 0.120 2452.0
1.000 0.850 0.120 2460.0
1.000 0.900 0.120 2460.0
1.000 0.950 0.120 2435.0
1.000 1.000 0.120 2383.0
