0.050 0.050 0.080 1251.0
0.050 0.100 0.080 1259.0
0.050 0.150 0.080 1271.0
0.050 0.200 0.080 1271.0
0.050 0.250 0.080 1276.0
0.050 0.300 0.080 1276.0
0.050 0.350 0.080 1276.0
0.050 0.400 0.080 1276.0
0.050 0.450 0.080 1276.0
0.050 0.500 0.080 1276.0
0.050 0.550 0.080 1276.0
0.050 0.600 0.080 1295.0
0.050 0.650 0.080 1295.0
0.050 0.700 0.080 1295.0
0.050 0.750 0.080 1298.0
0.050 0.800 0.080 1313.0
0.050 0.850 0.080 1313.0
0.050 0.900 0.080 1313.0
0.050 0.950 0.080 1330.0
0.050 1.000 0.080 1330.0
0.100 0.050 0.080 1253.0
0.100 0.100 0.080 1264.0
0.100 0.150 0.080 1268.0
0.100 0.200 0.080 1268.0
0.100 0.250 0.080 1284.0
0.100 0.300 0.080 1284.0
0.100 0.350 0.080 1284.0
0.100 0.400 0.080 1284.0
0.100 0.450 0.080 1284.0
0.100 0.500 0.080 1284.0
0.100 0.550 0.080 1284.0
0.100 0.600 0.080 1303.0
0.100 0.650 0.080 1303.0
0.100 0.700 0.080 1303.0
0.100 0.750 0.080 1306.0
0.100 0.800 0.080 1321.0
0.100 0.850 0.080 1338.0
0.100 0.900 0.080 1338.0
0.100 0.950 0.080 1338.0
0.100 1.000 0.080 1338.0
0.150 0.050 0.080 1249.0
0.150 0.100 0.080 1264.0
0.150 0.150 0.080 1268.0
0.150 0.200 0.080 1268.0
0.150 0.250 0.080 1271.0
0.150 0.300 0.080 1271.0
0.150 0.350 0.080 1271.0
0.150 0.400 0.080 1276.0
0.150 0.450 0.080 1279.0
0.150 0.500 0.080 1279.0
0.150 0.550 0.080 1279.0
0.150 0.600 0.080 1298.0
0.150 0.650 0.080 1298.0
0.150 0.700 0.080 1298.0
0.150 0.750 0.080 1301.0
0.150 0.800 0.080 1316.0
0.150 0.850 0.080 1333.0
0.150 0.900 0.080 1333.0
0.150 0.950 0.080 1333.0
0.150 1.000 0.080 1333.0
0.200 0.050 0.080 1249.0
0.200 0.100 0.080 1259.0
0.200 0.150 0.080 1264.0
0.200 0.200 0.080 1264.0
0.200 0.250 0.080 1267.0
0.200 0.300 0.080 1267.0
0.200 0.350 0.080 1267.0
0.200 0.400 0.080 1272.0
0.200 0.450 0.080 1275.0
0.200 0.500 0.080 1275.0
0.200 0.550 0.080 1275.0
0.200 0.600 0.080 1294.0
0.200 0.650 0.080 1294.0
0.200 0.700 0.080 1294.0
0.200 0.750 0.080 1297.0
0.200 0.800 0.080 1312.0
0.200 0.850 0.080 1329.0
0.200 0.900 0.080 1329.0
0.200 0.950 0.080 1329.0
0.200 1.000 0.080 1329.0
0.250 0.050 0.080 1236.0
0.250 0.100 0.080 1250.0
0.250 0.150 0.080 1251.0
0.250 0.200 0.080 1251.0
0.250 0.250 0.080 1254.0
0.250 0.300 0.080 1254.0
0.250 0.350 0.080 1254.0
0.250 0.400 0.080 1254.0
0.250 0.450 0.080 1257.0
0.250 0.500 0.080 1264.0
0.250 0.550 0.080 1264.0
0.250 0.600 0.080 1283.0
0.250 0.650 0.080 1283.0
0.250 0.700 0.080 1283.0
0.250 0.750 0.080 1286.0
0.250 0.800 0.080 1312.0
0.250 0.850 0.080 1329.0
0.250 0.900 0.080 1329.0
0.250 0.950 0.080 1329.0
0.250 1.000 0.080 1329.0
0.300 0.050 0.080 1468.0
0.300 0.100 0.080 1481.0
0.300 0.150 0.080 1483.0
0.300 0.200 0.080 1483.0
0.300 0.250 0.080 1486.0
0.300 0.300 0.080 1486.0
0.300 0.350 0.080 1486.0
0.300 0.400 0.080 1486.0
0.300 0.450 0.080 1486.0
0.300 0.500 0.080 1493.0
0.300 0.550 0.080 1493.0
0.300 0.600 0.080 1512.0
0.300 0.650 0.080 1512.0
0.300 0.700 0.080 1512.0
0.300 0.750 0.080 1515.0
0.300 0.800 0.080 1312.0
0.300 0.850 0.080 1329.0
0.300 0.900 0.080 1329.0
0.300 0.950 0.080 1329.0
0.300 1.000 0.080 1329.0
0.350 0.050 0.080 1465.0
0.350 0.100 0.080 1473.0
0.350 0.150 0.080 1481.0
0.350 0.200 0.080 1481.0
0.350 0.250 0.080 1486.0
0.350 0.300 0.080 1486.0
0.350 0.350 0.080 1486.0
0.350 0.400 0.080 1486.0
0.350 0.450 0.080 1486.0
0.350 0.500 0.080 1493.0
0.350 0.550 0.080 1493.0
0.350 0.600 0.080 1512.0
0.350 0.650 0.080 1512.0
0.350 0.700 0.080 1512.0
0.350 0.750 0.080 1515.0
0.350 0.800 0.080 1312.0
0.350 0.850 0.080 1329.0
0.350 0.900 0.080 1329.0
0.350 0.950 0.080 1329.0
0.350 1.000 0.080 1329.0
0.400 0.050 0.080 1465.0
0.400 0.100 0.080 1490.0
0.400 0.150 0.080 1481.0
0.400 0.200 0.080 1481.0
0.400 0.250 0.080 1486.0
0.400 0.300 0.080 1486.0
0.400 0.350 0.080 1486.0
0.400 0.400 0.080 1486.0
0.400 0.450 0.080 1486.0
0.400 0.500 0.080 1493.0
0.400 0.550 0.080 1493.0
0.400 0.600 0.080 1512.0
0.400 0.650 0.080 1512.0
0.400 0.700 0.080 1512.0
0.400 0.750 0.080 1515.0
0.400 0.800 0.080 1439.0
0.400 0.850 0.080 1456.0
0.400 0.900 0.080 1456.0
0.400 0.950 0.080 1456.0
0.400 1.000 0.080 1456.0
0.450 0.050 0.080 1465.0
0.450 0.100 0.080 1490.0
0.450 0.150 0.080 1481.0
0.450 0.200 0.080 1481.0
0.450 0.250 0.080 1486.0
0.450 0.300 0.080 1486.0
0.450 0.350 0.080 1486.0
0.450 0.400 0.080 1486.0
0.450 0.450 0.080 1486.0
0.450 0.500 0.080 1493.0
0.450 0.550 0.080 1493.0
0.450 0.600 0.080 1512.0
0.450 0.650 0.080 1512.0
0.450 0.700 0.080 1512.0
0.450 0.750 0.080 1515.0
0.450 0.800 0.080 1439.0
0.450 0.850 0.080 1456.0
0.450 0.900 0.080 1456.0
0.450 0.950 0.080 1456.0
0.450 1.000 0.080 1456.0
0.500 0.050 0.080 1467.0
0.500 0.100 0.080 1493.0
0.500 0.150 0.080 1483.0
0.500 0.200 0.080 1483.0
0.500 0.250 0.080 1488.0
0.500 0.300 0.080 1488.0
0.500 0.350 0.080 1488.0
0.500 0.400 0.080 1488.0
0.500 0.450 0.080 1488.0
0.500 0.500 0.080 1495.0
0.500 0.550 0.080 1495.0
0.500 0.600 0.080 1514.0
0.500 0.650 0.080 1514.0
0.500 0.700 0.080 1514.0
0.500 0.750 0.080 1517.0
0.500 0.800 0.080 1439.0
0.500 0.850 0.080 1456.0
0.500 0.900 0.080 1456.0
0.500 0.950 0.080 1456.0
0.500 1.000 0.080 1456.0
0.550 0.050 0.080 1467.0
0.550 0.100 0.080 1493.0
0.550 0.150 0.080 1483.0
0.550 0.200 0.080 1483.0
0.550 0.250 0.080 1488.0
0.550 0.300 0.080 1488.0
0.550 0.350 0.080 1495.0
0.550 0.400 0.080 1495.0
0.550 0.450 0.080 1495.0
0.550 0.500 0.080 1495.0
0.550 0.550 0.080 1495.0
0.550 0.600 0.080 1514.0
0.550 0.650 0.080 1514.0
0.550 0.700 0.080 1514.0
0.550 0.750 0.080 1517.0
0.550 0.800 0.080 1439.0
0.550 0.850 0.080 1456.0
0.550 0.900 0.080 1456.0
0.550 0.950 0.080 1456.0
0.550 1.000 0.080 1456.0
0.600 0.050 0.080 1396.0
0.600 0.100 0.080 1397.0
0.600 0.150 0.080 1402.0
0.600 0.200 0.080 1402.0
0.600 0.250 0.080 1405.0
0.600 0.300 0.080 1405.0
0.600 0.350 0.080 1405.0
0.600 0.400 0.080 1405.0
0.600 0.450 0.080 1405.0
0.600 0.500 0.080 1405.0
0.600 0.550 0.080 1418.0
0.600 0.600 0.080 1456.0
0.600 0.650 0.080 1456.0
0.600 0.700 0.080 1456.0
0.600 0.750 0.080 1459.0
0.600 0.800 0.080 1474.0
0.600 0.850 0.080 1491.0
0.600 0.900 0.080 1491.0
0.600 0.950 0.080 1491.0
0.600 1.000 0.080 1491.0
0.650 0.050 0.080 1397.0
0.650 0.100 0.080 1405.0
0.650 0.150 0.080 1418.0
0.650 0.200 0.080 1418.0
0.650 0.250 0.080 1417.0
0.650 0.300 0.080 1417.0
0.650 0.350 0.080 1417.0
0.650 0.400 0.080 1417.0
0.650 0.450 0.080 1417.0
0.650 0.500 0.080 1417.0
0.650 0.550 0.080 1430.0
0.650 0.600 0.080 1468.0
0.650 0.650 0.080 1468.0
0.650 0.700 0.080 1468.0
0.650 0.750 0.080 1471.0
0.650 0.800 0.080 1474.0
0.650 0.850 0.080 1491.0
0.650 0.900 0.080 1491.0
0.650 0.950 0.080 1491.0
0.650 1.000 0.080 1491.0
0.700 0.050 0.080 1373.0
0.700 0.100 0.080 1430.0
0.700 0.150 0.080 1447.0
0.700 0.200 0.080 1447.0
0.700 0.250 0.080 1446.0
0.700 0.300 0.080 1446.0
0.700 0.350 0.080 1446.0
0.700 0.400 0.080 1446.0
0.700 0.450 0.080 1449.0
0.700 0.500 0.080 1449.0
0.700 0.550 0.080 1449.0
0.700 0.600 0.080 1419.0
0.700 0.650 0.080 1419.0
0.700 0.700 0.080 1419.0
0.700 0.750 0.080 1422.0
0.700 0.800 0.080 1568.0
0.700 0.850 0.080 1568.0
0.700 0.900 0.080 1568.0
0.700 0.950 0.080 1585.0
0.700 1.000 0.080 1585.0
0.750 0.050 0.080 1365.0
0.750 0.100 0.080 1430.0
0.750 0.150 0.080 1447.0
0.750 0.200 0.080 1447.0
0.750 0.250 0.080 1446.0
0.750 0.300 0.080 1446.0
0.750 0.350 0.080 1446.0
0.750 0.400 0.080 1446.0
0.750 0.450 0.080 1449.0
0.750 0.500 0.080 1449.0
0.750 0.550 0.080 1449.0
0.750 0.600 0.080 1422.0
0.750 0.650 0.080 1425.0
0.750 0.700 0.080 1425.0
0.750 0.750 0.080 1428.0
0.750 0.800 0.080 1568.0
0.750 0.850 0.080 1568.0
0.750 0.900 0.080 1568.0
0.750 0.950 0.080 1585.0
0.750 1.000 0.080 1585.0
0.800 0.050 0.080 1327.0
0.800 0.100 0.080 1298.0
0.800 0.150 0.080 1317.0
0.800 0.200 0.080 1322.0
0.800 0.250 0.080 1310.0
0.800 0.300 0.080 1310.0
0.800 0.350 0.080 1321.0
0.800 0.400 0.080 1324.0
0.800 0.450 0.080 1327.0
0.800 0.500 0.080 1327.0
0.800 0.550 0.080 1359.0
0.800 0.600 0.080 1339.0
0.800 0.650 0.080 1412.0
0.800 0.700 0.080 1412.0
0.800 0.750 0.080 1415.0
0.800 0.800 0.080 1382.0
0.800 0.850 0.080 1398.0
0.800 0.900 0.080 1398.0
0.800 0.950 0.080 1420.0
0.800 1.000 0.080 1432.0
0.850 0.050 0.080 1290.0
0.850 0.100 0.080 1299.0
0.850 0.150 0.080 1329.0
0.850 0.200 0.080 1341.0
0.850 0.250 0.080 1337.0
0.850 0.300 0.080 1339.0
0.850 0.350 0.080 1340.0
0.850 0.400 0.080 1343.0
0.850 0.450 0.080 1346.0
0.850 0.500 0.080 1346.0
0.850 0.550 0.080 1378.0
0.850 0.600 0.080 1339.0
0.850 0.650 0.080 1412.0
0.850 0.700 0.080 1412.0
0.850 0.750 0.080 1415.0
0.850 0.800 0.080 1382.0
0.850 0.850 0.080 1398.0
0.850 0.900 0.080 1398.0
0.850 0.950 0.080 1420.0
0.850 1.000 0.080 1432.0
0.900 0.050 0.080 1401.0
0.900 0.100 0.080 1418.0
0.900 0.150 0.080 1428.0
0.900 0.200 0.080 1431.0
0.900 0.250 0.080 1434.0
0.900 0.300 0.080 1437.0
0.900 0.350 0.080 1444.0
0.900 0.400 0.080 1450.0
0.900 0.450 0.080 1466.0
0.900 0.500 0.080 1466.0
0.900 0.550 0.080 1444.0
0.900 0.600 0.080 1348.0
0.900 0.650 0.080 1362.0
0.900 0.700 0.080 1362.0
0.900 0.750 0.080 1365.0
0.900 0.800 0.080 1353.0
0.900 0.850 0.080 1401.0
0.900 0.900 0.080 1401.0
0.900 0.950 0.080 1376.0
0.900 1.000 0.080 1321.0
0.950 0.050 0.080 1401.0
0.950 0.100 0.080 1479.0
0.950 0.150 0.080 1498.0
0.950 0.200 0.080 1503.0
0.950 0.250 0.080 1501.0
0.950 0.300 0.080 1501.0
0.950 0.350 0.080 1508.0
0.950 0.400 0.080 1514.0
0.950 0.450 0.080 1517.0
0.950 0.500 0.080 1517.0
0.950 0.550 0.080 1555.0
0.950 0.600 0.080 1358.0
0.950 0.650 0.080 1359.0
0.950 0.700 0.080 1359.0
0.950 0.750 0.080 1362.0
0.950 0.800 0.080 1388.0
0.950 0.850 0.080 1436.0
0.950 0.900 0.080 1436.0
0.950 0.950 0.080 1411.0
0.950 1.000 0.080 1356.0
1.000 0.050 0.080 1298.0
1.000 0.100 0.080 1314.0
1.000 0.150 0.080 1334.0
1.000 0.200 0.080 1341.0
1.000 0.250 0.080 1339.0
1.000 0.300 0.080 1339.0
1.000 0.350 0.080 1346.0
1.000 0.400 0.080 1349.0
1.000 0.450 0.080 1352.0
1.000 0.500 0.080 1352.0
1.000 0.550 0.080 1365.0
1.000 0.600 0.080 1346.0
1.000 0.650 0.080 1347.0
1.000 0.700 0.080 1347.0
1.000 0.750 0.080 1350.0
1.000 0.800 0.080 1426.0
1.000 0.850 0.080 1394.0
1.000 0.900 0.080 1394.0
1.000 0.950 0.080 1444.0
1.000 1.000 0.080 1356.0
