0.050 0.050 0.120 17.60624969805529
0.050 0.100 0.120 17.596842720311724
0.050 0.150 0.120 17.596652166464207
0.050 0.200 0.120 17.596652166464207
0.050 0.250 0.120 17.588903085129093
0.050 0.300 0.120 17.58632978806518
0.050 0.350 0.120 17.583919241908518
0.050 0.400 0.120 17.583919241908518
0.050 0.450 0.120 17.583919241908518
0.050 0.500 0.120 17.583919241908518
0.050 0.550 0.120 17.583919241908518
0.050 0.600 0.120 17.583919241908518
0.050 0.650 0.120 17.58377561524082
0.050 0.700 0.120 17.582292867659763
0.050 0.750 0.120 17.582292867659763
0.050 0.800 0.120 17.581736396543153
0.050 0.850 0.120 17.581736396543153
0.050 0.900 0.120 17.581736396543153
0.050 0.950 0.120 17.578318972193394
0.050 1.000 0.120 17.578318972193394
0.100 0.050 0.120 17.606359485735524
0.100 0.100 0.120 17.600089816858397
0.100 0.150 0.120 17.594036830052474
0.100 0.200 0.120 17.594036830052474
0.100 0.250 0.120 17.58616097991101
0.100 0.300 0.120 17.585541131204202
0.100 0.350 0.120 17.580153366981506
0.100 0.400 0.120 17.580153366981506
0.100 0.450 0.120 17.580118307187234
0.100 0.500 0.120 17.580118307187234
0.100 0.550 0.120 17.580118307187234
0.100 0.600 0.120 17.580118307187234
0.100 0.650 0.120 17.579974827665183
0.100 0.700 0.120 17.578628616700918
0.100 0.750 0.120 17.578628616700918
0.100 0.800 0.120 17.57805971125756
0.100 0.850 0.120 17.57805971125756
0.100 0.900 0.120 17.57805971125756
0.100 0.950 0.120 17.57463195794841
0.100 1.000 0.120 17.57463195794841
0.150 0.050 0.120 17.60453489221196
0.150 0.100 0.120 17.598270152682044
0.150 0.150 0.120 17.591809745191473
0.150 0.200 0.120 17.591809745191473
0.150 0.250 0.120 17.583974838039676
0.150 0.300 0.120 17.583361157022562
0.150 0.350 0.120 17.577957369787747
0.150 0.400 0.120 17.577957369787747
0.150 0.450 0.120 17.57792340074043
0.150 0.500 0.120 17.57792340074043
0.150 0.550 0.120 17.57792340074043
0.150 0.600 0.120 17.57792340074043
0.150 0.650 0.120 17.57778032296096
0.150 0.700 0.120 17.57644940407734
0.150 0.750 0.120 17.57644940407734
0.150 0.800 0.120 17.57588171510008
0.150 0.850 0.120 17.57588171510008
0.150 0.900 0.120 17.57588171510008
0.150 0.950 0.120 17.570103304914404
0.150 1.000 0.120 17.570103304914404
0.200 0.050 0.120 17.60453489221196
0.200 0.100 0.120 17.598303139766884
0.200 0.150 0.120 17.591809745191473
0.200 0.200 0.120 17.591809745191473
0.200 0.250 0.120 17.583974838039676
0.200 0.300 0.120 17.583361157022562
0.200 0.350 0.120 17.577957369787747
0.200 0.400 0.120 17.577957369787747
0.200 0.450 0.120 17.57792340074043
0.200 0.500 0.120 17.57792340074043
0.200 0.550 0.120 17.57792340074043
0.200 0.600 0.120 17.57792340074043
0.200 0.650 0.120 17.57778032296096
0.200 0.700 0.120 17.57644940407734
0.200 0.750 0.120 17.57644940407734
0.200 0.800 0.120 17.57588171510008
0.200 0.850 0.120 17.57588171510008
0.200 0.900 0.120 17.57588171510008
0.200 0.950 0.120 17.570103304914404
0.200 1.000 0.120 17.570103304914404
0.250 0.050 0.120 17.60453489221196
0.250 0.100 0.120 17.571096174301765
0.250 0.150 0.120 17.563863128160637
0.250 0.200 0.120 17.563863128160637
0.250 0.250 0.120 17.557480708471708
0.250 0.300 0.120 17.556820611014743
0.250 0.350 0.120 17.55075868355618
0.250 0.400 0.120 17.55075868355618
0.250 0.450 0.120 17.550722022648422
0.250 0.500 0.120 17.550722022648422
0.250 0.550 0.120 17.550722022648422
0.250 0.600 0.120 17.550722022648422
0.250 0.650 0.120 17.550576579553383
0.250 0.700 0.120 17.548994694065776
0.250 0.750 0.120 17.548994694065776
0.250 0.800 0.120 17.548409318113997
0.250 0.850 0.120 17.548409318113997
0.250 0.900 0.120 17.548409318113997
0.250 0.950 0.120 17.542403012511635
0.250 1.000 0.120 17.542403012511635
0.300 0.050 0.120 17.584463948500662
0.300 0.100 0.120 17.571498500255153
0.300 0.150 0.120 17.563863128160637
0.300 0.200 0.120 17.563863128160637
0.300 0.250 0.120 17.557480708471708
0.300 0.300 0.120 17.556820611014743
0.300 0.350 0.120 17.55075868355618
0.300 0.400 0.120 17.55075868355618
0.300 0.450 0.120 17.550722022648422
0.300 0.500 0.120 17.550722022648422
0.300 0.550 0.120 17.550722022648422
0.300 0.600 0.120 17.550722022648422
0.300 0.650 0.120 17.550576579553383
0.300 0.700 0.120 17.548994694065776
0.300 0.750 0.120 17.548994694065776
0.300 0.800 0.120 17.548409318113997
0.300 0.850 0.120 17.548409318113997
0.300 0.900 0.120 17.548409318113997
0.300 0.950 0.120 17.542403012511635
0.300 1.000 0.120 17.542403012511635
0.350 0.050 0.120 17.58289254973353
0.350 0.100 0.120 17.57311747339528
0.350 0.150 0.120 17.56238016041134
0.350 0.200 0.120 17.56238016041134
0.350 0.250 0.120 17.557028646035107
0.350 0.300 0.120 17.5579650191338
0.350 0.350 0.120 17.550303313370392
0.350 0.400 0.120 17.550303313370392
0.350 0.450 0.120 17.550266406765072
0.350 0.500 0.120 17.550266406765072
0.350 0.550 0.120 17.550266406765072
0.350 0.600 0.120 17.550266406765072
0.350 0.650 0.120 17.550120909465672
0.350 0.700 0.120 17.548539419400008
0.350 0.750 0.120 17.548539419400008
0.350 0.800 0.120 17.547954248767756
0.350 0.850 0.120 17.547954248767756
0.350 0.900 0.120 17.547954248767756
0.350 0.950 0.120 17.542403012511635
0.350 1.000 0.120 17.542403012511635
0.400 0.050 0.120 17.55137913856252
0.400 0.100 0.120 17.531848017286666
0.400 0.150 0.120 17.53315489761186
0.400 0.200 0.120 17.53315489761186
0.400 0.250 0.120 17.531214647399366
0.400 0.300 0.120 17.530544499925707
0.400 0.350 0.120 17.52540008390571
0.400 0.400 0.120 17.52540008390571
0.400 0.450 0.120 17.525365911323085
0.400 0.500 0.120 17.525365911323085
0.400 0.550 0.120 17.525365911323085
0.400 0.600 0.120 17.525365911323085
0.400 0.650 0.120 17.525218233913236
0.400 0.700 0.120 17.52317376647802
0.400 0.750 0.120 17.52317376647802
0.400 0.800 0.120 17.522575970725963
0.400 0.850 0.120 17.522575970725963
0.400 0.900 0.120 17.522575970725963
0.400 0.950 0.120 17.55862139517853
0.400 1.000 0.120 17.55862139517853
0.450 0.050 0.120 17.53857586196422
0.450 0.100 0.120 17.531848017286666
0.450 0.150 0.120 17.53315489761186
0.450 0.200 0.120 17.53315489761186
0.450 0.250 0.120 17.531214647399366
0.450 0.300 0.120 17.530544499925707
0.450 0.350 0.120 17.52540008390571
0.450 0.400 0.120 17.52540008390571
0.450 0.450 0.120 17.525365911323085
0.450 0.500 0.120 17.525365911323085
0.450 0.550 0.120 17.525365911323085
0.450 0.600 0.120 17.525365911323085
0.450 0.650 0.120 17.525218233913236
0.450 0.700 0.120 17.52317376647802
0.450 0.750 0.120 17.52317376647802
0.450 0.800 0.120 17.522575970725963
0.450 0.850 0.120 17.522575970725963
0.450 0.900 0.120 17.522575970725963
0.450 0.950 0.120 17.55862139517853
0.450 1.000 0.120 17.55862139517853
0.500 0.050 0.120 17.657007217823868
0.500 0.100 0.120 17.616430760186933
0.500 0.150 0.120 17.617653701435415
0.500 0.200 0.120 17.617653701435415
0.500 0.250 0.120 17.615244130851174
0.500 0.300 0.120 17.614918114144324
0.500 0.350 0.120 17.610170366337503
0.500 0.400 0.120 17.610170366337503
0.500 0.450 0.120 17.610170366337503
0.500 0.500 0.120 17.610170366337503
0.500 0.550 0.120 17.610170366337503
0.500 0.600 0.120 17.610170366337503
0.500 0.650 0.120 17.610032131991165
0.500 0.700 0.120 17.608793888916107
0.500 0.750 0.120 17.608793888916107
0.500 0.800 0.120 17.608253605616902
0.500 0.850 0.120 17.608253605616902
0.500 0.900 0.120 17.608253605616902
0.500 0.950 0.120 17.578133063188243
0.500 1.000 0.120 17.578133063188243
0.550 0.050 0.120 17.62049988419032
0.550 0.100 0.120 17.60175161091183
0.550 0.150 0.120 17.601353342116898
0.550 0.200 0.120 17.601353342116898
0.550 0.250 0.120 17.599550475592757
0.550 0.300 0.120 17.595520739155948
0.550 0.350 0.120 17.595520739155948
0.550 0.400 0.120 17.595520739155948
0.550 0.450 0.120 17.595520739155948
0.550 0.500 0.120 17.595520739155948
0.550 0.550 0.120 17.595520739155948
0.550 0.600 0.120 17.595520739155948
0.550 0.650 0.120 17.595382217913766
0.550 0.700 0.120 17.593668052795778
0.550 0.750 0.120 17.593668052795778
0.550 0.800 0.120 17.593126621409116
0.550 0.850 0.120 17.593126621409116
0.550 0.900 0.120 17.593126621409116
0.550 0.950 0.120 17.57349363090507
0.550 1.000 0.120 17.57349363090507
0.600 0.050 0.120 17.649317467036607
0.600 0.100 0.120 17.630850039925576
0.600 0.150 0.120 17.626254394065896
0.600 0.200 0.120 17.626254394065896
0.600 0.250 0.120 17.628744343801365
0.600 0.300 0.120 17.624823129311928
0.600 0.350 0.120 17.624823129311928
0.600 0.400 0.120 17.624823129311928
0.600 0.450 0.120 17.624823129311928
0.600 0.500 0.120 17.624823129311928
0.600 0.550 0.120 17.624823129311928
0.600 0.600 0.120 17.624823129311928
0.600 0.650 0.120 17.624688960983814
0.600 0.700 0.120 17.62307470789824
0.600 0.750 0.120 17.62307470789824
0.600 0.800 0.120 17.62254627961772
0.600 0.850 0.120 17.62254627961772
0.600 0.900 0.120 17.62254627961772
0.600 0.950 0.120 17.585704145349176
0.600 1.000 0.120 17.585704145349176
0.650 0.050 0.120 17.643426412770662
0.650 0.100 0.120 17.630850039925576
0.650 0.150 0.120 17.626254394065896
0.650 0.200 0.120 17.626254394065896
0.650 0.250 0.120 17.628744343801365
0.650 0.300 0.120 17.624823129311928
0.650 0.350 0.120 17.624823129311928
0.650 0.400 0.120 17.624823129311928
0.650 0.450 0.120 17.624823129311928
0.650 0.500 0.120 17.624823129311928
0.650 0.550 0.120 17.624823129311928
0.650 0.600 0.120 17.624823129311928
0.650 0.650 0.120 17.624688960983814
0.650 0.700 0.120 17.62307470789824
0.650 0.750 0.120 17.62307470789824
0.650 0.800 0.120 17.62254627961772
0.650 0.850 0.120 17.62254627961772
0.650 0.900 0.120 17.62254627961772
0.650 0.950 0.120 17.585704145349176
0.650 1.000 0.120 17.585704145349176
0.700 0.050 0.120 17.643426412770662
0.700 0.100 0.120 17.629501149400895
0.700 0.150 0.120 17.624904379762597
0.700 0.200 0.120 17.624773647751763
0.700 0.250 0.120 17.62833160047132
0.700 0.300 0.120 17.624400979461193
0.700 0.350 0.120 17.624400979461193
0.700 0.400 0.120 17.624400979461193
0.700 0.450 0.120 17.624400979461193
0.700 0.500 0.120 17.624400979461193
0.700 0.550 0.120 17.624400979461193
0.700 0.600 0.120 17.624400979461193
0.700 0.650 0.120 17.624266782048462
0.700 0.700 0.120 17.62307470789824
0.700 0.750 0.120 17.62307470789824
0.700 0.800 0.120 17.62254627961772
0.700 0.850 0.120 17.62254627961772
0.700 0.900 0.120 17.62254627961772
0.700 0.950 0.120 17.576729704067315
0.700 1.000 0.120 17.576729704067315
0.750 0.050 0.120 17.64270945181457
0.750 0.100 0.120 17.629501149400895
0.750 0.150 0.120 17.624904379762597
0.750 0.200 0.120 17.624773647751763
0.750 0.250 0.120 17.62833160047132
0.750 0.300 0.120 17.624400979461193
0.750 0.350 0.120 17.624400979461193
0.750 0.400 0.120 17.624400979461193
0.750 0.450 0.120 17.624400979461193
0.750 0.500 0.120 17.624400979461193
0.750 0.550 0.120 17.624400979461193
0.750 0.600 0.120 17.624400979461193
0.750 0.650 0.120 17.624266782048462
0.750 0.700 0.120 17.62307470789824
0.750 0.750 0.120 17.62307470789824
0.750 0.800 0.120 17.62254627961772
0.750 0.850 0.120 17.62254627961772
0.750 0.900 0.120 17.62254627961772
0.750 0.950 0.120 17.576729704067315
0.750 1.000 0.120 17.576729704067315
0.800 0.050 0.120 17.613561457273658
0.800 0.100 0.120 17.594309267877055
0.800 0.150 0.120 17.589556006149895
0.800 0.200 0.120 17.588256357250444
0.800 0.250 0.120 17.612153932575794
0.800 0.300 0.120 17.5874412110942
0.800 0.350 0.120 17.584959568006916
0.800 0.400 0.120 17.584112370363385
0.800 0.450 0.120 17.58372774579671
0.800 0.500 0.120 17.580678330806204
0.800 0.550 0.120 17.580678330806204
0.800 0.600 0.120 17.581226499436717
0.800 0.650 0.120 17.581082597257534
0.800 0.700 0.120 17.579560790238876
0.800 0.750 0.120 17.579560790238876
0.800 0.800 0.120 17.578987757766104
0.800 0.850 0.120 17.569130522042176
0.800 0.900 0.120 17.569130522042176
0.800 0.950 0.120 17.541095670292545
0.800 1.000 0.120 17.54199362930375
0.850 0.050 0.120 17.615123400155557
0.850 0.100 0.120 17.59556423219397
0.850 0.150 0.120 17.590428387310613
0.850 0.200 0.120 17.58911579804068
0.850 0.250 0.120 17.612153932575794
0.850 0.300 0.120 17.588689327808837
0.850 0.350 0.120 17.586201308215266
0.850 0.400 0.120 17.585235508776954
0.850 0.450 0.120 17.585235508776954
0.850 0.500 0.120 17.582016611323024
0.850 0.550 0.120 17.582016611323024
0.850 0.600 0.120 17.583143627276716
0.850 0.650 0.120 17.582999708536494
0.850 0.700 0.120 17.58148176455345
0.850 0.750 0.120 17.58148176455345
0.850 0.800 0.120 17.58148176455345
0.850 0.850 0.120 17.57941364467633
0.850 0.900 0.120 17.57941364467633
0.850 0.950 0.120 17.541095670292545
0.850 1.000 0.120 17.54199362930375
0.900 0.050 0.120 17.6339709674312
0.900 0.100 0.120 17.62384838511133
0.900 0.150 0.120 17.61514237204103
0.900 0.200 0.120 17.608527374571214
0.900 0.250 0.120 17.608527374571214
0.900 0.300 0.120 17.61212532217133
0.900 0.350 0.120 17.6109923516107
0.900 0.400 0.120 17.610069861663224
0.900 0.450 0.120 17.610069861663224
0.900 0.500 0.120 17.606687963773936
0.900 0.550 0.120 17.606687963773936
0.900 0.600 0.120 17.608013265554888
0.900 0.650 0.120 17.6078738055706
0.900 0.700 0.120 17.60874461197114
0.900 0.750 0.120 17.60874461197114
0.900 0.800 0.120 17.60874461197114
0.900 0.850 0.120 17.606760047457723
0.900 0.900 0.120 17.606760047457723
0.900 0.950 0.120 17.58509319138678
0.900 1.000 0.120 17.58377321443889
0.950 0.050 0.120 17.628296502653782
0.950 0.100 0.120 17.623338889363033
0.950 0.150 0.120 17.61464512827619
0.950 0.200 0.120 17.608527374571214
0.950 0.250 0.120 17.608527374571214
0.950 0.300 0.120 17.61212532217133
0.950 0.350 0.120 17.6109923516107
0.950 0.400 0.120 17.610069861663224
0.950 0.450 0.120 17.610069861663224
0.950 0.500 0.120 17.606687963773936
0.950 0.550 0.120 17.606687963773936
0.950 0.600 0.120 17.608013265554888
0.950 0.650 0.120 17.6078738055706
0.950 0.700 0.120 17.60874461197114
0.950 0.750 0.120 17.60874461197114
0.950 0.800 0.120 17.60874461197114
0.950 0.850 0.120 17.606760047457723
0.950 0.900 0.120 17.606760047457723
0.950 0.950 0.120 17.56062412047355
0.950 1.000 0.120 17.553872614603225
1.000 0.050 0.120 17.628296502653782
1.000 0.100 0.120 17.621463834765517
1.000 0.150 0.120 17.612462289548844
1.000 0.200 0.120 17.606217914465628
1.000 0.250 0.120 17.606217914465628
1.000 0.300 0.120 17.592989030967328
1.000 0.350 0.120 17.591670261844616
1.000 0.400 0.120 17.590733377303
1.000 0.450 0.120 17.590733377303
1.000 0.500 0.120 17.58731358673289
1.000 0.550 0.120 17.58731358673289
1.000 0.600 0.120 17.588627753628433
1.000 0.650 0.120 17.588486383160195
1.000 0.700 0.120 17.588513671102742
1.000 0.750 0.120 17.588513671102742
1.000 0.800 0.120 17.588513671102742
1.000 0.850 0.120 17.586501843232735
1.000 0.900 0.120 17.586501843232735
1.000 0.950 0.120 17.579256405116155
1.000 1.000 0.120 17.553872614603225
