0.050 0.050  11.717041437008138
0.050 0.100  11.678441762664558
0.050 0.150  11.678597916042262
0.050 0.200  11.678582052899488
0.050 0.250  11.679272935321514
0.050 0.300  11.679902289270354
0.050 0.350  11.679902224495457
0.050 0.400  11.678796224071899
0.050 0.450  11.678796134739072
0.050 0.500  11.325725710500233
0.050 0.550  11.325725710500233
0.050 0.600  11.325725710500233
0.050 0.650  11.325484652962642
0.050 0.700  11.325438255772573
0.050 0.750  11.324035777952853
0.050 0.800  11.329414931656647
0.050 0.850  11.329414931656647
0.050 0.900  11.530174018101912
0.050 0.950  11.530174018101912
0.050 1.000  11.533981101877433
0.100 0.050  11.491851297863176
0.100 0.100  11.453075950918594
0.100 0.150  11.452465749396564
0.100 0.200  11.452456522163027
0.100 0.250  11.452006247515333
0.100 0.300  11.452033273341929
0.100 0.350  11.452033204432622
0.100 0.400  11.45203291522193
0.100 0.450  11.4520328320574
0.100 0.500  11.41378644503316
0.100 0.550  11.41378644503316
0.100 0.600  11.41333556946261
0.100 0.650  11.428651913714882
0.100 0.700  11.428623639156298
0.100 0.750  11.425341061544232
0.100 0.800  11.382102660813489
0.100 0.850  11.382102660813489
0.100 0.900  11.382102660813489
0.100 0.950  11.382102660813489
0.100 1.000  11.37964790653487
0.150 0.050  11.473979373579535
0.150 0.100  11.48252235070726
0.150 0.150  11.482031707450757
0.150 0.200  11.482030521553336
0.150 0.250  11.481386782550727
0.150 0.300  11.481343639200366
0.150 0.350  11.481532617579465
0.150 0.400  11.481487483791787
0.150 0.450  11.481487397003354
0.150 0.500  11.29262904974734
0.150 0.550  11.29262904974734
0.150 0.600  11.29262904974734
0.150 0.650  11.388411839974657
0.150 0.700  11.388489299183158
0.150 0.750  11.389813755934242
0.150 0.800  11.395278779907173
0.150 0.850  11.395278779907173
0.150 0.900  11.395278779907173
0.150 0.950  11.395278779907173
0.150 1.000  11.39587882942466
0.200 0.050  11.517520145308755
0.200 0.100  11.48639132287779
0.200 0.150  11.486331417553643
0.200 0.200  11.48632455606004
0.200 0.250  11.481384975495708
0.200 0.300  11.481341832145345
0.200 0.350  11.481530438977925
0.200 0.400  11.481485870024787
0.200 0.450  11.481485783182157
0.200 0.500  11.303358550196469
0.200 0.550  11.303358550196469
0.200 0.600  11.303358550196469
0.200 0.650  11.388411839974657
0.200 0.700  11.388489299183158
0.200 0.750  11.389813755934242
0.200 0.800  11.395278779907173
0.200 0.850  11.395278779907173
0.200 0.900  11.395278779907173
0.200 0.950  11.395278779907173
0.200 1.000  11.39587882942466
0.250 0.050  11.517543528970702
0.250 0.100  11.486414707205297
0.250 0.150  11.486354801881145
0.250 0.200  11.486347940387548
0.250 0.250  11.48109919203741
0.250 0.300  11.481081266479361
0.250 0.350  11.481193219315973
0.250 0.400  11.481100009206052
0.250 0.450  11.48109992236342
0.250 0.500  11.3033046427926
0.250 0.550  11.3033046427926
0.250 0.600  11.3033046427926
0.250 0.650  11.388357932570788
0.250 0.700  11.388435391779288
0.250 0.750  11.389759695645433
0.250 0.800  11.395224719618362
0.250 0.850  11.395224719618362
0.250 0.900  11.395224719618362
0.250 0.950  11.395224719618362
0.250 1.000  11.39582476913585
0.300 0.050  11.509091436078245
0.300 0.100  11.581272619437025
0.300 0.150  11.58378195355921
0.300 0.200  11.583779525827772
0.300 0.250  11.463941097376983
0.300 0.300  11.273870913500726
0.300 0.350  11.273791094681961
0.300 0.400  11.266043556278152
0.300 0.450  11.26604022225164
0.300 0.500  11.3033046427926
0.300 0.550  11.3033046427926
0.300 0.600  11.3033046427926
0.300 0.650  11.388357932570788
0.300 0.700  11.388435391779288
0.300 0.750  11.389759695645433
0.300 0.800  11.395224719618362
0.300 0.850  11.395224719618362
0.300 0.900  11.395224719618362
0.300 0.950  11.395224719618362
0.300 1.000  11.395758162636323
0.350 0.050  11.5474624575224
0.350 0.100  11.6415756345824
0.350 0.150  11.64400742586544
0.350 0.200  11.64386000665082
0.350 0.250  11.25732214273437
0.350 0.300  11.274481196766704
0.350 0.350  11.274402117985607
0.350 0.400  11.266692956915477
0.350 0.450  11.266689622888963
0.350 0.500  11.29573967016354
0.350 0.550  11.29573967016354
0.350 0.600  11.29573967016354
0.350 0.650  11.381453941713499
0.350 0.700  11.381475416361557
0.350 0.750  11.38825398659281
0.350 0.800  11.39048827449302
0.350 0.850  11.39048827449302
0.350 0.900  11.39048827449302
0.350 0.950  11.39048827449302
0.350 1.000  11.39110830174703
0.400 0.050  11.531995876758996
0.400 0.100  11.595029458741879
0.400 0.150  11.597377339507617
0.400 0.200  11.59719953310877
0.400 0.250  11.262581762963718
0.400 0.300  11.283559327059999
0.400 0.350  11.28367809371448
0.400 0.400  11.283706857189836
0.400 0.450  11.283706872819394
0.400 0.500  11.251008933128979
0.400 0.550  11.251008933128979
0.400 0.600  11.251008933128979
0.400 0.650  11.253908347458983
0.400 0.700  11.253550885948323
0.400 0.750  11.251757624053411
0.400 0.800  11.252294167877503
0.400 0.850  11.252294167877503
0.400 0.900  11.252294167877503
0.400 0.950  11.252294167877503
0.400 1.000  11.253097067212712
0.450 0.050  11.496840265270707
0.450 0.100  11.594296287200779
0.450 0.150  11.592348165141631
0.450 0.200  11.592165203422107
0.450 0.250  11.262581762963718
0.450 0.300  11.283559327059999
0.450 0.350  11.28367809371448
0.450 0.400  11.28748612945575
0.450 0.450  11.287464506250494
0.450 0.500  11.251008933128979
0.450 0.550  11.251008933128979
0.450 0.600  11.251008933128979
0.450 0.650  11.253908347458983
0.450 0.700  11.253525154232047
0.450 0.750  11.251757624053411
0.450 0.800  11.252294167877503
0.450 0.850  11.252294167877503
0.450 0.900  11.252294167877503
0.450 0.950  11.252294167877503
0.450 1.000  11.253097067212712
0.500 0.050  11.497518265178307
0.500 0.100  11.59435420853903
0.500 0.150  11.592326920392743
0.500 0.200  11.592147641905196
0.500 0.250  11.268070212805604
0.500 0.300  11.283583075676816
0.500 0.350  11.283700087764526
0.500 0.400  11.286931494510029
0.500 0.450  11.28691092837922
0.500 0.500  11.250956430506518
0.500 0.550  11.250956430506518
0.500 0.600  11.250956430506518
0.500 0.650  11.253855844934177
0.500 0.700  11.253525154232047
0.500 0.750  11.251757624053411
0.500 0.800  11.252294167877503
0.500 0.850  11.252294167877503
0.500 0.900  11.252294167877503
0.500 0.950  11.252294167877503
0.500 1.000  11.253097067212712
0.550 0.050  11.531952788054708
0.550 0.100  11.615047689115846
0.550 0.150  11.617270651925496
0.550 0.200  11.61713764092809
0.550 0.250  11.271795290025493
0.550 0.300  11.287308152896705
0.550 0.350  11.28754428074385
0.550 0.400  11.286931494510029
0.550 0.450  11.28691092837922
0.550 0.500  11.250956430506518
0.550 0.550  11.250956430506518
0.550 0.600  11.250956430506518
0.550 0.650  11.253855844934177
0.550 0.700  11.285945439018604
0.550 0.750  11.281779072655263
0.550 0.800  11.273527575317125
0.550 0.850  11.273527575317125
0.550 0.900  11.273527575317125
0.550 0.950  11.273527575317125
0.550 1.000  11.274177029245944
0.600 0.050  11.51482310596686
0.600 0.100  11.593966575729478
0.600 0.150  11.596245034667335
0.600 0.200  11.596103040114976
0.600 0.250  11.285644732506785
0.600 0.300  11.297883972914502
0.600 0.350  11.297996513297829
0.600 0.400  11.30313153185164
0.600 0.450  11.303131424999108
0.600 0.500  11.27388385373543
0.600 0.550  11.27388385373543
0.600 0.600  11.273883390905745
0.600 0.650  11.266118603820187
0.600 0.700  11.26802734465014
0.600 0.750  11.275554199323986
0.600 0.800  11.267260613663025
0.600 0.850  11.267260613663025
0.600 0.900  11.267260613663025
0.600 0.950  11.267260613663025
0.600 1.000  11.267578999054132
0.650 0.050  11.566287413587904
0.650 0.100  11.67790709740833
0.650 0.150  11.680158696266457
0.650 0.200  11.68001600406364
0.650 0.250  11.391243814606284
0.650 0.300  11.39141140340837
0.650 0.350  11.391523949212347
0.650 0.400  11.391493559068405
0.650 0.450  11.3914934581954
0.650 0.500  11.294059492655823
0.650 0.550  11.294059492655823
0.650 0.600  11.294059104158714
0.650 0.650  11.28537379627134
0.650 0.700  11.29031832358174
0.650 0.750  11.292155706306668
0.650 0.800  11.290014764027564
0.650 0.850  11.290014764027564
0.650 0.900  11.290014764027564
0.650 0.950  11.290014764027564
0.650 1.000  11.29047928753191
0.700 0.050  11.566287413587904
0.700 0.100  11.677906959925314
0.700 0.150  11.680158764595728
0.700 0.200  11.68001600406364
0.700 0.250  11.391243814606284
0.700 0.300  11.39141140340837
0.700 0.350  11.391523949212347
0.700 0.400  11.391493559068405
0.700 0.450  11.3914934581954
0.700 0.500  11.320328286557153
0.700 0.550  11.320328286557153
0.700 0.600  11.320295048270623
0.700 0.650  11.326687484210789
0.700 0.700  11.326692327443757
0.700 0.750  11.324919182532737
0.700 0.800  11.325940593611827
0.700 0.850  11.325940593611827
0.700 0.900  11.325940593611827
0.700 0.950  11.325940593611827
0.700 1.000  11.323993597475745
0.750 0.050  11.528167996951654
0.750 0.100  11.592724157997143
0.750 0.150  11.594898458629675
0.750 0.200  11.594754112387319
0.750 0.250  11.596281538204703
0.750 0.300  11.595927538683336
0.750 0.350  11.596040081045151
0.750 0.400  11.596012877455314
0.750 0.450  11.59601278223005
0.750 0.500  11.318146355297728
0.750 0.550  11.318146355297728
0.750 0.600  11.318146355297728
0.750 0.650  11.324462285206874
0.750 0.700  11.32440129769888
0.750 0.750  11.32358755726598
0.750 0.800  11.324611107527371
0.750 0.850  11.324611107527371
0.750 0.900  11.324611107527371
0.750 0.950  11.324611107527371
0.750 1.000  11.323993597475745
0.800 0.050  11.528301532550019
0.800 0.100  11.592827229550592
0.800 0.150  11.594888226184072
0.800 0.200  11.594744398719351
0.800 0.250  11.596254719530373
0.800 0.300  11.595900720009004
0.800 0.350  11.596013237011823
0.800 0.400  11.596012877455314
0.800 0.450  11.59601278223005
0.800 0.500  11.31296114738839
0.800 0.550  11.31296114738839
0.800 0.600  11.31296114738839
0.800 0.650  11.319347899219235
0.800 0.700  11.319345935345101
0.800 0.750  11.318467595522224
0.800 0.800  11.324611107527371
0.800 0.850  11.324611107527371
0.800 0.900  11.324611107527371
0.800 0.950  11.324611107527371
0.800 1.000  11.323993597475745
0.850 0.050  11.504714089944487
0.850 0.100  11.459352695823162
0.850 0.150  11.45122648250701
0.850 0.200  11.45956556842475
0.850 0.250  11.293920936775178
0.850 0.300  11.293840191439603
0.850 0.350  11.293961457992834
0.850 0.400  11.29410588131907
0.850 0.450  11.294148421601694
0.850 0.500  11.311695458446835
0.850 0.550  11.311695458446835
0.850 0.600  11.311695458446835
0.850 0.650  11.31732742279531
0.850 0.700  11.317915692585986
0.850 0.750  11.316700254631533
0.850 0.800  11.316771676018298
0.850 0.850  11.316771676018298
0.850 0.900  11.316771676018298
0.850 0.950  11.316771676018298
0.850 1.000  11.323342883048177
0.900 0.050  11.504714089944487
0.900 0.100  11.459071512444659
0.900 0.150  11.451206997642883
0.900 0.200  11.45956556842475
0.900 0.250  11.293920936775178
0.900 0.300  11.293840191439603
0.900 0.350  11.293961457992834
0.900 0.400  11.29410588131907
0.900 0.450  11.294148421601694
0.900 0.500  11.311695458446835
0.900 0.550  11.311695458446835
0.900 0.600  11.311695458446835
0.900 0.650  11.31732742279531
0.900 0.700  11.317915692585986
0.900 0.750  11.316700254631533
0.900 0.800  11.316771676018298
0.900 0.850  11.316771676018298
0.900 0.900  11.316771676018298
0.900 0.950  11.316771676018298
0.900 1.000  11.323342883048177
0.950 0.050  11.532703455745777
0.950 0.100  11.48790261097451
0.950 0.150  11.48599778281227
0.950 0.200  11.492532563209082
0.950 0.250  11.406651608020882
0.950 0.300  11.327749581015523
0.950 0.350  11.327736414269753
0.950 0.400  11.327673145635822
0.950 0.450  11.327656136751918
0.950 0.500  11.319647828261655
0.950 0.550  11.319647828261655
0.950 0.600  11.319647828261655
0.950 0.650  11.328853308583941
0.950 0.700  11.32939069815371
0.950 0.750  11.329358992437736
0.950 0.800  11.329353285280556
0.950 0.850  11.329353285280556
0.950 0.900  11.329353285280556
0.950 0.950  11.329353285280556
0.950 1.000  11.332541066249302
1.000 0.050  11.532755793196468
1.000 0.100  11.487881998293688
1.000 0.150  11.48599778281227
1.000 0.200  11.492540570898148
1.000 0.250  11.406651608020882
1.000 0.300  11.327749581015523
1.000 0.350  11.327736414269753
1.000 0.400  11.327673145635822
1.000 0.450  11.327656136751918
1.000 0.500  11.319647828261655
1.000 0.550  11.319647828261655
1.000 0.600  11.319647828261655
1.000 0.650  11.328853308583941
1.000 0.700  11.32939069815371
1.000 0.750  11.329358992437736
1.000 0.800  11.329353285280556
1.000 0.850  11.329353285280556
1.000 0.900  11.329353285280556
1.000 0.950  11.329353285280556
1.000 1.000  11.332541066249302
