0.050 0.050 0.6752471426284772
0.050 0.100 0.6755624531984064
0.050 0.150 0.6746522721048582
0.050 0.200 0.6747470828066855
0.050 0.250 0.6740977348880296
0.050 0.300 0.6740977348880296
0.050 0.350 0.6744946267070486
0.050 0.400 0.6743037627294433
0.050 0.450 0.6742401414035748
0.050 0.500 0.6769160610930348
0.050 0.550 0.6769160610930348
0.050 0.600 0.6769160610930348
0.050 0.650 0.6766997865466178
0.050 0.700 0.6765503206513191
0.050 0.750 0.6761441268391919
0.050 0.800 0.6758896439198485
0.050 0.850 0.6758896439198485
0.050 0.900 0.6756812089910225
0.050 0.950 0.6754686269984904
0.050 1.000 0.6751879851079127
0.100 0.050 0.6742333086877184
0.100 0.100 0.6738337579239195
0.100 0.150 0.6738625648776304
0.100 0.200 0.6736617436561431
0.100 0.250 0.6733552114328468
0.100 0.300 0.6733552114328468
0.100 0.350 0.6732738435361213
0.100 0.400 0.673082979558516
0.100 0.450 0.6730193582326476
0.100 0.500 0.6751930504116226
0.100 0.550 0.6751930504116226
0.100 0.600 0.6750392494989623
0.100 0.650 0.6743417153700563
0.100 0.700 0.6741819871752592
0.100 0.750 0.6739277794294992
0.100 0.800 0.6736643641194058
0.100 0.850 0.6736643641194058
0.100 0.900 0.6736643641194058
0.100 0.950 0.6734450634545853
0.100 1.000 0.6732835727937228
0.150 0.050 0.6748780264170424
0.150 0.100 0.6749495024831906
0.150 0.150 0.6744783245052424
0.150 0.200 0.6742619262150638
0.150 0.250 0.6738031303629475
0.150 0.300 0.6738031303629475
0.150 0.350 0.6743969033384634
0.150 0.400 0.6742060393608581
0.150 0.450 0.6741424180349896
0.150 0.500 0.6768756390574282
0.150 0.550 0.6768756390574282
0.150 0.600 0.6768756390574282
0.150 0.650 0.6753693440741939
0.150 0.700 0.6752044814904471
0.150 0.750 0.6747955230102649
0.150 0.800 0.6745410400909215
0.150 0.850 0.6745410400909215
0.150 0.900 0.6745410400909215
0.150 0.950 0.6743207191495924
0.150 1.000 0.674157484233203
0.200 0.050 0.6759803003245954
0.200 0.100 0.6757930360005271
0.200 0.150 0.6754081279381033
0.200 0.200 0.6752509146792254
0.200 0.250 0.6738031303629475
0.200 0.300 0.6738031303629475
0.200 0.350 0.6743969033384634
0.200 0.400 0.6742060393608581
0.200 0.450 0.6741424180349896
0.200 0.500 0.6768014395928841
0.200 0.550 0.6768014395928841
0.200 0.600 0.6768014395928841
0.200 0.650 0.6752963805576595
0.200 0.700 0.6751308625642591
0.200 0.750 0.6747218505146821
0.200 0.800 0.6744673675953388
0.200 0.850 0.6744673675953388
0.200 0.900 0.6744673675953388
0.200 0.950 0.6742466925648338
0.200 1.000 0.6740829459014237
0.250 0.050 0.6753137089349532
0.250 0.100 0.675581944645328
0.250 0.150 0.6750639267353511
0.250 0.200 0.6748474471680479
0.250 0.250 0.6747658187482264
0.250 0.300 0.6747777348789954
0.250 0.350 0.674195946096172
0.250 0.400 0.6740059569591901
0.250 0.450 0.6739423356333216
0.250 0.500 0.6768312945508095
0.250 0.550 0.6768312945508095
0.250 0.600 0.6768312945508095
0.250 0.650 0.6753308591022433
0.250 0.700 0.6751633612555931
0.250 0.750 0.6747539714581959
0.250 0.800 0.6744994885388527
0.250 0.850 0.6744994885388527
0.250 0.900 0.6744994885388527
0.250 0.950 0.6742777429544036
0.250 1.000 0.6741124724534039
0.300 0.050 0.6758863453385515
0.300 0.100 0.6760699842160678
0.300 0.150 0.67558043663759
0.300 0.200 0.6753630345534491
0.300 0.250 0.6747658187482264
0.300 0.300 0.6747777348789954
0.300 0.350 0.674195946096172
0.300 0.400 0.6740059569591901
0.300 0.450 0.6739423356333216
0.300 0.500 0.6768312945508095
0.300 0.550 0.6768312945508095
0.300 0.600 0.6768312945508095
0.300 0.650 0.6753308591022433
0.300 0.700 0.6751633612555931
0.300 0.750 0.6747539714581959
0.300 0.800 0.6744994885388527
0.300 0.850 0.6744994885388527
0.300 0.900 0.6744994885388527
0.300 0.950 0.6744978237970247
0.300 1.000 0.6743350732650857
0.350 0.050 0.6757667437551493
0.350 0.100 0.6755126718970912
0.350 0.150 0.6754503305281077
0.350 0.200 0.6752275421618579
0.350 0.250 0.6746295543198947
0.350 0.300 0.6746418549431437
0.350 0.350 0.6740541050982048
0.350 0.400 0.673864115961223
0.350 0.450 0.6738004946353546
0.350 0.500 0.6765846973813378
0.350 0.550 0.6765846973813378
0.350 0.600 0.6765846973813378
0.350 0.650 0.6750866261444168
0.350 0.700 0.6749216576146182
0.350 0.750 0.674451746618467
0.350 0.800 0.6742579905066519
0.350 0.850 0.6742579905066519
0.350 0.900 0.6742579905066519
0.350 0.950 0.6740377072766779
0.350 1.000 0.6738673516359208
0.400 0.050 0.6756941708500366
0.400 0.100 0.6755119652592005
0.400 0.150 0.6754496246763948
0.400 0.200 0.6750008240204357
0.400 0.250 0.6741420010569577
0.400 0.300 0.6741553132854132
0.400 0.350 0.6735708189944667
0.400 0.400 0.6737624091259338
0.400 0.450 0.6736987878000653
0.400 0.500 0.6765846973813378
0.400 0.550 0.6765846973813378
0.400 0.600 0.6765846973813378
0.400 0.650 0.6750866261444168
0.400 0.700 0.6749216576146182
0.400 0.750 0.674451746618467
0.400 0.800 0.6742579905066519
0.400 0.850 0.6742579905066519
0.400 0.900 0.6742579905066519
0.400 0.950 0.6740377072766779
0.400 1.000 0.6738673516359208
0.450 0.050 0.6793386592349465
0.450 0.100 0.6788348784309324
0.450 0.150 0.6783887396764448
0.450 0.200 0.6779248689877561
0.450 0.250 0.6773860612617701
0.450 0.300 0.677402509767479
0.450 0.350 0.6766512258852762
0.450 0.400 0.6763907684971078
0.450 0.450 0.6763271471712393
0.450 0.500 0.6789165054689175
0.450 0.550 0.6789165054689175
0.450 0.600 0.6789165054689175
0.450 0.650 0.6785846341331034
0.450 0.700 0.6778989782735749
0.450 0.750 0.6777298642796644
0.450 0.800 0.6771717734925122
0.450 0.850 0.6771717734925122
0.450 0.900 0.6771717734925122
0.450 0.950 0.6783490760356786
0.450 1.000 0.6777465233413675
0.500 0.050 0.6791545779775228
0.500 0.100 0.6788370565096931
0.500 0.150 0.6783887396764448
0.500 0.200 0.6779267839261862
0.500 0.250 0.6777886060866827
0.500 0.300 0.6778037751119681
0.500 0.350 0.6770532395089832
0.500 0.400 0.6764626402154743
0.500 0.450 0.6763990188896059
0.500 0.500 0.6789165054689175
0.500 0.550 0.6789165054689175
0.500 0.600 0.6789165054689175
0.500 0.650 0.6785846341331034
0.500 0.700 0.6778989782735749
0.500 0.750 0.6777298642796644
0.500 0.800 0.6771717734925122
0.500 0.850 0.6771717734925122
0.500 0.900 0.6771717734925122
0.500 0.950 0.6770729535697319
0.500 1.000 0.6764616529197917
0.550 0.050 0.6794306429627491
0.550 0.100 0.6789442384775106
0.550 0.150 0.6784321587977669
0.550 0.200 0.6781005448768873
0.550 0.250 0.677245273182226
0.550 0.300 0.6771546072209114
0.550 0.350 0.6770532395089832
0.550 0.400 0.6764626402154743
0.550 0.450 0.6763990188896059
0.550 0.500 0.6789158831338529
0.550 0.550 0.6789158831338529
0.550 0.600 0.6789158831338529
0.550 0.650 0.678584011798039
0.550 0.700 0.677898213309555
0.550 0.750 0.6777291151763256
0.550 0.800 0.6771709951461979
0.550 0.850 0.6771709951461979
0.550 0.900 0.6771709951461979
0.550 0.950 0.6770729535697319
0.550 1.000 0.6764616529197917
0.600 0.050 0.679721091014529
0.600 0.100 0.6797371848667471
0.600 0.150 0.6788593377085224
0.600 0.200 0.6785251583215617
0.600 0.250 0.677245273182226
0.600 0.300 0.6771546072209114
0.600 0.350 0.6770532395089832
0.600 0.400 0.6764626402154743
0.600 0.450 0.6763990188896059
0.600 0.500 0.6779536771712087
0.600 0.550 0.6779536771712087
0.600 0.600 0.6778900558453403
0.600 0.650 0.6775546879073029
0.600 0.700 0.6768665231439992
0.600 0.750 0.6765098468955746
0.600 0.800 0.6763297540651164
0.600 0.850 0.6763297540651164
0.600 0.900 0.6763297540651164
0.600 0.950 0.6758481427451463
0.600 1.000 0.6756369608274424
0.650 0.050 0.6790448051446512
0.650 0.100 0.678794397195388
0.650 0.150 0.6788737106741005
0.650 0.200 0.6779594844414172
0.650 0.250 0.6771608216481724
0.650 0.300 0.6770727687724964
0.650 0.350 0.6769182646411964
0.650 0.400 0.6763573200347526
0.650 0.450 0.6762936987088841
0.650 0.500 0.6798166337008336
0.650 0.550 0.6798166337008336
0.650 0.600 0.6797697907852097
0.650 0.650 0.6794392240442928
0.650 0.700 0.6787388030922069
0.650 0.750 0.6783811741558454
0.650 0.800 0.6782736526892316
0.650 0.850 0.6782736526892316
0.650 0.900 0.6782736526892316
0.650 0.950 0.6777164595035033
0.650 1.000 0.6775532815100946
0.700 0.050 0.6790456279307802
0.700 0.100 0.6787942523825075
0.700 0.150 0.678774589033093
0.700 0.200 0.6780509568899514
0.700 0.250 0.6771608216481724
0.700 0.300 0.6770727687724964
0.700 0.350 0.6771239393353798
0.700 0.400 0.6765641383113756
0.700 0.450 0.6765005169855073
0.700 0.500 0.6798166337008336
0.700 0.550 0.6798166337008336
0.700 0.600 0.6797697907852097
0.700 0.650 0.6794392240442928
0.700 0.700 0.6787388030922069
0.700 0.750 0.6783811741558454
0.700 0.800 0.6782736526892316
0.700 0.850 0.6782736526892316
0.700 0.900 0.6782736526892316
0.700 0.950 0.6781833855795306
0.700 1.000 0.6780154994691665
0.750 0.050 0.6790471617245506
0.750 0.100 0.6787955855803376
0.750 0.150 0.6781420155082054
0.750 0.200 0.677880093289695
0.750 0.250 0.6770109454497086
0.750 0.300 0.6770287031143163
0.750 0.350 0.6769650817884478
0.750 0.400 0.6767105964849742
0.750 0.450 0.6766469751591058
0.750 0.500 0.6797589503273713
0.750 0.550 0.6797589503273713
0.750 0.600 0.6776037360316294
0.750 0.650 0.677274118312071
0.750 0.700 0.676637732485561
0.750 0.750 0.6763557682467611
0.750 0.800 0.6762480090826892
0.750 0.850 0.6762480090826892
0.750 0.900 0.6762480090826892
0.750 0.950 0.6776102784139039
0.750 1.000 0.6774423923035398
0.800 0.050 0.6790471617245506
0.800 0.100 0.6786831061487343
0.800 0.150 0.6781420155082054
0.800 0.200 0.677880093289695
0.800 0.250 0.6770109454497086
0.800 0.300 0.6770287031143163
0.800 0.350 0.6769650817884478
0.800 0.400 0.6767105964849742
0.800 0.450 0.6766469751591058
0.800 0.500 0.6787064185710242
0.800 0.550 0.6787064185710242
0.800 0.600 0.6774232425182265
0.800 0.650 0.6767075541779825
0.800 0.700 0.6760697880722666
0.800 0.750 0.6757876628351525
0.800 0.800 0.6756791395620871
0.800 0.850 0.6756791395620871
0.800 0.900 0.6756791395620871
0.800 0.950 0.6770508337477896
0.800 1.000 0.6768742151173013
0.850 0.050 0.6795296207597299
0.850 0.100 0.6791183367696534
0.850 0.150 0.6787593655921842
0.850 0.200 0.6784372976714631
0.850 0.250 0.6772615908743704
0.850 0.300 0.677277780493077
0.850 0.350 0.6772141591672085
0.850 0.400 0.6765251938743937
0.850 0.450 0.6764615725485252
0.850 0.500 0.6786905559246355
0.850 0.550 0.6786905559246355
0.850 0.600 0.6770062461674915
0.850 0.650 0.6766299317498645
0.850 0.700 0.6759885561942016
0.850 0.750 0.6757060083649681
0.850 0.800 0.6750925883789161
0.850 0.850 0.6750925883789161
0.850 0.900 0.6750925883789161
0.850 0.950 0.6764709727854938
0.850 1.000 0.6762896669985228
0.900 0.050 0.6795300511954505
0.900 0.100 0.6791187697442738
0.900 0.150 0.6787593655921842
0.900 0.200 0.6784372976714631
0.900 0.250 0.6772615908743704
0.900 0.300 0.677277780493077
0.900 0.350 0.6772141591672085
0.900 0.400 0.6765251938743937
0.900 0.450 0.6764615725485252
0.900 0.500 0.6786905559246355
0.900 0.550 0.6786905559246355
0.900 0.600 0.6770062461674915
0.900 0.650 0.6766299317498645
0.900 0.700 0.6759885561942016
0.900 0.750 0.6757060083649681
0.900 0.800 0.6750925883789161
0.900 0.850 0.6750925883789161
0.900 0.900 0.6750925883789161
0.900 0.950 0.6764709727854938
0.900 1.000 0.6762896669985228
0.950 0.050 0.6793651652341578
0.950 0.100 0.6789332363341823
0.950 0.150 0.6788043427936559
0.950 0.200 0.6784821108912718
0.950 0.250 0.6776257712253619
0.950 0.300 0.6776397892718813
0.950 0.350 0.6775761679460129
0.950 0.400 0.6768775343847833
0.950 0.450 0.6768139130589148
0.950 0.500 0.6771095416119031
0.950 0.550 0.6771095416119031
0.950 0.600 0.6770062461674915
0.950 0.650 0.6766299317498645
0.950 0.700 0.6759885561942016
0.950 0.750 0.6757060083649681
0.950 0.800 0.6750925883789161
0.950 0.850 0.6750925883789161
0.950 0.900 0.6750925883789161
0.950 0.950 0.6764709727854938
0.950 1.000 0.6762896669985228
1.000 0.050 0.6792352711650076
1.000 0.100 0.6789332792748032
1.000 0.150 0.6788043856626891
1.000 0.200 0.6785899123103387
1.000 0.250 0.6777332759290612
1.000 0.300 0.6776696546031927
1.000 0.350 0.6776060332773244
1.000 0.400 0.6769074183678858
1.000 0.450 0.6768437970420174
1.000 0.500 0.6768476105584074
1.000 0.550 0.6768476105584074
1.000 0.600 0.6767437407508121
1.000 0.650 0.6763657961255689
1.000 0.700 0.6757228288839665
1.000 0.750 0.6754400960334013
1.000 0.800 0.6747117381917827
1.000 0.850 0.6747117381917827
1.000 0.900 0.6747117381917827
1.000 0.950 0.6760909027227913
1.000 1.000 0.676094937555633
