0.050 0.050 0.080 316.0
0.050 0.100 0.080 316.0
0.050 0.150 0.080 318.0
0.050 0.200 0.080 323.0
0.050 0.250 0.080 324.0
0.050 0.300 0.080 325.0
0.050 0.350 0.080 326.0
0.050 0.400 0.080 338.0
0.050 0.450 0.080 349.0
0.050 0.500 0.080 349.0
0.050 0.550 0.080 349.0
0.050 0.600 0.080 354.0
0.050 0.650 0.080 354.0
0.050 0.700 0.080 355.0
0.050 0.750 0.080 359.0
0.050 0.800 0.080 368.0
0.050 0.850 0.080 378.0
0.050 0.900 0.080 378.0
0.050 0.950 0.080 378.0
0.050 1.000 0.080 385.0
0.100 0.050 0.080 316.0
0.100 0.100 0.080 316.0
0.100 0.150 0.080 318.0
0.100 0.200 0.080 323.0
0.100 0.250 0.080 324.0
0.100 0.300 0.080 325.0
0.100 0.350 0.080 326.0
0.100 0.400 0.080 335.0
0.100 0.450 0.080 341.0
0.100 0.500 0.080 341.0
0.100 0.550 0.080 341.0
0.100 0.600 0.080 346.0
0.100 0.650 0.080 346.0
0.100 0.700 0.080 347.0
0.100 0.750 0.080 351.0
0.100 0.800 0.080 355.0
0.100 0.850 0.080 376.0
0.100 0.900 0.080 376.0
0.100 0.950 0.080 376.0
0.100 1.000 0.080 383.0
0.150 0.050 0.080 257.0
0.150 0.100 0.080 257.0
0.150 0.150 0.080 259.0
0.150 0.200 0.080 265.0
0.150 0.250 0.080 266.0
0.150 0.300 0.080 266.0
0.150 0.350 0.080 268.0
0.150 0.400 0.080 276.0
0.150 0.450 0.080 282.0
0.150 0.500 0.080 285.0
0.150 0.550 0.080 291.0
0.150 0.600 0.080 300.0
0.150 0.650 0.080 301.0
0.150 0.700 0.080 309.0
0.150 0.750 0.080 313.0
0.150 0.800 0.080 331.0
0.150 0.850 0.080 333.0
0.150 0.900 0.080 338.0
0.150 0.950 0.080 338.0
0.150 1.000 0.080 345.0
0.200 0.050 0.080 257.0
0.200 0.100 0.080 257.0
0.200 0.150 0.080 259.0
0.200 0.200 0.080 265.0
0.200 0.250 0.080 266.0
0.200 0.300 0.080 266.0
0.200 0.350 0.080 268.0
0.200 0.400 0.080 276.0
0.200 0.450 0.080 282.0
0.200 0.500 0.080 285.0
0.200 0.550 0.080 295.0
0.200 0.600 0.080 300.0
0.200 0.650 0.080 301.0
0.200 0.700 0.080 309.0
0.200 0.750 0.080 313.0
0.200 0.800 0.080 331.0
0.200 0.850 0.080 333.0
0.200 0.900 0.080 338.0
0.200 0.950 0.080 338.0
0.200 1.000 0.080 345.0
0.250 0.050 0.080 260.0
0.250 0.100 0.080 260.0
0.250 0.150 0.080 262.0
0.250 0.200 0.080 268.0
0.250 0.250 0.080 269.0
0.250 0.300 0.080 269.0
0.250 0.350 0.080 271.0
0.250 0.400 0.080 279.0
0.250 0.450 0.080 290.0
0.250 0.500 0.080 293.0
0.250 0.550 0.080 303.0
0.250 0.600 0.080 308.0
0.250 0.650 0.080 309.0
0.250 0.700 0.080 318.0
0.250 0.750 0.080 322.0
0.250 0.800 0.080 340.0
0.250 0.850 0.080 341.0
0.250 0.900 0.080 346.0
0.250 0.950 0.080 346.0
0.250 1.000 0.080 353.0
0.300 0.050 0.080 260.0
0.300 0.100 0.080 260.0
0.300 0.150 0.080 262.0
0.300 0.200 0.080 268.0
0.300 0.250 0.080 269.0
0.300 0.300 0.080 269.0
0.300 0.350 0.080 271.0
0.300 0.400 0.080 279.0
0.300 0.450 0.080 290.0
0.300 0.500 0.080 293.0
0.300 0.550 0.080 303.0
0.300 0.600 0.080 308.0
0.300 0.650 0.080 309.0
0.300 0.700 0.080 318.0
0.300 0.750 0.080 322.0
0.300 0.800 0.080 340.0
0.300 0.850 0.080 341.0
0.300 0.900 0.080 346.0
0.300 0.950 0.080 346.0
0.300 1.000 0.080 353.0
0.350 0.050 0.080 263.0
0.350 0.100 0.080 263.0
0.350 0.150 0.080 265.0
0.350 0.200 0.080 271.0
0.350 0.250 0.080 272.0
0.350 0.300 0.080 275.0
0.350 0.350 0.080 277.0
0.350 0.400 0.080 285.0
0.350 0.450 0.080 291.0
0.350 0.500 0.080 294.0
0.350 0.550 0.080 299.0
0.350 0.600 0.080 307.0
0.350 0.650 0.080 309.0
0.350 0.700 0.080 318.0
0.350 0.750 0.080 324.0
0.350 0.800 0.080 340.0
0.350 0.850 0.080 342.0
0.350 0.900 0.080 347.0
0.350 0.950 0.080 347.0
0.350 1.000 0.080 354.0
0.400 0.050 0.080 278.0
0.400 0.100 0.080 278.0
0.400 0.150 0.080 280.0
0.400 0.200 0.080 287.0
0.400 0.250 0.080 288.0
0.400 0.300 0.080 292.0
0.400 0.350 0.080 294.0
0.400 0.400 0.080 302.0
0.400 0.450 0.080 308.0
0.400 0.500 0.080 311.0
0.400 0.550 0.080 311.0
0.400 0.600 0.080 319.0
0.400 0.650 0.080 321.0
0.400 0.700 0.080 330.0
0.400 0.750 0.080 336.0
0.400 0.800 0.080 347.0
0.400 0.850 0.080 347.0
0.400 0.900 0.080 347.0
0.400 0.950 0.080 347.0
0.400 1.000 0.080 354.0
0.450 0.050 0.080 278.0
0.450 0.100 0.080 278.0
0.450 0.150 0.080 280.0
0.450 0.200 0.080 287.0
0.450 0.250 0.080 288.0
0.450 0.300 0.080 292.0
0.450 0.350 0.080 294.0
0.450 0.400 0.080 302.0
0.450 0.450 0.080 308.0
0.450 0.500 0.080 311.0
0.450 0.550 0.080 311.0
0.450 0.600 0.080 319.0
0.450 0.650 0.080 321.0
0.450 0.700 0.080 330.0
0.450 0.750 0.080 336.0
0.450 0.800 0.080 347.0
0.450 0.850 0.080 354.0
0.450 0.900 0.080 354.0
0.450 0.950 0.080 354.0
0.450 1.000 0.080 361.0
0.500 0.050 0.080 280.0
0.500 0.100 0.080 280.0
0.500 0.150 0.080 282.0
0.500 0.200 0.080 289.0
0.500 0.250 0.080 290.0
0.500 0.300 0.080 294.0
0.500 0.350 0.080 296.0
0.500 0.400 0.080 304.0
0.500 0.450 0.080 310.0
0.500 0.500 0.080 313.0
0.500 0.550 0.080 311.0
0.500 0.600 0.080 319.0
0.500 0.650 0.080 321.0
0.500 0.700 0.080 330.0
0.500 0.750 0.080 336.0
0.500 0.800 0.080 347.0
0.500 0.850 0.080 354.0
0.500 0.900 0.080 354.0
0.500 0.950 0.080 354.0
0.500 1.000 0.080 361.0
0.550 0.050 0.080 277.0
0.550 0.100 0.080 277.0
0.550 0.150 0.080 279.0
0.550 0.200 0.080 289.0
0.550 0.250 0.080 290.0
0.550 0.300 0.080 294.0
0.550 0.350 0.080 295.0
0.550 0.400 0.080 303.0
0.550 0.450 0.080 304.0
0.550 0.500 0.080 307.0
0.550 0.550 0.080 309.0
0.550 0.600 0.080 317.0
0.550 0.650 0.080 319.0
0.550 0.700 0.080 333.0
0.550 0.750 0.080 337.0
0.550 0.800 0.080 350.0
0.550 0.850 0.080 359.0
0.550 0.900 0.080 359.0
0.550 0.950 0.080 368.0
0.550 1.000 0.080 375.0
0.600 0.050 0.080 279.0
0.600 0.100 0.080 279.0
0.600 0.150 0.080 281.0
0.600 0.200 0.080 291.0
0.600 0.250 0.080 292.0
0.600 0.300 0.080 296.0
0.600 0.350 0.080 297.0
0.600 0.400 0.080 305.0
0.600 0.450 0.080 306.0
0.600 0.500 0.080 309.0
0.600 0.550 0.080 311.0
0.600 0.600 0.080 319.0
0.600 0.650 0.080 321.0
0.600 0.700 0.080 335.0
0.600 0.750 0.080 337.0
0.600 0.800 0.080 350.0
0.600 0.850 0.080 359.0
0.600 0.900 0.080 359.0
0.600 0.950 0.080 368.0
0.600 1.000 0.080 375.0
0.650 0.050 0.080 281.0
0.650 0.100 0.080 281.0
0.650 0.150 0.080 283.0
0.650 0.200 0.080 293.0
0.650 0.250 0.080 294.0
0.650 0.300 0.080 298.0
0.650 0.350 0.080 299.0
0.650 0.400 0.080 307.0
0.650 0.450 0.080 308.0
0.650 0.500 0.080 311.0
0.650 0.550 0.080 313.0
0.650 0.600 0.080 321.0
0.650 0.650 0.080 323.0
0.650 0.700 0.080 342.0
0.650 0.750 0.080 342.0
0.650 0.800 0.080 360.0
0.650 0.850 0.080 368.0
0.650 0.900 0.080 368.0
0.650 0.950 0.080 377.0
0.650 1.000 0.080 384.0
0.700 0.050 0.080 281.0
0.700 0.100 0.080 281.0
0.700 0.150 0.080 283.0
0.700 0.200 0.080 293.0
0.700 0.250 0.080 294.0
0.700 0.300 0.080 298.0
0.700 0.350 0.080 299.0
0.700 0.400 0.080 307.0
0.700 0.450 0.080 308.0
0.700 0.500 0.080 311.0
0.700 0.550 0.080 315.0
0.700 0.600 0.080 323.0
0.700 0.650 0.080 324.0
0.700 0.700 0.080 342.0
0.700 0.750 0.080 342.0
0.700 0.800 0.080 360.0
0.700 0.850 0.080 368.0
0.700 0.900 0.080 368.0
0.700 0.950 0.080 377.0
0.700 1.000 0.080 384.0
0.750 0.050 0.080 281.0
0.750 0.100 0.080 281.0
0.750 0.150 0.080 283.0
0.750 0.200 0.080 293.0
0.750 0.250 0.080 294.0
0.750 0.300 0.080 298.0
0.750 0.350 0.080 299.0
0.750 0.400 0.080 307.0
0.750 0.450 0.080 308.0
0.750 0.500 0.080 312.0
0.750 0.550 0.080 315.0
0.750 0.600 0.080 324.0
0.750 0.650 0.080 325.0
0.750 0.700 0.080 337.0
0.750 0.750 0.080 336.0
0.750 0.800 0.080 349.0
0.750 0.850 0.080 368.0
0.750 0.900 0.080 368.0
0.750 0.950 0.080 377.0
0.750 1.000 0.080 384.0
0.800 0.050 0.080 211.0
0.800 0.100 0.080 211.0
0.800 0.150 0.080 214.0
0.800 0.200 0.080 225.0
0.800 0.250 0.080 227.0
0.800 0.300 0.080 232.0
0.800 0.350 0.080 237.0
0.800 0.400 0.080 245.0
0.800 0.450 0.080 247.0
0.800 0.500 0.080 258.0
0.800 0.550 0.080 260.0
0.800 0.600 0.080 268.0
0.800 0.650 0.080 270.0
0.800 0.700 0.080 287.0
0.800 0.750 0.080 298.0
0.800 0.800 0.080 316.0
0.800 0.850 0.080 350.0
0.800 0.900 0.080 350.0
0.800 0.950 0.080 359.0
0.800 1.000 0.080 366.0
0.850 0.050 0.080 213.0
0.850 0.100 0.080 213.0
0.850 0.150 0.080 217.0
0.850 0.200 0.080 228.0
0.850 0.250 0.080 230.0
0.850 0.300 0.080 235.0
0.850 0.350 0.080 240.0
0.850 0.400 0.080 254.0
0.850 0.450 0.080 261.0
0.850 0.500 0.080 264.0
0.850 0.550 0.080 267.0
0.850 0.600 0.080 275.0
0.850 0.650 0.080 277.0
0.850 0.700 0.080 294.0
0.850 0.750 0.080 298.0
0.850 0.800 0.080 316.0
0.850 0.850 0.080 357.0
0.850 0.900 0.080 357.0
0.850 0.950 0.080 366.0
0.850 1.000 0.080 373.0
0.900 0.050 0.080 217.0
0.900 0.100 0.080 217.0
0.900 0.150 0.080 220.0
0.900 0.200 0.080 231.0
0.900 0.250 0.080 233.0
0.900 0.300 0.080 237.0
0.900 0.350 0.080 245.0
0.900 0.400 0.080 256.0
0.900 0.450 0.080 258.0
0.900 0.500 0.080 264.0
0.900 0.550 0.080 267.0
0.900 0.600 0.080 275.0
0.900 0.650 0.080 277.0
0.900 0.700 0.080 294.0
0.900 0.750 0.080 298.0
0.900 0.800 0.080 316.0
0.900 0.850 0.080 357.0
0.900 0.900 0.080 357.0
0.900 0.950 0.080 366.0
0.900 1.000 0.080 373.0
0.950 0.050 0.080 242.0
0.950 0.100 0.080 242.0
0.950 0.150 0.080 245.0
0.950 0.200 0.080 257.0
0.950 0.250 0.080 260.0
0.950 0.300 0.080 265.0
0.950 0.350 0.080 273.0
0.950 0.400 0.080 290.0
0.950 0.450 0.080 297.0
0.950 0.500 0.080 303.0
0.950 0.550 0.080 306.0
0.950 0.600 0.080 313.0
0.950 0.650 0.080 314.0
0.950 0.700 0.080 323.0
0.950 0.750 0.080 329.0
0.950 0.800 0.080 347.0
0.950 0.850 0.080 381.0
0.950 0.900 0.080 381.0
0.950 0.950 0.080 390.0
0.950 1.000 0.080 397.0
1.000 0.050 0.080 243.0
1.000 0.100 0.080 243.0
1.000 0.150 0.080 245.0
1.000 0.200 0.080 257.0
1.000 0.250 0.080 259.0
1.000 0.300 0.080 268.0
1.000 0.350 0.080 276.0
1.000 0.400 0.080 293.0
1.000 0.450 0.080 299.0
1.000 0.500 0.080 305.0
1.000 0.550 0.080 306.0
1.000 0.600 0.080 315.0
1.000 0.650 0.080 316.0
1.000 0.700 0.080 324.0
1.000 0.750 0.080 331.0
1.000 0.800 0.080 349.0
1.000 0.850 0.080 383.0
1.000 0.900 0.080 383.0
1.000 0.950 0.080 392.0
1.000 1.000 0.080 399.0
