0.050 0.050 0.120 0.09837240712440276
0.050 0.100 0.120 0.10891686090407296
0.050 0.150 0.120 0.10895477488466351
0.050 0.200 0.120 0.10896658658606573
0.050 0.250 0.120 0.12632852106701542
0.050 0.300 0.120 0.12632851645275078
0.050 0.350 0.120 0.12578017941317104
0.050 0.400 0.120 0.1271380177508547
0.050 0.450 0.120 0.127138043618072
0.050 0.500 0.120 0.12691652636843168
0.050 0.550 0.120 0.12691652636843168
0.050 0.600 0.120 0.12691652636843168
0.050 0.650 0.120 0.1269496788825727
0.050 0.700 0.120 0.12696247825771378
0.050 0.750 0.120 0.13074265369112317
0.050 0.800 0.120 0.1286391846877934
0.050 0.850 0.120 0.1286391846877934
0.050 0.900 0.120 0.1224702050987467
0.050 0.950 0.120 0.1277798138783268
0.050 1.000 0.120 0.12785297364225567
0.100 0.050 0.120 0.1668373246402855
0.100 0.100 0.120 0.10660044688070636
0.100 0.150 0.120 0.10891344714437631
0.100 0.200 0.120 0.1089134118373705
0.100 0.250 0.120 0.12934839716397287
0.100 0.300 0.120 0.1293483919333317
0.100 0.350 0.120 0.12932722717790254
0.100 0.400 0.120 0.1337626132985815
0.100 0.450 0.120 0.13376263781111442
0.100 0.500 0.120 0.148419869438917
0.100 0.550 0.120 0.148419869438917
0.100 0.600 0.120 0.1506718680673165
0.100 0.650 0.120 0.15027348269222
0.100 0.700 0.120 0.1502922134497933
0.100 0.750 0.120 0.15182275545863821
0.100 0.800 0.120 0.1646374294089181
0.100 0.850 0.120 0.1646374294089181
0.100 0.900 0.120 0.1646374294089181
0.100 0.950 0.120 0.16857182367412724
0.100 1.000 0.120 0.16857182367412724
0.150 0.050 0.120 0.14887652463815948
0.150 0.100 0.120 0.18260481766102366
0.150 0.150 0.120 0.1853380824137506
0.150 0.200 0.120 0.18534341747124713
0.150 0.250 0.120 0.18389291316557105
0.150 0.300 0.120 0.18717829487324977
0.150 0.350 0.120 0.18712890627856224
0.150 0.400 0.120 0.18739986308500975
0.150 0.450 0.120 0.18739714515977304
0.150 0.500 0.120 0.1714540802373956
0.150 0.550 0.120 0.1714540802373956
0.150 0.600 0.120 0.1714540802373956
0.150 0.650 0.120 0.16541249995104376
0.150 0.700 0.120 0.16541569066828893
0.150 0.750 0.120 0.16734915811453702
0.150 0.800 0.120 0.16572159678968731
0.150 0.850 0.120 0.16572159678968731
0.150 0.900 0.120 0.16572159678968731
0.150 0.950 0.120 0.16929008470730042
0.150 1.000 0.120 0.16929008470730042
0.200 0.050 0.120 0.15880662076979413
0.200 0.100 0.120 0.18242871919158551
0.200 0.150 0.120 0.1851518885855337
0.200 0.200 0.120 0.18516116085830928
0.200 0.250 0.120 0.18830374599234678
0.200 0.300 0.120 0.19201326289858842
0.200 0.350 0.120 0.19196127711928818
0.200 0.400 0.120 0.19181383271279168
0.200 0.450 0.120 0.19181031938446125
0.200 0.500 0.120 0.1773038644879913
0.200 0.550 0.120 0.1773038644879913
0.200 0.600 0.120 0.1773038644879913
0.200 0.650 0.120 0.16541249995104376
0.200 0.700 0.120 0.16541569066828893
0.200 0.750 0.120 0.16734915811453702
0.200 0.800 0.120 0.16572159678968731
0.200 0.850 0.120 0.16572159678968731
0.200 0.900 0.120 0.16572159678968731
0.200 0.950 0.120 0.16929008470730042
0.200 1.000 0.120 0.16929008470730042
0.250 0.050 0.120 0.13526343697148632
0.250 0.100 0.120 0.1824225482930049
0.250 0.150 0.120 0.1705593065069929
0.250 0.200 0.120 0.17056861146398108
0.250 0.250 0.120 0.182706485643706
0.250 0.300 0.120 0.18271221719524489
0.250 0.350 0.120 0.18768231574673064
0.250 0.400 0.120 0.18787041082461883
0.250 0.450 0.120 0.18787037319825797
0.250 0.500 0.120 0.17731900575185233
0.250 0.550 0.120 0.17731900575185233
0.250 0.600 0.120 0.17731900575185233
0.250 0.650 0.120 0.16542764121490497
0.250 0.700 0.120 0.16543083193214997
0.250 0.750 0.120 0.16736434232001765
0.250 0.800 0.120 0.16573678099516811
0.250 0.850 0.120 0.16573678099516811
0.250 0.900 0.120 0.16573678099516811
0.250 0.950 0.120 0.1693052689127809
0.250 1.000 0.120 0.1693052689127809
0.300 0.050 0.120 0.1535361589201412
0.300 0.100 0.120 0.18271098238018904
0.300 0.150 0.120 0.1714392235748949
0.300 0.200 0.120 0.171448018043434
0.300 0.250 0.120 0.182706485643706
0.300 0.300 0.120 0.18271221719524489
0.300 0.350 0.120 0.18768231574673064
0.300 0.400 0.120 0.18787041082461883
0.300 0.450 0.120 0.18787037319825797
0.300 0.500 0.120 0.17731900575185233
0.300 0.550 0.120 0.17731900575185233
0.300 0.600 0.120 0.17731900575185233
0.300 0.650 0.120 0.16542764121490497
0.300 0.700 0.120 0.16543083193214997
0.300 0.750 0.120 0.16736434232001765
0.300 0.800 0.120 0.16573678099516811
0.300 0.850 0.120 0.16573678099516811
0.300 0.900 0.120 0.16573678099516811
0.300 0.950 0.120 0.16323869187204107
0.300 1.000 0.120 0.16323869187204107
0.350 0.050 0.120 0.16324926778400836
0.350 0.100 0.120 0.1802121584338132
0.350 0.150 0.120 0.16938848902275172
0.350 0.200 0.120 0.16939651249904766
0.350 0.250 0.120 0.18001553225630804
0.350 0.300 0.120 0.1801022366196976
0.350 0.350 0.120 0.1850888992863829
0.350 0.400 0.120 0.1877278353573692
0.350 0.450 0.120 0.18772779773100817
0.350 0.500 0.120 0.15846048149523548
0.350 0.550 0.120 0.15846048149523548
0.350 0.600 0.120 0.15846048149523548
0.350 0.650 0.120 0.15788791874847422
0.350 0.700 0.120 0.1579092980576638
0.350 0.750 0.120 0.15817464305066892
0.350 0.800 0.120 0.15965280678894467
0.350 0.850 0.120 0.15965280678894467
0.350 0.900 0.120 0.15965280678894467
0.350 0.950 0.120 0.16324560649971193
0.350 1.000 0.120 0.16324560649971193
0.400 0.050 0.120 0.16324926778400836
0.400 0.100 0.120 0.18471178399265245
0.400 0.150 0.120 0.17388812269814985
0.400 0.200 0.120 0.17390155453250045
0.400 0.250 0.120 0.18564855720948018
0.400 0.300 0.120 0.17879589747466554
0.400 0.350 0.120 0.17876427853346358
0.400 0.400 0.120 0.18369495766539579
0.400 0.450 0.120 0.18369860927329326
0.400 0.500 0.120 0.15846048149523548
0.400 0.550 0.120 0.15846048149523548
0.400 0.600 0.120 0.15846048149523548
0.400 0.650 0.120 0.15788791874847422
0.400 0.700 0.120 0.1579092980576638
0.400 0.750 0.120 0.15817464305066892
0.400 0.800 0.120 0.15965280678894467
0.400 0.850 0.120 0.15965280678894467
0.400 0.900 0.120 0.15965280678894467
0.400 0.950 0.120 0.16324560649971193
0.400 1.000 0.120 0.16324560649971193
0.450 0.050 0.120 0.16953998177716834
0.450 0.100 0.120 0.18703659659556243
0.450 0.150 0.120 0.16852026207803802
0.450 0.200 0.120 0.1671789820930367
0.450 0.250 0.120 0.19321101942290073
0.450 0.300 0.120 0.1932110379032558
0.450 0.350 0.120 0.19317941921928533
0.450 0.400 0.120 0.19214218998381907
0.450 0.450 0.120 0.19214218248569154
0.450 0.500 0.120 0.178741327347944
0.450 0.550 0.120 0.178741327347944
0.450 0.600 0.120 0.178741327347944
0.450 0.650 0.120 0.18562767725280666
0.450 0.700 0.120 0.18526620593955914
0.450 0.750 0.120 0.19206748868980875
0.450 0.800 0.120 0.19659448217464318
0.450 0.850 0.120 0.19659448217464318
0.450 0.900 0.120 0.19659448217464318
0.450 0.950 0.120 0.18247070816699137
0.450 1.000 0.120 0.18016366055017366
0.500 0.050 0.120 0.16953998177716834
0.500 0.100 0.120 0.18703659659556243
0.500 0.150 0.120 0.16852026207803802
0.500 0.200 0.120 0.1671789820930367
0.500 0.250 0.120 0.19321101942290073
0.500 0.300 0.120 0.1932110379032558
0.500 0.350 0.120 0.19317941921928533
0.500 0.400 0.120 0.18824020501034447
0.500 0.450 0.120 0.18824013007850732
0.500 0.500 0.120 0.178741327347944
0.500 0.550 0.120 0.178741327347944
0.500 0.600 0.120 0.178741327347944
0.500 0.650 0.120 0.1853539075437608
0.500 0.700 0.120 0.18526620593955914
0.500 0.750 0.120 0.19206891098586293
0.500 0.800 0.120 0.19659448217464318
0.500 0.850 0.120 0.19659448217464318
0.500 0.900 0.120 0.19659448217464318
0.500 0.950 0.120 0.18247070816699137
0.500 1.000 0.120 0.18016366055017366
0.550 0.050 0.120 0.170904870105822
0.550 0.100 0.120 0.17639424095802989
0.550 0.150 0.120 0.17190468953515398
0.550 0.200 0.120 0.1750601022025148
0.550 0.250 0.120 0.1905497293212165
0.550 0.300 0.120 0.1905497493046425
0.550 0.350 0.120 0.19051813012469618
0.550 0.400 0.120 0.1926603860808325
0.550 0.450 0.120 0.19266031077334558
0.550 0.500 0.120 0.1835006086264157
0.550 0.550 0.120 0.1835006086264157
0.550 0.600 0.120 0.1835006086264157
0.550 0.650 0.120 0.19011857585884978
0.550 0.700 0.120 0.18969487095438406
0.550 0.750 0.120 0.19206891098586293
0.550 0.800 0.120 0.19659448217464318
0.550 0.850 0.120 0.19659448217464318
0.550 0.900 0.120 0.19659448217464318
0.550 0.950 0.120 0.18247070816699137
0.550 1.000 0.120 0.18016366055017366
0.600 0.050 0.120 0.17519626354002404
0.600 0.100 0.120 0.17902456059014007
0.600 0.150 0.120 0.17579822259922634
0.600 0.200 0.120 0.17965360985695136
0.600 0.250 0.120 0.1905559630202323
0.600 0.300 0.120 0.1905497493046425
0.600 0.350 0.120 0.19051813012469618
0.600 0.400 0.120 0.1950234285546249
0.600 0.450 0.120 0.1950302909350518
0.600 0.500 0.120 0.19264060700670577
0.600 0.550 0.120 0.19264060700670577
0.600 0.600 0.120 0.18822211721838863
0.600 0.650 0.120 0.19039840946181816
0.600 0.700 0.120 0.19207009133687064
0.600 0.750 0.120 0.19204962496762926
0.600 0.800 0.120 0.19657321530881505
0.600 0.850 0.120 0.19657321530881505
0.600 0.900 0.120 0.19657321530881505
0.600 0.950 0.120 0.19334252759583473
0.600 1.000 0.120 0.19334252759583473
0.650 0.050 0.120 0.12880789840778112
0.650 0.100 0.120 0.15828062893916772
0.650 0.150 0.120 0.18618956327473737
0.650 0.200 0.120 0.18739078828382863
0.650 0.250 0.120 0.18400496607161113
0.650 0.300 0.120 0.1840123834422912
0.650 0.350 0.120 0.1839807181997101
0.650 0.400 0.120 0.19166581277051703
0.650 0.450 0.120 0.1916688475833817
0.650 0.500 0.120 0.19286972973144995
0.650 0.550 0.120 0.19286972973144995
0.650 0.600 0.120 0.1882733005548076
0.650 0.650 0.120 0.19046564758069168
0.650 0.700 0.120 0.19227226585463983
0.650 0.750 0.120 0.19121842128844527
0.650 0.800 0.120 0.19574284100972275
0.650 0.850 0.120 0.19574284100972275
0.650 0.900 0.120 0.19574284100972275
0.650 0.950 0.120 0.18874642029806415
0.650 1.000 0.120 0.18874642029806415
0.700 0.050 0.120 0.11537724216832371
0.700 0.100 0.120 0.15774357794950059
0.700 0.150 0.120 0.17488550181511925
0.700 0.200 0.120 0.1768042968695803
0.700 0.250 0.120 0.17343969222372474
0.700 0.300 0.120 0.17344694174937852
0.700 0.350 0.120 0.17341527865000803
0.700 0.400 0.120 0.18107895598990528
0.700 0.450 0.120 0.1810817852938977
0.700 0.500 0.120 0.1948965129504908
0.700 0.550 0.120 0.1948965129504908
0.700 0.600 0.120 0.1948965129504908
0.700 0.650 0.120 0.19328668441260408
0.700 0.700 0.120 0.19504593789975963
0.700 0.750 0.120 0.20041384460448342
0.700 0.800 0.120 0.20048766102065496
0.700 0.850 0.120 0.20048766102065496
0.700 0.900 0.120 0.20048766102065496
0.700 0.950 0.120 0.18502523987611638
0.700 1.000 0.120 0.18502523987611638
0.750 0.050 0.120 0.10840695647856033
0.750 0.100 0.120 0.15065381333920447
0.750 0.150 0.120 0.15599107395475553
0.750 0.200 0.120 0.15823757009201314
0.750 0.250 0.120 0.1536313124964525
0.750 0.300 0.120 0.15362446785792963
0.750 0.350 0.120 0.1535928196903361
0.750 0.400 0.120 0.16271704431451342
0.750 0.450 0.120 0.15890417611552754
0.750 0.500 0.120 0.1924804389068511
0.750 0.550 0.120 0.1924804389068511
0.750 0.600 0.120 0.19288693953274838
0.750 0.650 0.120 0.19102812053179932
0.750 0.700 0.120 0.1927642223327171
0.750 0.750 0.120 0.193953389063291
0.750 0.800 0.120 0.1982694000514681
0.750 0.850 0.120 0.1982694000514681
0.750 0.900 0.120 0.1982694000514681
0.750 0.950 0.120 0.18499374373903105
0.750 1.000 0.120 0.18499374373903105
0.800 0.050 0.120 0.11997273557896643
0.800 0.100 0.120 0.15065381333920447
0.800 0.150 0.120 0.15599107395475553
0.800 0.200 0.120 0.15823757009201314
0.800 0.250 0.120 0.1536313124964525
0.800 0.300 0.120 0.15362446785792963
0.800 0.350 0.120 0.1535928196903361
0.800 0.400 0.120 0.16271704431451342
0.800 0.450 0.120 0.15890417611552754
0.800 0.500 0.120 0.19289293980394104
0.800 0.550 0.120 0.19289293980394104
0.800 0.600 0.120 0.1932984906434438
0.800 0.650 0.120 0.1908528366787058
0.800 0.700 0.120 0.1925790362536926
0.800 0.750 0.120 0.1942672186711705
0.800 0.800 0.120 0.19858283655862788
0.800 0.850 0.120 0.19858283655862788
0.800 0.900 0.120 0.19858283655862788
0.800 0.950 0.120 0.1852674923265129
0.800 1.000 0.120 0.1852674923265129
0.850 0.050 0.120 0.1230054537718879
0.850 0.100 0.120 0.13962700334541409
0.850 0.150 0.120 0.14897439858367456
0.850 0.200 0.120 0.1535322875459748
0.850 0.250 0.120 0.15008065608572238
0.850 0.300 0.120 0.1500806423493629
0.850 0.350 0.120 0.1500616602316117
0.850 0.400 0.120 0.15895934918864665
0.850 0.450 0.120 0.15897495982819151
0.850 0.500 0.120 0.19444143338033526
0.850 0.550 0.120 0.19444143338033526
0.850 0.600 0.120 0.1943422625141563
0.850 0.650 0.120 0.19248524308224693
0.850 0.700 0.120 0.1941660397575529
0.850 0.750 0.120 0.19644355898635651
0.850 0.800 0.120 0.19858283655862788
0.850 0.850 0.120 0.19858283655862788
0.850 0.900 0.120 0.19858283655862788
0.850 0.950 0.120 0.1852674923265129
0.850 1.000 0.120 0.1852674923265129
0.900 0.050 0.120 0.12303035057521278
0.900 0.100 0.120 0.1399093913956951
0.900 0.150 0.120 0.14897439858367456
0.900 0.200 0.120 0.1535322875459748
0.900 0.250 0.120 0.15892616968953122
0.900 0.300 0.120 0.1589261703036249
0.900 0.350 0.120 0.1589071381554573
0.900 0.400 0.120 0.15895934918864665
0.900 0.450 0.120 0.15897495982819151
0.900 0.500 0.120 0.19444143338033526
0.900 0.550 0.120 0.19444143338033526
0.900 0.600 0.120 0.1943422625141563
0.900 0.650 0.120 0.19248524308224693
0.900 0.700 0.120 0.1941660397575529
0.900 0.750 0.120 0.19644355898635651
0.900 0.800 0.120 0.19858283655862788
0.900 0.850 0.120 0.19858283655862788
0.900 0.900 0.120 0.19858283655862788
0.900 0.950 0.120 0.1852674923265129
0.900 1.000 0.120 0.1852674923265129
0.950 0.050 0.120 0.12085722548087052
0.950 0.100 0.120 0.1374376530066922
0.950 0.150 0.120 0.14675699640150672
0.950 0.200 0.120 0.1623444631325504
0.950 0.250 0.120 0.15803614020864598
0.950 0.300 0.120 0.15803614082243592
0.950 0.350 0.120 0.15804213004791023
0.950 0.400 0.120 0.15812859086794315
0.950 0.450 0.120 0.15813641598503053
0.950 0.500 0.120 0.19179715150747
0.950 0.550 0.120 0.19179715150747
0.950 0.600 0.120 0.19177497199246207
0.950 0.650 0.120 0.1917658601820105
0.950 0.700 0.120 0.193468028503469
0.950 0.750 0.120 0.19563509538525697
0.950 0.800 0.120 0.19576623907962243
0.950 0.850 0.120 0.19576623907962243
0.950 0.900 0.120 0.19576623907962243
0.950 0.950 0.120 0.18245998233787675
0.950 1.000 0.120 0.18245998233787675
1.000 0.050 0.120 0.11875773141061088
1.000 0.100 0.120 0.13635158942640543
1.000 0.150 0.120 0.14645265711811697
1.000 0.200 0.120 0.1620406725717388
1.000 0.250 0.120 0.15781905637863727
1.000 0.300 0.120 0.1578190569924297
1.000 0.350 0.120 0.15782504621790286
1.000 0.400 0.120 0.1579115070379361
1.000 0.450 0.120 0.15791933215502357
1.000 0.500 0.120 0.19354139357841998
1.000 0.550 0.120 0.19354139357841998
1.000 0.600 0.120 0.19351922053652634
1.000 0.650 0.120 0.1916467946335207
1.000 0.700 0.120 0.1912600900098875
1.000 0.750 0.120 0.1933018383586831
1.000 0.800 0.120 0.19576623907962243
1.000 0.850 0.120 0.19576623907962243
1.000 0.900 0.120 0.19576623907962243
1.000 0.950 0.120 0.18245998233787675
1.000 1.000 0.120 0.18245998233787675
