0.050 0.050  102.7
0.050 0.100  111.1
0.050 0.150  105.7
0.050 0.200  106.9
0.050 0.250  109.6
0.050 0.300  109.6
0.050 0.350  118.6
0.050 0.400  119.5
0.050 0.450  119.8
0.050 0.500  99.4
0.050 0.550  99.4
0.050 0.600  99.4
0.050 0.650  100.9
0.050 0.700  103.3
0.050 0.750  105.4
0.050 0.800  106.6
0.050 0.850  106.6
0.050 0.900  107.8
0.050 0.950  109.9
0.050 1.000  114.7
0.100 0.050  117.1
0.100 0.100  118.6
0.100 0.150  120.7
0.100 0.200  122.2
0.100 0.250  124.3
0.100 0.300  124.3
0.100 0.350  126.4
0.100 0.400  127.3
0.100 0.450  127.6
0.100 0.500  110.5
0.100 0.550  110.5
0.100 0.600  111.4
0.100 0.650  115.6
0.100 0.700  118.0
0.100 0.750  119.2
0.100 0.800  121.9
0.100 0.850  121.9
0.100 0.900  121.9
0.100 0.950  124.0
0.100 1.000  126.1
0.150 0.050  117.1
0.150 0.100  118.3
0.150 0.150  119.8
0.150 0.200  121.3
0.150 0.250  125.2
0.150 0.300  125.2
0.150 0.350  126.4
0.150 0.400  127.3
0.150 0.450  127.6
0.150 0.500  109.3
0.150 0.550  109.3
0.150 0.600  109.3
0.150 0.650  113.2
0.150 0.700  115.6
0.150 0.750  117.7
0.150 0.800  118.9
0.150 0.850  118.9
0.150 0.900  118.9
0.150 0.950  121.0
0.150 1.000  123.1
0.200 0.050  115.0
0.200 0.100  117.4
0.200 0.150  117.7
0.200 0.200  119.2
0.200 0.250  125.2
0.200 0.300  125.2
0.200 0.350  126.4
0.200 0.400  127.3
0.200 0.450  127.6
0.200 0.500  109.9
0.200 0.550  109.9
0.200 0.600  109.9
0.200 0.650  113.8
0.200 0.700  116.2
0.200 0.750  118.3
0.200 0.800  119.5
0.200 0.850  119.5
0.200 0.900  119.5
0.200 0.950  121.6
0.200 1.000  123.7
0.250 0.050  118.9
0.250 0.100  120.7
0.250 0.150  122.5
0.250 0.200  124.0
0.250 0.250  124.9
0.250 0.300  125.2
0.250 0.350  128.5
0.250 0.400  129.4
0.250 0.450  129.7
0.250 0.500  110.5
0.250 0.550  110.5
0.250 0.600  110.5
0.250 0.650  114.4
0.250 0.700  116.8
0.250 0.750  118.9
0.250 0.800  120.1
0.250 0.850  120.1
0.250 0.900  120.1
0.250 0.950  122.2
0.250 1.000  124.3
0.300 0.050  117.7
0.300 0.100  119.5
0.300 0.150  121.3
0.300 0.200  122.8
0.300 0.250  124.9
0.300 0.300  125.2
0.300 0.350  128.5
0.300 0.400  129.4
0.300 0.450  129.7
0.300 0.500  110.5
0.300 0.550  110.5
0.300 0.600  110.5
0.300 0.650  114.4
0.300 0.700  116.8
0.300 0.750  118.9
0.300 0.800  120.1
0.300 0.850  120.1
0.300 0.900  120.1
0.300 0.950  120.1
0.300 1.000  122.2
0.350 0.050  117.7
0.350 0.100  118.9
0.350 0.150  121.3
0.350 0.200  122.8
0.350 0.250  124.9
0.350 0.300  125.2
0.350 0.350  128.5
0.350 0.400  129.4
0.350 0.450  129.7
0.350 0.500  110.8
0.350 0.550  110.8
0.350 0.600  110.8
0.350 0.650  114.7
0.350 0.700  117.1
0.350 0.750  119.2
0.350 0.800  120.4
0.350 0.850  120.4
0.350 0.900  120.4
0.350 0.950  122.5
0.350 1.000  124.6
0.400 0.050  117.7
0.400 0.100  118.9
0.400 0.150  121.3
0.400 0.200  122.5
0.400 0.250  126.1
0.400 0.300  126.4
0.400 0.350  129.7
0.400 0.400  130.0
0.400 0.450  130.3
0.400 0.500  110.8
0.400 0.550  110.8
0.400 0.600  110.8
0.400 0.650  114.7
0.400 0.700  117.1
0.400 0.750  119.2
0.400 0.800  120.4
0.400 0.850  120.4
0.400 0.900  120.4
0.400 0.950  122.5
0.400 1.000  124.6
0.450 0.050  93.1
0.450 0.100  94.6
0.450 0.150  97.6
0.450 0.200  100.9
0.450 0.250  105.4
0.450 0.300  105.7
0.450 0.350  109.0
0.450 0.400  112.6
0.450 0.450  112.9
0.450 0.500  95.8
0.450 0.550  95.8
0.450 0.600  95.8
0.450 0.650  98.8
0.450 0.700  103.0
0.450 0.750  103.3
0.450 0.800  106.6
0.450 0.850  106.6
0.450 0.900  106.6
0.450 0.950  97.6
0.450 1.000  101.8
0.500 0.050  93.1
0.500 0.100  94.6
0.500 0.150  97.6
0.500 0.200  100.9
0.500 0.250  105.4
0.500 0.300  105.7
0.500 0.350  109.0
0.500 0.400  112.6
0.500 0.450  112.9
0.500 0.500  95.8
0.500 0.550  95.8
0.500 0.600  95.8
0.500 0.650  98.8
0.500 0.700  103.0
0.500 0.750  103.3
0.500 0.800  106.6
0.500 0.850  106.6
0.500 0.900  106.6
0.500 0.950  107.8
0.500 1.000  112.0
0.550 0.050  94.3
0.550 0.100  95.8
0.550 0.150  99.1
0.550 0.200  102.4
0.550 0.250  109.3
0.550 0.300  110.5
0.550 0.350  109.0
0.550 0.400  112.6
0.550 0.450  112.9
0.550 0.500  95.8
0.550 0.550  95.8
0.550 0.600  95.8
0.550 0.650  98.8
0.550 0.700  103.0
0.550 0.750  103.3
0.550 0.800  106.6
0.550 0.850  106.6
0.550 0.900  106.6
0.550 0.950  107.8
0.550 1.000  112.0
0.600 0.050  95.5
0.600 0.100  95.2
0.600 0.150  102.1
0.600 0.200  103.3
0.600 0.250  109.3
0.600 0.300  110.5
0.600 0.350  109.0
0.600 0.400  112.6
0.600 0.450  112.9
0.600 0.500  101.8
0.600 0.550  101.8
0.600 0.600  102.1
0.600 0.650  105.1
0.600 0.700  109.3
0.600 0.750  110.8
0.600 0.800  112.0
0.600 0.850  112.0
0.600 0.900  112.0
0.600 0.950  116.8
0.600 1.000  118.9
0.650 0.050  94.0
0.650 0.100  95.5
0.650 0.150  99.7
0.650 0.200  103.0
0.650 0.250  107.5
0.650 0.300  108.7
0.650 0.350  107.2
0.650 0.400  110.5
0.650 0.450  110.8
0.650 0.500  91.3
0.650 0.550  91.3
0.650 0.600  91.6
0.650 0.650  94.6
0.650 0.700  98.8
0.650 0.750  100.3
0.650 0.800  101.5
0.650 0.850  101.5
0.650 0.900  101.5
0.650 0.950  100.6
0.650 1.000  102.7
0.700 0.050  94.0
0.700 0.100  95.5
0.700 0.150  99.7
0.700 0.200  103.0
0.700 0.250  107.5
0.700 0.300  108.7
0.700 0.350  105.1
0.700 0.400  108.4
0.700 0.450  108.7
0.700 0.500  91.3
0.700 0.550  91.3
0.700 0.600  91.6
0.700 0.650  94.6
0.700 0.700  98.8
0.700 0.750  100.3
0.700 0.800  101.5
0.700 0.850  101.5
0.700 0.900  101.5
0.700 0.950  100.6
0.700 1.000  102.7
0.750 0.050  94.0
0.750 0.100  95.5
0.750 0.150  98.2
0.750 0.200  100.0
0.750 0.250  104.5
0.750 0.300  104.8
0.750 0.350  105.1
0.750 0.400  106.3
0.750 0.450  106.6
0.750 0.500  88.0
0.750 0.550  88.0
0.750 0.600  101.5
0.750 0.650  104.5
0.750 0.700  108.7
0.750 0.750  110.2
0.750 0.800  111.4
0.750 0.850  111.4
0.750 0.900  111.4
0.750 0.950  103.3
0.750 1.000  105.4
0.800 0.050  94.0
0.800 0.100  95.5
0.800 0.150  98.2
0.800 0.200  100.0
0.800 0.250  104.5
0.800 0.300  104.8
0.800 0.350  105.1
0.800 0.400  106.3
0.800 0.450  106.6
0.800 0.500  93.1
0.800 0.550  93.1
0.800 0.600  102.7
0.800 0.650  107.8
0.800 0.700  112.0
0.800 0.750  113.5
0.800 0.800  114.7
0.800 0.850  114.7
0.800 0.900  114.7
0.800 0.950  106.6
0.800 1.000  108.7
0.850 0.050  94.9
0.850 0.100  96.7
0.850 0.150  100.3
0.850 0.200  102.1
0.850 0.250  106.0
0.850 0.300  106.3
0.850 0.350  106.6
0.850 0.400  109.9
0.850 0.450  110.2
0.850 0.500  95.2
0.850 0.550  95.2
0.850 0.600  107.2
0.850 0.650  110.2
0.850 0.700  114.4
0.850 0.750  115.9
0.850 0.800  119.8
0.850 0.850  119.8
0.850 0.900  119.8
0.850 0.950  111.7
0.850 1.000  113.8
0.900 0.050  94.9
0.900 0.100  96.7
0.900 0.150  100.3
0.900 0.200  102.1
0.900 0.250  106.0
0.900 0.300  106.3
0.900 0.350  106.6
0.900 0.400  109.9
0.900 0.450  110.2
0.900 0.500  95.2
0.900 0.550  95.2
0.900 0.600  107.2
0.900 0.650  110.2
0.900 0.700  114.4
0.900 0.750  115.9
0.900 0.800  119.8
0.900 0.850  119.8
0.900 0.900  119.8
0.900 0.950  111.7
0.900 1.000  113.8
0.950 0.050  95.5
0.950 0.100  97.3
0.950 0.150  100.3
0.950 0.200  102.1
0.950 0.250  107.5
0.950 0.300  107.8
0.950 0.350  108.1
0.950 0.400  111.4
0.950 0.450  111.7
0.950 0.500  106.3
0.950 0.550  106.3
0.950 0.600  107.2
0.950 0.650  110.2
0.950 0.700  114.4
0.950 0.750  115.9
0.950 0.800  119.8
0.950 0.850  119.8
0.950 0.900  119.8
0.950 0.950  111.7
0.950 1.000  113.8
1.000 0.050  95.5
1.000 0.100  97.3
1.000 0.150  100.3
1.000 0.200  102.1
1.000 0.250  107.5
1.000 0.300  107.8
1.000 0.350  108.1
1.000 0.400  111.4
1.000 0.450  111.7
1.000 0.500  108.4
1.000 0.550  108.4
1.000 0.600  109.3
1.000 0.650  112.3
1.000 0.700  116.5
1.000 0.750  118.0
1.000 0.800  121.9
1.000 0.850  121.9
1.000 0.900  121.9
1.000 0.950  113.8
1.000 1.000  117.1
