0.050 0.050 0.080 11.22891970185875
0.050 0.100 0.080 11.22891970185875
0.050 0.150 0.080 11.222571401224751
0.050 0.200 0.080 11.220674821713637
0.050 0.250 0.080 11.220089301225613
0.050 0.300 0.080 11.21194643483884
0.050 0.350 0.080 11.21194643483884
0.050 0.400 0.080 11.202190900702455
0.050 0.450 0.080 11.174146604732748
0.050 0.500 0.080 11.174146604732748
0.050 0.550 0.080 11.174146604732748
0.050 0.600 0.080 11.159976134471169
0.050 0.650 0.080 11.159976134471169
0.050 0.700 0.080 11.159976134471169
0.050 0.750 0.080 11.159965984529764
0.050 0.800 0.080 11.15701022484687
0.050 0.850 0.080 11.14300459727448
0.050 0.900 0.080 11.14300459727448
0.050 0.950 0.080 11.14300459727448
0.050 1.000 0.080 11.13114812866612
0.100 0.050 0.080 11.230532285225788
0.100 0.100 0.080 11.230532285225788
0.100 0.150 0.080 11.22391455215179
0.100 0.200 0.080 11.223802410510839
0.100 0.250 0.080 11.223215596824407
0.100 0.300 0.080 11.217108064740547
0.100 0.350 0.080 11.217108064740547
0.100 0.400 0.080 11.211142176436791
0.100 0.450 0.080 11.18978772700776
0.100 0.500 0.080 11.18978772700776
0.100 0.550 0.080 11.18978772700776
0.100 0.600 0.080 11.175382823856484
0.100 0.650 0.080 11.175382823856484
0.100 0.700 0.080 11.175382823856484
0.100 0.750 0.080 11.175371978618127
0.100 0.800 0.080 11.17537188202474
0.100 0.850 0.080 11.153862868948647
0.100 0.900 0.080 11.153862868948647
0.100 0.950 0.080 11.153862868948647
0.100 1.000 0.080 11.141868300316663
0.150 0.050 0.080 11.299558120835044
0.150 0.100 0.080 11.299558120835044
0.150 0.150 0.080 11.2995362216107
0.150 0.200 0.080 11.297548192795166
0.150 0.250 0.080 11.296922405382356
0.150 0.300 0.080 11.296922405382356
0.150 0.350 0.080 11.29690398209688
0.150 0.400 0.080 11.291386724961534
0.150 0.450 0.080 11.28680025015842
0.150 0.500 0.080 11.282699756207851
0.150 0.550 0.080 11.216301578930604
0.150 0.600 0.080 11.218181080449082
0.150 0.650 0.080 11.218144611461614
0.150 0.700 0.080 11.217787464384546
0.150 0.750 0.080 11.219790212989196
0.150 0.800 0.080 11.20218557025905
0.150 0.850 0.080 11.23580703257723
0.150 0.900 0.080 11.218185720570983
0.150 0.950 0.080 11.218185720570983
0.150 1.000 0.080 11.19116228009132
0.200 0.050 0.080 11.288372486727233
0.200 0.100 0.080 11.288372486727233
0.200 0.150 0.080 11.288350737393504
0.200 0.200 0.080 11.28638083378754
0.200 0.250 0.080 11.285761076565269
0.200 0.300 0.080 11.285761076565269
0.200 0.350 0.080 11.285742768963694
0.200 0.400 0.080 11.280281785942883
0.200 0.450 0.080 11.275736462046986
0.200 0.500 0.080 11.275736437950325
0.200 0.550 0.080 11.207181981726531
0.200 0.600 0.080 11.212392827578501
0.200 0.650 0.080 11.212356426750073
0.200 0.700 0.080 11.21200116842078
0.200 0.750 0.080 11.212438599609813
0.200 0.800 0.080 11.20218557025905
0.200 0.850 0.080 11.23580703257723
0.200 0.900 0.080 11.218185720570983
0.200 0.950 0.080 11.218185720570983
0.200 1.000 0.080 11.19116228009132
0.250 0.050 0.080 11.304766254233385
0.250 0.100 0.080 11.304766254233385
0.250 0.150 0.080 11.304766254233385
0.250 0.200 0.080 11.302774022156047
0.250 0.250 0.080 11.302145804624594
0.250 0.300 0.080 11.302145804624594
0.250 0.350 0.080 11.30212797808716
0.250 0.400 0.080 11.296565751490178
0.250 0.450 0.080 11.26896540634084
0.250 0.500 0.080 11.268965383012404
0.250 0.550 0.080 11.19964849890808
0.250 0.600 0.080 11.20507367156538
0.250 0.650 0.080 11.205037314467894
0.250 0.700 0.080 11.204434307157522
0.250 0.750 0.080 11.204871453367154
0.250 0.800 0.080 11.194765347208108
0.250 0.850 0.080 11.228155200663098
0.250 0.900 0.080 11.2106648079645
0.250 0.950 0.080 11.2106648079645
0.250 1.000 0.080 11.183842712337672
0.300 0.050 0.080 11.297694461922564
0.300 0.100 0.080 11.297694461922564
0.300 0.150 0.080 11.297694461922564
0.300 0.200 0.080 11.295714630094267
0.300 0.250 0.080 11.29508964213548
0.300 0.300 0.080 11.29508964213548
0.300 0.350 0.080 11.295035398999085
0.300 0.400 0.080 11.2895101536662
0.300 0.450 0.080 11.26207923983462
0.300 0.500 0.080 11.262079216506185
0.300 0.550 0.080 11.19323182971089
0.300 0.600 0.080 11.198624498755699
0.300 0.650 0.080 11.198624498755699
0.300 0.700 0.080 11.198024271427194
0.300 0.750 0.080 11.198462080670346
0.300 0.800 0.080 11.188412551994233
0.300 0.850 0.080 11.221555182048442
0.300 0.900 0.080 11.20041649122839
0.300 0.950 0.080 11.200404020354982
0.300 1.000 0.080 11.173863335759533
0.350 0.050 0.080 11.298443225158657
0.350 0.100 0.080 11.298443225158657
0.350 0.150 0.080 11.298443225158657
0.350 0.200 0.080 11.298407501883478
0.350 0.250 0.080 11.297777690006903
0.350 0.300 0.080 11.26591528787388
0.350 0.350 0.080 11.265896295294295
0.350 0.400 0.080 11.260483564955257
0.350 0.450 0.080 11.260124402400438
0.350 0.500 0.080 11.260124380224338
0.350 0.550 0.080 11.153294727414588
0.350 0.600 0.080 11.15095989219931
0.350 0.650 0.080 11.15095989219931
0.350 0.700 0.080 11.150386936432486
0.350 0.750 0.080 11.163308572379602
0.350 0.800 0.080 11.139003416801451
0.350 0.850 0.080 11.223096730104135
0.350 0.900 0.080 11.200974770826077
0.350 0.950 0.080 11.200974770826077
0.350 1.000 0.080 11.174275476129939
0.400 0.050 0.080 11.230265313009948
0.400 0.100 0.080 11.230265313009948
0.400 0.150 0.080 11.230265313009948
0.400 0.200 0.080 11.230218816153293
0.400 0.250 0.080 11.229624615482447
0.400 0.300 0.080 11.190938680466129
0.400 0.350 0.080 11.190917570881435
0.400 0.400 0.080 11.185865876723827
0.400 0.450 0.080 11.185525855461503
0.400 0.500 0.080 11.1855258332854
0.400 0.550 0.080 11.105051148519177
0.400 0.600 0.080 11.102806857459488
0.400 0.650 0.080 11.102806857459488
0.400 0.700 0.080 11.102259215633392
0.400 0.750 0.080 11.114675951162532
0.400 0.800 0.080 11.097397830415243
0.400 0.850 0.080 11.202144157235576
0.400 0.900 0.080 11.202144157235576
0.400 0.950 0.080 11.202144157235576
0.400 1.000 0.080 11.175417882554408
0.450 0.050 0.080 11.230264007412739
0.450 0.100 0.080 11.230264007412739
0.450 0.150 0.080 11.230264007412739
0.450 0.200 0.080 11.230217510556084
0.450 0.250 0.080 11.229623309885241
0.450 0.300 0.080 11.19093753228989
0.450 0.350 0.080 11.190916422705193
0.450 0.400 0.080 11.18586473134304
0.450 0.450 0.080 11.18552471022784
0.450 0.500 0.080 11.185524688051737
0.450 0.550 0.080 11.105049900063277
0.450 0.600 0.080 11.10280561032775
0.450 0.650 0.080 11.10280561032775
0.450 0.700 0.080 11.102257968795909
0.450 0.750 0.080 11.114674728962097
0.450 0.800 0.080 11.097396529339612
0.450 0.850 0.080 11.154984652801648
0.450 0.900 0.080 11.154984652801648
0.450 0.950 0.080 11.154984652801648
0.450 1.000 0.080 11.129423010292108
0.500 0.050 0.080 11.255529580585902
0.500 0.100 0.080 11.255529580585902
0.500 0.150 0.080 11.255529580585902
0.500 0.200 0.080 11.255483082823236
0.500 0.250 0.080 11.254875449576902
0.500 0.300 0.080 11.215272350919193
0.500 0.350 0.080 11.215251245437694
0.500 0.400 0.080 11.208859692099228
0.500 0.450 0.080 11.185521371769758
0.500 0.500 0.080 11.185520682680021
0.500 0.550 0.080 11.105049900063277
0.500 0.600 0.080 11.10280561032775
0.500 0.650 0.080 11.10280561032775
0.500 0.700 0.080 11.102257968795909
0.500 0.750 0.080 11.114674728962097
0.500 0.800 0.080 11.097396529339612
0.500 0.850 0.080 11.154984652801648
0.500 0.900 0.080 11.154984652801648
0.500 0.950 0.080 11.154984652801648
0.500 1.000 0.080 11.129423010292108
0.550 0.050 0.080 11.292046166398755
0.550 0.100 0.080 11.292046166398755
0.550 0.150 0.080 11.274673325355266
0.550 0.200 0.080 11.272706688790938
0.550 0.250 0.080 11.272091077355746
0.550 0.300 0.080 11.24001590160665
0.550 0.350 0.080 11.24001590160665
0.550 0.400 0.080 11.23348591141817
0.550 0.450 0.080 11.207599090727369
0.550 0.500 0.080 11.207598401637629
0.550 0.550 0.080 11.11842015547738
0.550 0.600 0.080 11.116181311425045
0.550 0.650 0.080 11.116181311425045
0.550 0.700 0.080 11.113067596323628
0.550 0.750 0.080 11.115106963341821
0.550 0.800 0.080 11.108152890729112
0.550 0.850 0.080 11.172844483665763
0.550 0.900 0.080 11.172844483665763
0.550 0.950 0.080 11.166343560225243
0.550 1.000 0.080 11.140538319629492
0.600 0.050 0.080 11.252548116993442
0.600 0.100 0.080 11.252548116993442
0.600 0.150 0.080 11.237439623949069
0.600 0.200 0.080 11.235535532131923
0.600 0.250 0.080 11.234940248559415
0.600 0.300 0.080 11.203958853837435
0.600 0.350 0.080 11.203958853837435
0.600 0.400 0.080 11.198881512356056
0.600 0.450 0.080 11.196505194877762
0.600 0.500 0.080 11.19650454178018
0.600 0.550 0.080 11.118420168705448
0.600 0.600 0.080 11.116181301372162
0.600 0.650 0.080 11.116181301372162
0.600 0.700 0.080 11.113067584919873
0.600 0.750 0.080 11.115106963341821
0.600 0.800 0.080 11.108152890729112
0.600 0.850 0.080 11.172844483665763
0.600 0.900 0.080 11.172844483665763
0.600 0.950 0.080 11.166343560225243
0.600 1.000 0.080 11.140538319629492
0.650 0.050 0.080 11.212064119046333
0.650 0.100 0.080 11.212064119046333
0.650 0.150 0.080 11.212064119046333
0.650 0.200 0.080 11.195599564347125
0.650 0.250 0.080 11.19502570938521
0.650 0.300 0.080 11.165205131552925
0.650 0.350 0.080 11.165205131552925
0.650 0.400 0.080 11.16034004265066
0.650 0.450 0.080 11.154246133673034
0.650 0.500 0.080 11.154245220221085
0.650 0.550 0.080 11.079650716793587
0.650 0.600 0.080 11.077496221094512
0.650 0.650 0.080 11.077494588435506
0.650 0.700 0.080 11.068320080994571
0.650 0.750 0.080 11.067465850180598
0.650 0.800 0.080 11.06242418756076
0.650 0.850 0.080 11.122446081668944
0.650 0.900 0.080 11.122446081668944
0.650 0.950 0.080 11.116251379974305
0.650 1.000 0.080 11.094515952190651
0.700 0.050 0.080 11.212062150645423
0.700 0.100 0.080 11.212062150645423
0.700 0.150 0.080 11.212062150645423
0.700 0.200 0.080 11.195597595946214
0.700 0.250 0.080 11.195023740984299
0.700 0.300 0.080 11.165203163152015
0.700 0.350 0.080 11.165203163152015
0.700 0.400 0.080 11.160337745608032
0.700 0.450 0.080 11.15424400729003
0.700 0.500 0.080 11.15424221644997
0.700 0.550 0.080 11.09175766641737
0.700 0.600 0.080 11.089793465934736
0.700 0.650 0.080 11.089792686269973
0.700 0.700 0.080 11.068320080994571
0.700 0.750 0.080 11.067465850180598
0.700 0.800 0.080 11.06242418756076
0.700 0.850 0.080 11.122446081668944
0.700 0.900 0.080 11.122446081668944
0.700 0.950 0.080 11.116251379974305
0.700 1.000 0.080 11.094515952190651
0.750 0.050 0.080 11.212062150645423
0.750 0.100 0.080 11.212062150645423
0.750 0.150 0.080 11.212062150645423
0.750 0.200 0.080 11.195597595946214
0.750 0.250 0.080 11.195023740984299
0.750 0.300 0.080 11.165203163152015
0.750 0.350 0.080 11.165203163152015
0.750 0.400 0.080 11.160337745608032
0.750 0.450 0.080 11.15424400729003
0.750 0.500 0.080 11.1595742246536
0.750 0.550 0.080 11.09175751973433
0.750 0.600 0.080 11.089782104939864
0.750 0.650 0.080 11.089781323286402
0.750 0.700 0.080 11.064076533187428
0.750 0.750 0.080 11.063760086252447
0.750 0.800 0.080 11.05909959598278
0.750 0.850 0.080 11.118556842978167
0.750 0.900 0.080 11.118556842978167
0.750 0.950 0.080 11.11238758180815
0.750 1.000 0.080 11.090744338799313
0.800 0.050 0.080 11.329763747314377
0.800 0.100 0.080 11.329763747314377
0.800 0.150 0.080 11.313391812062617
0.800 0.200 0.080 11.292196786328656
0.800 0.250 0.080 11.292196786328656
0.800 0.300 0.080 11.292165014761082
0.800 0.350 0.080 11.290943701589768
0.800 0.400 0.080 11.28397835986018
0.800 0.450 0.080 11.280724220575049
0.800 0.500 0.080 11.24932921194263
0.800 0.550 0.080 11.145038692809235
0.800 0.600 0.080 11.137406279352636
0.800 0.650 0.080 11.137406279352636
0.800 0.700 0.080 11.126694596805933
0.800 0.750 0.080 11.1276609668574
0.800 0.800 0.080 11.116585537802042
0.800 0.850 0.080 11.152017176803945
0.800 0.900 0.080 11.152017176803945
0.800 0.950 0.080 11.149312289964646
0.800 1.000 0.080 11.137525095650561
0.850 0.050 0.080 11.317919379091059
0.850 0.100 0.080 11.317919379091059
0.850 0.150 0.080 11.302896832961597
0.850 0.200 0.080 11.293488664635984
0.850 0.250 0.080 11.293488664635984
0.850 0.300 0.080 11.293477573141432
0.850 0.350 0.080 11.289379804707552
0.850 0.400 0.080 11.240749504804372
0.850 0.450 0.080 11.23520167480012
0.850 0.500 0.080 11.206773324436485
0.850 0.550 0.080 11.107977012151466
0.850 0.600 0.080 11.100625020438326
0.850 0.650 0.080 11.100625020438326
0.850 0.700 0.080 11.09095943040303
0.850 0.750 0.080 11.09064130772479
0.850 0.800 0.080 11.07993725557488
0.850 0.850 0.080 11.11428315258745
0.850 0.900 0.080 11.11428315258745
0.850 0.950 0.080 11.111670700042769
0.850 1.000 0.080 11.100761585400333
0.900 0.050 0.080 11.272530119409474
0.900 0.100 0.080 11.272530119409474
0.900 0.150 0.080 11.282243329887194
0.900 0.200 0.080 11.272995261952826
0.900 0.250 0.080 11.272995261952826
0.900 0.300 0.080 11.269312339944271
0.900 0.350 0.080 11.261617742917295
0.900 0.400 0.080 11.23537750699036
0.900 0.450 0.080 11.230940747000137
0.900 0.500 0.080 11.210855458921671
0.900 0.550 0.080 11.111651554802602
0.900 0.600 0.080 11.104271883018225
0.900 0.650 0.080 11.104271883018225
0.900 0.700 0.080 11.094500939821295
0.900 0.750 0.080 11.094181940463947
0.900 0.800 0.080 11.083440290205495
0.900 0.850 0.080 11.117886160881888
0.900 0.900 0.080 11.117886160881888
0.900 0.950 0.080 11.111670700042769
0.900 1.000 0.080 11.100761585400333
0.950 0.050 0.080 11.114370261679788
0.950 0.100 0.080 11.114370261679788
0.950 0.150 0.080 11.116356906730406
0.950 0.200 0.080 11.104221213063559
0.950 0.250 0.080 11.101120089535282
0.950 0.300 0.080 11.09800488306237
0.950 0.350 0.080 11.091530903181383
0.950 0.400 0.080 11.07883923904259
0.950 0.450 0.080 11.074328805940164
0.950 0.500 0.080 11.05788262338708
0.950 0.550 0.080 11.023715410328826
0.950 0.600 0.080 11.016712649976318
0.950 0.650 0.080 11.016712649976318
0.950 0.700 0.080 11.009983722720387
0.950 0.750 0.080 11.009979671258098
0.950 0.800 0.080 11.000025374972036
0.950 0.850 0.080 11.012193984672852
0.950 0.900 0.080 11.012193984672852
0.950 0.950 0.080 11.006604520856465
0.950 1.000 0.080 10.997573037711131
1.000 0.050 0.080 11.076227616236011
1.000 0.100 0.080 11.076227616236011
1.000 0.150 0.080 11.085571505233855
1.000 0.200 0.080 11.074374385421734
1.000 0.250 0.080 11.074374385421734
1.000 0.300 0.080 11.051301329642403
1.000 0.350 0.080 11.043571354218995
1.000 0.400 0.080 11.031648188877735
1.000 0.450 0.080 11.027869449622624
1.000 0.500 0.080 11.021828790025776
1.000 0.550 0.080 10.983003450960757
1.000 0.600 0.080 10.976592523205738
1.000 0.650 0.080 10.976592523205738
1.000 0.700 0.080 10.973253940630586
1.000 0.750 0.080 10.97323601296899
1.000 0.800 0.080 10.96581689353362
1.000 0.850 0.080 10.981343989091592
1.000 0.900 0.080 10.981343989091592
1.000 0.950 0.080 10.975946700349901
1.000 1.000 0.080 10.967220319009062
