0.050 0.050 0.7121590529298099
0.050 0.100 0.7121590529298099
0.050 0.150 0.7121590529298099
0.050 0.200 0.7121590529298099
0.050 0.250 0.7121590529298099
0.050 0.300 0.7121590529298099
0.050 0.350 0.7121590529298099
0.050 0.400 0.7120318102780729
0.050 0.450 0.7119045676263361
0.050 0.500 0.7117773249745993
0.050 0.550 0.7117137036487309
0.050 0.600 0.7116500823228624
0.050 0.650 0.711586460996994
0.050 0.700 0.7114592183452572
0.050 0.750 0.7113955970193887
0.050 0.800 0.7113319756935204
0.050 0.850 0.7113319756935204
0.050 0.900 0.7113319756935204
0.050 0.950 0.7113319756935204
0.050 1.000 0.7113319756935204
0.100 0.050 0.7121590529298099
0.100 0.100 0.7121590529298099
0.100 0.150 0.7121590529298099
0.100 0.200 0.7121590529298099
0.100 0.250 0.7121590529298099
0.100 0.300 0.7121590529298099
0.100 0.350 0.7121590529298099
0.100 0.400 0.7120318102780729
0.100 0.450 0.7119045676263361
0.100 0.500 0.7117773249745993
0.100 0.550 0.7117137036487309
0.100 0.600 0.7116500823228624
0.100 0.650 0.711586460996994
0.100 0.700 0.7114592183452572
0.100 0.750 0.7113955970193887
0.100 0.800 0.7113319756935204
0.100 0.850 0.7113319756935204
0.100 0.900 0.7113319756935204
0.100 0.950 0.7113319756935204
0.100 1.000 0.7113319756935204
0.150 0.050 0.7147557742878111
0.150 0.100 0.7147557742878111
0.150 0.150 0.7147557742878111
0.150 0.200 0.7147557742878111
0.150 0.250 0.7147557742878111
0.150 0.300 0.7147557742878111
0.150 0.350 0.7147557742878111
0.150 0.400 0.7146285316360743
0.150 0.450 0.7145012889843374
0.150 0.500 0.7143740463326005
0.150 0.550 0.714310425006732
0.150 0.600 0.714310425006732
0.150 0.650 0.7142468036808637
0.150 0.700 0.7141195610291269
0.150 0.750 0.7140559397032584
0.150 0.800 0.71399231837739
0.150 0.850 0.71399231837739
0.150 0.900 0.71399231837739
0.150 0.950 0.71399231837739
0.150 1.000 0.71399231837739
0.200 0.050 0.7147557742878111
0.200 0.100 0.7147557742878111
0.200 0.150 0.7147557742878111
0.200 0.200 0.7147557742878111
0.200 0.250 0.7147557742878111
0.200 0.300 0.7147557742878111
0.200 0.350 0.7147557742878111
0.200 0.400 0.7146285316360743
0.200 0.450 0.7145012889843374
0.200 0.500 0.7143740463326005
0.200 0.550 0.714310425006732
0.200 0.600 0.714310425006732
0.200 0.650 0.7142468036808637
0.200 0.700 0.7141195610291269
0.200 0.750 0.7140559397032584
0.200 0.800 0.71399231837739
0.200 0.850 0.71399231837739
0.200 0.900 0.71399231837739
0.200 0.950 0.71399231837739
0.200 1.000 0.71399231837739
0.250 0.050 0.7154993237331755
0.250 0.100 0.7154993237331755
0.250 0.150 0.7154993237331755
0.250 0.200 0.7154993237331755
0.250 0.250 0.7154993237331755
0.250 0.300 0.7154993237331755
0.250 0.350 0.7154993237331755
0.250 0.400 0.7153720810814386
0.250 0.450 0.7152448384297017
0.250 0.500 0.7150539744520964
0.250 0.550 0.7149903531262279
0.250 0.600 0.7149267318003596
0.250 0.650 0.7148631104744911
0.250 0.700 0.7146722464968858
0.250 0.750 0.7146086251710173
0.250 0.800 0.714545003845149
0.250 0.850 0.714545003845149
0.250 0.900 0.714545003845149
0.250 0.950 0.714545003845149
0.250 1.000 0.714545003845149
0.300 0.050 0.7150645993790974
0.300 0.100 0.7150645993790974
0.300 0.150 0.7150645993790974
0.300 0.200 0.7150645993790974
0.300 0.250 0.7150645993790974
0.300 0.300 0.7150645993790974
0.300 0.350 0.7150645993790974
0.300 0.400 0.7149374956538386
0.300 0.450 0.7149503592414139
0.300 0.500 0.715225117128123
0.300 0.550 0.7151614958022545
0.300 0.600 0.7150978744763861
0.300 0.650 0.7150342531505177
0.300 0.700 0.7148433891729125
0.300 0.750 0.714779767847044
0.300 0.800 0.7147161465211755
0.300 0.850 0.7147161465211755
0.300 0.900 0.7145571525917488
0.300 0.950 0.7145571525917488
0.300 1.000 0.7145571525917488
0.350 0.050 0.7135863045249713
0.350 0.100 0.7135863045249713
0.350 0.150 0.7135863045249713
0.350 0.200 0.7135863045249713
0.350 0.250 0.7135863045249713
0.350 0.300 0.7135863045249713
0.350 0.350 0.7135863045249713
0.350 0.400 0.7134590618732344
0.350 0.450 0.7132107089171301
0.350 0.500 0.7130198449395249
0.350 0.550 0.712892602287788
0.350 0.600 0.7128292883401295
0.350 0.650 0.712765667014261
0.350 0.700 0.7125748030366558
0.350 0.750 0.7125111817107874
0.350 0.800 0.712447560384919
0.350 0.850 0.7123844062765584
0.350 0.900 0.7123844062765584
0.350 0.950 0.7123844062765584
0.350 1.000 0.7123844062765584
0.400 0.050 0.7135863045249713
0.400 0.100 0.7135863045249713
0.400 0.150 0.7135863045249713
0.400 0.200 0.7135863045249713
0.400 0.250 0.7135863045249713
0.400 0.300 0.7135863045249713
0.400 0.350 0.7135863045249713
0.400 0.400 0.7134590618732344
0.400 0.450 0.7132107089171301
0.400 0.500 0.7130198449395249
0.400 0.550 0.712892602287788
0.400 0.600 0.7128292883401295
0.400 0.650 0.712765667014261
0.400 0.700 0.7125748030366558
0.400 0.750 0.7125111817107874
0.400 0.800 0.712447560384919
0.400 0.850 0.7123844062765584
0.400 0.900 0.7123844062765584
0.400 0.950 0.7123844062765584
0.400 1.000 0.7123844062765584
0.450 0.050 0.7135863045249713
0.450 0.100 0.7135863045249713
0.450 0.150 0.7135863045249713
0.450 0.200 0.7135863045249713
0.450 0.250 0.7135863045249713
0.450 0.300 0.7135863045249713
0.450 0.350 0.7135863045249713
0.450 0.400 0.7134590618732344
0.450 0.450 0.7132107089171301
0.450 0.500 0.7130198449395249
0.450 0.550 0.712892602287788
0.450 0.600 0.7128292883401295
0.450 0.650 0.712765667014261
0.450 0.700 0.7125748030366558
0.450 0.750 0.7125111817107874
0.450 0.800 0.712447560384919
0.450 0.850 0.7123844062765584
0.450 0.900 0.7123844062765584
0.450 0.950 0.7123844062765584
0.450 1.000 0.7123844062765584
0.500 0.050 0.713487902349225
0.500 0.100 0.713487902349225
0.500 0.150 0.713487902349225
0.500 0.200 0.713487902349225
0.500 0.250 0.713487902349225
0.500 0.300 0.713487902349225
0.500 0.350 0.713487902349225
0.500 0.400 0.7133606596974882
0.500 0.450 0.7131123303065271
0.500 0.500 0.7129214663289218
0.500 0.550 0.7127942236771849
0.500 0.600 0.7127309098584911
0.500 0.650 0.7126672885326227
0.500 0.700 0.7124764245550175
0.500 0.750 0.712412803229149
0.500 0.800 0.7123491819032806
0.500 0.850 0.7122860279878092
0.500 0.900 0.7122860279878092
0.500 0.950 0.7122860279878092
0.500 1.000 0.7122860279878092
0.550 0.050 0.713487902349225
0.550 0.100 0.713487902349225
0.550 0.150 0.713487902349225
0.550 0.200 0.713487902349225
0.550 0.250 0.713487902349225
0.550 0.300 0.713487902349225
0.550 0.350 0.713487902349225
0.550 0.400 0.7133606596974882
0.550 0.450 0.7131123303065271
0.550 0.500 0.7129214663289218
0.550 0.550 0.7127942236771849
0.550 0.600 0.7127309098584911
0.550 0.650 0.7126672885326227
0.550 0.700 0.7124764245550175
0.550 0.750 0.712412803229149
0.550 0.800 0.7123491819032806
0.550 0.850 0.7122860279878092
0.550 0.900 0.7122860279878092
0.550 0.950 0.7122860279878092
0.550 1.000 0.7122860279878092
0.600 0.050 0.713487902349225
0.600 0.100 0.713487902349225
0.600 0.150 0.713487902349225
0.600 0.200 0.713487902349225
0.600 0.250 0.713487902349225
0.600 0.300 0.713487902349225
0.600 0.350 0.713487902349225
0.600 0.400 0.7133606596974882
0.600 0.450 0.7131123303065271
0.600 0.500 0.7129214663289218
0.600 0.550 0.7127942236771849
0.600 0.600 0.7127309098584911
0.600 0.650 0.7126672885326227
0.600 0.700 0.7124764245550175
0.600 0.750 0.712412803229149
0.600 0.800 0.7123491819032806
0.600 0.850 0.7122860279878092
0.600 0.900 0.7122860279878092
0.600 0.950 0.7122860279878092
0.600 1.000 0.7122860279878092
0.650 0.050 0.7135992249133187
0.650 0.100 0.7135992249133187
0.650 0.150 0.7135992249133187
0.650 0.200 0.7135992249133187
0.650 0.250 0.7135992249133187
0.650 0.300 0.7135992249133187
0.650 0.350 0.7135992249133187
0.650 0.400 0.7134719822615818
0.650 0.450 0.713223501329581
0.650 0.500 0.7130326373519758
0.650 0.550 0.7129053947002388
0.650 0.600 0.7128420249672932
0.650 0.650 0.7127784036414249
0.650 0.700 0.7125875396638195
0.650 0.750 0.712523918337951
0.650 0.800 0.7124602970120826
0.650 0.850 0.7123970621104767
0.650 0.900 0.7123970621104767
0.650 0.950 0.7123970621104767
0.650 1.000 0.7123970621104767
0.700 0.050 0.7136485846117446
0.700 0.100 0.7136485846117446
0.700 0.150 0.7136485846117446
0.700 0.200 0.7136485846117446
0.700 0.250 0.7136485846117446
0.700 0.300 0.7136485846117446
0.700 0.350 0.7136485846117446
0.700 0.400 0.7135213419600078
0.700 0.450 0.7132728645399105
0.700 0.500 0.7130820005623052
0.700 0.550 0.7129547579105684
0.700 0.600 0.7128914000657172
0.700 0.650 0.7128277787398488
0.700 0.700 0.7126369147622436
0.700 0.750 0.7125732934363751
0.700 0.800 0.7125096721105066
0.700 0.850 0.7124464502850536
0.700 0.900 0.7124464502850536
0.700 0.950 0.7124464502850536
0.700 1.000 0.7124464502850536
0.750 0.050 0.7139589512939317
0.750 0.100 0.7139589512939317
0.750 0.150 0.7139589512939317
0.750 0.200 0.7139589512939317
0.750 0.250 0.7139589512939317
0.750 0.300 0.7139589512939317
0.750 0.350 0.7139589512939317
0.750 0.400 0.7138317086421948
0.750 0.450 0.7135772233387212
0.750 0.500 0.7133863593611158
0.750 0.550 0.7132591167093789
0.750 0.600 0.7131954953835105
0.750 0.650 0.7131318740576421
0.750 0.700 0.7129410100800369
0.750 0.750 0.7128773887541684
0.750 0.800 0.7128137674282999
0.750 0.850 0.7127501461024315
0.750 0.900 0.7127501461024315
0.750 0.950 0.7127501461024315
0.750 1.000 0.7127501461024315
0.800 0.050 0.7140417822863978
0.800 0.100 0.7140417822863978
0.800 0.150 0.7140417822863978
0.800 0.200 0.7140417822863978
0.800 0.250 0.7140417822863978
0.800 0.300 0.7140417822863978
0.800 0.350 0.7140417822863978
0.800 0.400 0.7139145396346609
0.800 0.450 0.7136600543311872
0.800 0.500 0.7136600531848643
0.800 0.550 0.7135328105331274
0.800 0.600 0.7134691892072591
0.800 0.650 0.7134055678813906
0.800 0.700 0.7132147039037853
0.800 0.750 0.7131510825779168
0.800 0.800 0.7130874612520485
0.800 0.850 0.71302383992618
0.800 0.900 0.7129602186003117
0.800 0.950 0.7129602186003117
0.800 1.000 0.7129602186003117
0.850 0.050 0.7139009627760967
0.850 0.100 0.7139009627760967
0.850 0.150 0.7139009627760967
0.850 0.200 0.7139009627760967
0.850 0.250 0.7139009627760967
0.850 0.300 0.7139009627760967
0.850 0.350 0.7139009627760967
0.850 0.400 0.7137737201243599
0.850 0.450 0.7135192348208861
0.850 0.500 0.7135192336745633
0.850 0.550 0.7133919910228264
0.850 0.600 0.713328369696958
0.850 0.650 0.7132647483710896
0.850 0.700 0.7130738843934843
0.850 0.750 0.7130102630676158
0.850 0.800 0.7129466417417474
0.850 0.850 0.7128830204158789
0.850 0.900 0.7128193990900106
0.850 0.950 0.7128193990900106
0.850 1.000 0.7128193990900106
0.900 0.050 0.7139009627760967
0.900 0.100 0.7139009627760967
0.900 0.150 0.7139009627760967
0.900 0.200 0.7139009627760967
0.900 0.250 0.7139009627760967
0.900 0.300 0.7139009627760967
0.900 0.350 0.7139009627760967
0.900 0.400 0.7137737201243599
0.900 0.450 0.7135192348208861
0.900 0.500 0.7135192336745633
0.900 0.550 0.7133919910228264
0.900 0.600 0.713328369696958
0.900 0.650 0.7132647483710896
0.900 0.700 0.7130738843934843
0.900 0.750 0.7130102630676158
0.900 0.800 0.7129466417417474
0.900 0.850 0.7128830204158789
0.900 0.900 0.7128193990900106
0.900 0.950 0.7128193990900106
0.900 1.000 0.7128193990900106
0.950 0.050 0.7139009627760967
0.950 0.100 0.7139009627760967
0.950 0.150 0.7139009627760967
0.950 0.200 0.7139009627760967
0.950 0.250 0.7139009627760967
0.950 0.300 0.7139009627760967
0.950 0.350 0.7139009627760967
0.950 0.400 0.7137737201243599
0.950 0.450 0.7135192348208861
0.950 0.500 0.7135192336745633
0.950 0.550 0.7133919910228264
0.950 0.600 0.713328369696958
0.950 0.650 0.7132647483710896
0.950 0.700 0.7130738843934843
0.950 0.750 0.7130102630676158
0.950 0.800 0.7129466417417474
0.950 0.850 0.7128830204158789
0.950 0.900 0.7128193990900106
0.950 0.950 0.7128193990900106
0.950 1.000 0.7128193990900106
1.000 0.050 0.7139009627760967
1.000 0.100 0.7139009627760967
1.000 0.150 0.7139009627760967
1.000 0.200 0.7139009627760967
1.000 0.250 0.7139009627760967
1.000 0.300 0.7139009627760967
1.000 0.350 0.7139009627760967
1.000 0.400 0.7137737201243599
1.000 0.450 0.7135192348208861
1.000 0.500 0.7135192336745633
1.000 0.550 0.7133919910228264
1.000 0.600 0.713328369696958
1.000 0.650 0.7132647483710896
1.000 0.700 0.7130738843934843
1.000 0.750 0.7130102630676158
1.000 0.800 0.7129466417417474
1.000 0.850 0.7128830204158789
1.000 0.900 0.7128193990900106
1.000 0.950 0.7128193990900106
1.000 1.000 0.7128193990900106
