0.050 0.050 168.0
0.050 0.100 168.0
0.050 0.150 168.0
0.050 0.200 168.0
0.050 0.250 168.0
0.050 0.300 168.0
0.050 0.350 168.0
0.050 0.400 170.0
0.050 0.450 172.0
0.050 0.500 174.0
0.050 0.550 175.0
0.050 0.600 176.0
0.050 0.650 177.0
0.050 0.700 179.0
0.050 0.750 180.0
0.050 0.800 181.0
0.050 0.850 181.0
0.050 0.900 181.0
0.050 0.950 181.0
0.050 1.000 181.0
0.100 0.050 168.0
0.100 0.100 168.0
0.100 0.150 168.0
0.100 0.200 168.0
0.100 0.250 168.0
0.100 0.300 168.0
0.100 0.350 168.0
0.100 0.400 170.0
0.100 0.450 172.0
0.100 0.500 174.0
0.100 0.550 175.0
0.100 0.600 176.0
0.100 0.650 177.0
0.100 0.700 179.0
0.100 0.750 180.0
0.100 0.800 181.0
0.100 0.850 181.0
0.100 0.900 181.0
0.100 0.950 181.0
0.100 1.000 181.0
0.150 0.050 173.0
0.150 0.100 173.0
0.150 0.150 173.0
0.150 0.200 173.0
0.150 0.250 173.0
0.150 0.300 173.0
0.150 0.350 173.0
0.150 0.400 175.0
0.150 0.450 177.0
0.150 0.500 179.0
0.150 0.550 180.0
0.150 0.600 180.0
0.150 0.650 181.0
0.150 0.700 183.0
0.150 0.750 184.0
0.150 0.800 185.0
0.150 0.850 185.0
0.150 0.900 185.0
0.150 0.950 185.0
0.150 1.000 185.0
0.200 0.050 173.0
0.200 0.100 173.0
0.200 0.150 173.0
0.200 0.200 173.0
0.200 0.250 173.0
0.200 0.300 173.0
0.200 0.350 173.0
0.200 0.400 175.0
0.200 0.450 177.0
0.200 0.500 179.0
0.200 0.550 180.0
0.200 0.600 180.0
0.200 0.650 181.0
0.200 0.700 183.0
0.200 0.750 184.0
0.200 0.800 185.0
0.200 0.850 185.0
0.200 0.900 185.0
0.200 0.950 185.0
0.200 1.000 185.0
0.250 0.050 179.0
0.250 0.100 179.0
0.250 0.150 179.0
0.250 0.200 179.0
0.250 0.250 179.0
0.250 0.300 179.0
0.250 0.350 179.0
0.250 0.400 181.0
0.250 0.450 183.0
0.250 0.500 186.0
0.250 0.550 187.0
0.250 0.600 188.0
0.250 0.650 189.0
0.250 0.700 192.0
0.250 0.750 193.0
0.250 0.800 194.0
0.250 0.850 194.0
0.250 0.900 194.0
0.250 0.950 194.0
0.250 1.000 194.0
0.300 0.050 180.0
0.300 0.100 180.0
0.300 0.150 180.0
0.300 0.200 180.0
0.300 0.250 180.0
0.300 0.300 180.0
0.300 0.350 180.0
0.300 0.400 182.0
0.300 0.450 184.0
0.300 0.500 185.0
0.300 0.550 186.0
0.300 0.600 187.0
0.300 0.650 188.0
0.300 0.700 191.0
0.300 0.750 192.0
0.300 0.800 193.0
0.300 0.850 193.0
0.300 0.900 194.0
0.300 0.950 194.0
0.300 1.000 194.0
0.350 0.050 143.0
0.350 0.100 143.0
0.350 0.150 143.0
0.350 0.200 143.0
0.350 0.250 143.0
0.350 0.300 143.0
0.350 0.350 143.0
0.350 0.400 145.0
0.350 0.450 149.0
0.350 0.500 152.0
0.350 0.550 154.0
0.350 0.600 155.0
0.350 0.650 156.0
0.350 0.700 159.0
0.350 0.750 160.0
0.350 0.800 161.0
0.350 0.850 162.0
0.350 0.900 162.0
0.350 0.950 162.0
0.350 1.000 162.0
0.400 0.050 143.0
0.400 0.100 143.0
0.400 0.150 143.0
0.400 0.200 143.0
0.400 0.250 143.0
0.400 0.300 143.0
0.400 0.350 143.0
0.400 0.400 145.0
0.400 0.450 149.0
0.400 0.500 152.0
0.400 0.550 154.0
0.400 0.600 155.0
0.400 0.650 156.0
0.400 0.700 159.0
0.400 0.750 160.0
0.400 0.800 161.0
0.400 0.850 162.0
0.400 0.900 162.0
0.400 0.950 162.0
0.400 1.000 162.0
0.450 0.050 143.0
0.450 0.100 143.0
0.450 0.150 143.0
0.450 0.200 143.0
0.450 0.250 143.0
0.450 0.300 143.0
0.450 0.350 143.0
0.450 0.400 145.0
0.450 0.450 149.0
0.450 0.500 152.0
0.450 0.550 154.0
0.450 0.600 155.0
0.450 0.650 156.0
0.450 0.700 159.0
0.450 0.750 160.0
0.450 0.800 161.0
0.450 0.850 162.0
0.450 0.900 162.0
0.450 0.950 162.0
0.450 1.000 162.0
0.500 0.050 145.0
0.500 0.100 145.0
0.500 0.150 145.0
0.500 0.200 145.0
0.500 0.250 145.0
0.500 0.300 145.0
0.500 0.350 145.0
0.500 0.400 147.0
0.500 0.450 151.0
0.500 0.500 154.0
0.500 0.550 156.0
0.500 0.600 157.0
0.500 0.650 158.0
0.500 0.700 161.0
0.500 0.750 162.0
0.500 0.800 163.0
0.500 0.850 164.0
0.500 0.900 164.0
0.500 0.950 164.0
0.500 1.000 164.0
0.550 0.050 145.0
0.550 0.100 145.0
0.550 0.150 145.0
0.550 0.200 145.0
0.550 0.250 145.0
0.550 0.300 145.0
0.550 0.350 145.0
0.550 0.400 147.0
0.550 0.450 151.0
0.550 0.500 154.0
0.550 0.550 156.0
0.550 0.600 157.0
0.550 0.650 158.0
0.550 0.700 161.0
0.550 0.750 162.0
0.550 0.800 163.0
0.550 0.850 164.0
0.550 0.900 164.0
0.550 0.950 164.0
0.550 1.000 164.0
0.600 0.050 145.0
0.600 0.100 145.0
0.600 0.150 145.0
0.600 0.200 145.0
0.600 0.250 145.0
0.600 0.300 145.0
0.600 0.350 145.0
0.600 0.400 147.0
0.600 0.450 151.0
0.600 0.500 154.0
0.600 0.550 156.0
0.600 0.600 157.0
0.600 0.650 158.0
0.600 0.700 161.0
0.600 0.750 162.0
0.600 0.800 163.0
0.600 0.850 164.0
0.600 0.900 164.0
0.600 0.950 164.0
0.600 1.000 164.0
0.650 0.050 145.0
0.650 0.100 145.0
0.650 0.150 145.0
0.650 0.200 145.0
0.650 0.250 145.0
0.650 0.300 145.0
0.650 0.350 145.0
0.650 0.400 147.0
0.650 0.450 151.0
0.650 0.500 154.0
0.650 0.550 156.0
0.650 0.600 157.0
0.650 0.650 158.0
0.650 0.700 161.0
0.650 0.750 162.0
0.650 0.800 163.0
0.650 0.850 164.0
0.650 0.900 164.0
0.650 0.950 164.0
0.650 1.000 164.0
0.700 0.050 145.0
0.700 0.100 145.0
0.700 0.150 145.0
0.700 0.200 145.0
0.700 0.250 145.0
0.700 0.300 145.0
0.700 0.350 145.0
0.700 0.400 147.0
0.700 0.450 151.0
0.700 0.500 154.0
0.700 0.550 156.0
0.700 0.600 157.0
0.700 0.650 158.0
0.700 0.700 161.0
0.700 0.750 162.0
0.700 0.800 163.0
0.700 0.850 164.0
0.700 0.900 164.0
0.700 0.950 164.0
0.700 1.000 164.0
0.750 0.050 145.0
0.750 0.100 145.0
0.750 0.150 145.0
0.750 0.200 145.0
0.750 0.250 145.0
0.750 0.300 145.0
0.750 0.350 145.0
0.750 0.400 147.0
0.750 0.450 151.0
0.750 0.500 154.0
0.750 0.550 156.0
0.750 0.600 157.0
0.750 0.650 158.0
0.750 0.700 161.0
0.750 0.750 162.0
0.750 0.800 163.0
0.750 0.850 164.0
0.750 0.900 164.0
0.750 0.950 164.0
0.750 1.000 164.0
0.800 0.050 149.0
0.800 0.100 149.0
0.800 0.150 149.0
0.800 0.200 149.0
0.800 0.250 149.0
0.800 0.300 149.0
0.800 0.350 149.0
0.800 0.400 151.0
0.800 0.450 155.0
0.800 0.500 155.0
0.800 0.550 157.0
0.800 0.600 158.0
0.800 0.650 159.0
0.800 0.700 162.0
0.800 0.750 163.0
0.800 0.800 164.0
0.800 0.850 165.0
0.800 0.900 166.0
0.800 0.950 166.0
0.800 1.000 166.0
0.850 0.050 149.0
0.850 0.100 149.0
0.850 0.150 149.0
0.850 0.200 149.0
0.850 0.250 149.0
0.850 0.300 149.0
0.850 0.350 149.0
0.850 0.400 151.0
0.850 0.450 155.0
0.850 0.500 155.0
0.850 0.550 157.0
0.850 0.600 158.0
0.850 0.650 159.0
0.850 0.700 162.0
0.850 0.750 163.0
0.850 0.800 164.0
0.850 0.850 165.0
0.850 0.900 166.0
0.850 0.950 166.0
0.850 1.000 166.0
0.900 0.050 149.0
0.900 0.100 149.0
0.900 0.150 149.0
0.900 0.200 149.0
0.900 0.250 149.0
0.900 0.300 149.0
0.900 0.350 149.0
0.900 0.400 151.0
0.900 0.450 155.0
0.900 0.500 155.0
0.900 0.550 157.0
0.900 0.600 158.0
0.900 0.650 159.0
0.900 0.700 162.0
0.900 0.750 163.0
0.900 0.800 164.0
0.900 0.850 165.0
0.900 0.900 166.0
0.900 0.950 166.0
0.900 1.000 166.0
0.950 0.050 149.0
0.950 0.100 149.0
0.950 0.150 149.0
0.950 0.200 149.0
0.950 0.250 149.0
0.950 0.300 149.0
0.950 0.350 149.0
0.950 0.400 151.0
0.950 0.450 155.0
0.950 0.500 155.0
0.950 0.550 157.0
0.950 0.600 158.0
0.950 0.650 159.0
0.950 0.700 162.0
0.950 0.750 163.0
0.950 0.800 164.0
0.950 0.850 165.0
0.950 0.900 166.0
0.950 0.950 166.0
0.950 1.000 166.0
1.000 0.050 149.0
1.000 0.100 149.0
1.000 0.150 149.0
1.000 0.200 149.0
1.000 0.250 149.0
1.000 0.300 149.0
1.000 0.350 149.0
1.000 0.400 151.0
1.000 0.450 155.0
1.000 0.500 155.0
1.000 0.550 157.0
1.000 0.600 158.0
1.000 0.650 159.0
1.000 0.700 162.0
1.000 0.750 163.0
1.000 0.800 164.0
1.000 0.850 165.0
1.000 0.900 166.0
1.000 0.950 166.0
1.000 1.000 166.0
