0.050 0.050 0.693451596803252
0.050 0.100 0.693451596803252
0.050 0.150 0.6934862960909706
0.050 0.200 0.6932165702460412
0.050 0.250 0.6931678852517815
0.050 0.300 0.6933119843303845
0.050 0.350 0.6932483630045161
0.050 0.400 0.6927337658374897
0.050 0.450 0.6927493270638525
0.050 0.500 0.6927493270638525
0.050 0.550 0.6927493270638525
0.050 0.600 0.6927927019662552
0.050 0.650 0.6927927019662552
0.050 0.700 0.6927290806403867
0.050 0.750 0.6924748542567865
0.050 0.800 0.6919776622590411
0.050 0.850 0.6916987254784455
0.050 0.900 0.6916987254784455
0.050 0.950 0.6916987254784455
0.050 1.000 0.6915558287169031
0.100 0.050 0.6934104606168854
0.100 0.100 0.6934104606168854
0.100 0.150 0.6934520329899225
0.100 0.200 0.6931367870371419
0.100 0.250 0.6930881350317197
0.100 0.300 0.6931803137613259
0.100 0.350 0.6931166924354575
0.100 0.400 0.6926962872969011
0.100 0.450 0.692859300549758
0.100 0.500 0.692859300549758
0.100 0.550 0.692859300549758
0.100 0.600 0.692908655716647
0.100 0.650 0.692908655716647
0.100 0.700 0.6928450343907785
0.100 0.750 0.6925908257438519
0.100 0.800 0.6923363429044267
0.100 0.850 0.6915489791097458
0.100 0.900 0.6915489791097458
0.100 0.950 0.6915489791097458
0.100 1.000 0.6914096052099823
0.150 0.050 0.6954033046763795
0.150 0.100 0.6954033046763795
0.150 0.150 0.6952766206627832
0.150 0.200 0.6949456063175042
0.150 0.250 0.6948979485121367
0.150 0.300 0.6948979485121367
0.150 0.350 0.6947711758290975
0.150 0.400 0.6944029476621327
0.150 0.450 0.6941382183602155
0.150 0.500 0.6940519559100684
0.150 0.550 0.6953640118861029
0.150 0.600 0.6947434748198316
0.150 0.650 0.6946807837993947
0.150 0.700 0.6941809238338086
0.150 0.750 0.6938753494260255
0.150 0.800 0.6931792510954848
0.150 0.850 0.6921943419391133
0.150 0.900 0.6923257460696677
0.150 0.950 0.6923257460696677
0.150 1.000 0.6925697510921004
0.200 0.050 0.6956886445469829
0.200 0.100 0.6956886445469829
0.200 0.150 0.6955619567097528
0.200 0.200 0.6952304799995419
0.200 0.250 0.6951826683670627
0.200 0.300 0.6951826683670627
0.200 0.350 0.6950558927329856
0.200 0.400 0.6946862290418113
0.200 0.450 0.6944204500010571
0.200 0.500 0.6942295866381454
0.200 0.550 0.695342162896412
0.200 0.600 0.6948911302240038
0.200 0.650 0.6948284374648643
0.200 0.700 0.6943285293182775
0.200 0.750 0.694062885366338
0.200 0.800 0.6931792510954848
0.200 0.850 0.6921943419391133
0.200 0.900 0.6923257460696677
0.200 0.950 0.6923257460696677
0.200 1.000 0.6925697510921004
0.250 0.050 0.6950795838490287
0.250 0.100 0.6950795838490287
0.250 0.150 0.6949523411972918
0.250 0.200 0.6946214340750962
0.250 0.250 0.6945738382608267
0.250 0.300 0.6945738382608267
0.250 0.350 0.6944470503550466
0.250 0.400 0.6940799693363113
0.250 0.450 0.6940842056017094
0.250 0.500 0.6938933422192006
0.250 0.550 0.6950253676272141
0.250 0.600 0.6945688675863662
0.250 0.650 0.6945061737116722
0.250 0.700 0.6939489641904619
0.250 0.750 0.6936833275082027
0.250 0.800 0.6927959453010137
0.250 0.850 0.6918805656955085
0.250 0.900 0.6920086301407178
0.250 0.950 0.6920086301407178
0.250 1.000 0.6922474989577553
0.300 0.050 0.6952599816953605
0.300 0.100 0.6952599816953605
0.300 0.150 0.6951327390436236
0.300 0.200 0.6948015155973446
0.300 0.250 0.6947538373983093
0.300 0.300 0.6947538373983093
0.300 0.350 0.6946279784615563
0.300 0.400 0.6942599540694718
0.300 0.450 0.6942598682276186
0.300 0.500 0.6940690048451099
0.300 0.550 0.6951890536141492
0.300 0.600 0.6947333827240219
0.300 0.650 0.6946697613981534
0.300 0.700 0.6941124809610112
0.300 0.750 0.6938468273651022
0.300 0.800 0.6929580018949293
0.300 0.850 0.6920489288333811
0.300 0.900 0.6922700595190794
0.300 0.950 0.6922703776447547
0.300 1.000 0.692502067808664
0.350 0.050 0.6950500171461792
0.350 0.100 0.6950500171461792
0.350 0.150 0.6949227744944424
0.350 0.200 0.6945419578219199
0.350 0.250 0.6944944026785882
0.350 0.300 0.6951163324696799
0.350 0.350 0.6949895743090455
0.350 0.400 0.6946186797163558
0.350 0.450 0.6942461138163252
0.350 0.500 0.6940552504044208
0.350 0.550 0.6964623142048949
0.350 0.600 0.6960129040637901
0.350 0.650 0.6958856614120532
0.350 0.700 0.6953276852911612
0.350 0.750 0.6946163329361535
0.350 0.800 0.6942184039523052
0.350 0.850 0.6919459833960229
0.350 0.900 0.6921921967629416
0.350 0.950 0.6921921967629416
0.350 1.000 0.6924279329903257
0.400 0.050 0.6958348813261299
0.400 0.100 0.6958348813261299
0.400 0.150 0.6957076386743931
0.400 0.200 0.6952634755046184
0.400 0.250 0.6952150119374338
0.400 0.300 0.6959473852765132
0.400 0.350 0.6958206811196088
0.400 0.400 0.6954405766764717
0.400 0.450 0.6950675224917475
0.400 0.500 0.6948766590798433
0.400 0.550 0.696929527600012
0.400 0.600 0.6964778077232776
0.400 0.650 0.6963505650715407
0.400 0.700 0.6957919432048194
0.400 0.750 0.6950934706041954
0.400 0.800 0.6948343921440415
0.400 0.850 0.6921623663068802
0.400 0.900 0.6921623663068802
0.400 0.950 0.6921623663068802
0.400 1.000 0.6923987907800413
0.450 0.050 0.6958349146312547
0.450 0.100 0.6958349146312547
0.450 0.150 0.6957076719795179
0.450 0.200 0.6952635088097431
0.450 0.250 0.6952150452425585
0.450 0.300 0.6959474145659086
0.450 0.350 0.6958207104090043
0.450 0.400 0.6954406058945566
0.450 0.450 0.6950675517060791
0.450 0.500 0.694876688294175
0.450 0.550 0.6969295594474907
0.450 0.600 0.6964778395369777
0.450 0.650 0.6963505968852408
0.450 0.700 0.6957919750110131
0.450 0.750 0.6950935017819105
0.450 0.800 0.694834425333823
0.450 0.850 0.692920032139938
0.450 0.900 0.692920032139938
0.450 0.950 0.692920032139938
0.450 1.000 0.693126747435242
0.500 0.050 0.6950631599822124
0.500 0.100 0.6950631599822124
0.500 0.150 0.6949359173304754
0.500 0.200 0.6944917541838127
0.500 0.250 0.6944436332748373
0.500 0.300 0.6951994029946882
0.500 0.350 0.6950726987331133
0.500 0.400 0.6947267734202436
0.500 0.450 0.69494039421672
0.500 0.500 0.6947495478174455
0.500 0.550 0.6969295594474907
0.500 0.600 0.6964778395369777
0.500 0.650 0.6963505968852408
0.500 0.700 0.6957919750110131
0.500 0.750 0.6950935017819105
0.500 0.800 0.694834425333823
0.500 0.850 0.692920032139938
0.500 0.900 0.692920032139938
0.500 0.950 0.692920032139938
0.500 1.000 0.693126747435242
0.550 0.050 0.6943225043186161
0.550 0.100 0.6943225043186161
0.550 0.150 0.6946384340581433
0.550 0.200 0.6940523887038783
0.550 0.250 0.6940044713144669
0.550 0.300 0.6945682075270571
0.550 0.350 0.6945045862011887
0.550 0.400 0.6941621923423688
0.550 0.450 0.6947589307238762
0.550 0.500 0.6945680843246018
0.550 0.550 0.696715733643651
0.550 0.600 0.6962638748165131
0.550 0.650 0.6961366321647762
0.550 0.700 0.6953253629005526
0.550 0.750 0.6950188543755542
0.550 0.800 0.694369172015617
0.550 0.850 0.6921463302552311
0.550 0.900 0.6921463302552311
0.550 0.950 0.6917395735924983
0.550 1.000 0.6919525029518176
0.600 0.050 0.6952028369368883
0.600 0.100 0.6952028369368883
0.600 0.150 0.6954610043038187
0.600 0.200 0.6948733634646758
0.600 0.250 0.6948249275217651
0.600 0.300 0.6953607619333724
0.600 0.350 0.6952971406075039
0.600 0.400 0.6949176904146288
0.600 0.450 0.6949146877461592
0.600 0.500 0.694723840428743
0.600 0.550 0.6965884906544728
0.600 0.600 0.6961366324212201
0.600 0.650 0.6960093897694833
0.600 0.700 0.6951981205397197
0.600 0.750 0.6950188543755542
0.600 0.800 0.694369172015617
0.600 0.850 0.6921463302552311
0.600 0.900 0.6921463302552311
0.600 0.950 0.6917395735924983
0.600 1.000 0.6919525029518176
0.650 0.050 0.6961083206039638
0.650 0.100 0.6961083206039638
0.650 0.150 0.6959810779522269
0.650 0.200 0.6957648671593961
0.650 0.250 0.6957158845834635
0.650 0.300 0.6962221071431267
0.650 0.350 0.6961584858172583
0.650 0.400 0.6957736211684056
0.650 0.450 0.6958654523794596
0.650 0.500 0.6956746117035516
0.650 0.550 0.6974502371190681
0.650 0.600 0.6969962266080852
0.650 0.650 0.6968690256046541
0.650 0.700 0.6958942574593165
0.650 0.750 0.6959160484554796
0.650 0.800 0.6948994748542017
0.650 0.850 0.692859376075786
0.650 0.900 0.692859376075786
0.650 0.950 0.6924448078511425
0.650 1.000 0.6925539183433335
0.700 0.050 0.6961083708168757
0.700 0.100 0.6961083708168757
0.700 0.150 0.6959811281651389
0.700 0.200 0.6957649173723082
0.700 0.250 0.6957159347963755
0.700 0.300 0.6962221573560388
0.700 0.350 0.6961585360301703
0.700 0.400 0.6957736797648015
0.700 0.450 0.6958655066224149
0.700 0.500 0.6956746883282341
0.700 0.550 0.697014152303735
0.700 0.600 0.6965552874579943
0.700 0.650 0.6964916860209798
0.700 0.700 0.6958942574593165
0.700 0.750 0.6959160484554796
0.700 0.800 0.6948994748542017
0.700 0.850 0.692859376075786
0.700 0.900 0.692859376075786
0.700 0.950 0.6924448078511425
0.700 1.000 0.6925539183433335
0.750 0.050 0.6961083708168757
0.750 0.100 0.6961083708168757
0.750 0.150 0.6959811281651389
0.750 0.200 0.6957649173723082
0.750 0.250 0.6957159347963755
0.750 0.300 0.6962221573560388
0.750 0.350 0.6961585360301703
0.750 0.400 0.6957736797648015
0.750 0.450 0.6958655066224149
0.750 0.500 0.6954750501689688
0.750 0.550 0.6970141560455452
0.750 0.600 0.6964919559453611
0.750 0.650 0.6964283545590773
0.750 0.700 0.6963206148476696
0.750 0.750 0.696392308574853
0.750 0.800 0.6956841180889861
0.750 0.850 0.6929585885883781
0.750 0.900 0.6929585885883781
0.750 0.950 0.6925433713888143
0.750 1.000 0.6926501302940087
0.800 0.050 0.6975593554068857
0.800 0.100 0.6975593554068857
0.800 0.150 0.6977861312198581
0.800 0.200 0.6976269710255165
0.800 0.250 0.6974997283737797
0.800 0.300 0.6971824322210625
0.800 0.350 0.6968954806732215
0.800 0.400 0.6965641924121002
0.800 0.450 0.6965199612082253
0.800 0.500 0.6966209974204847
0.800 0.550 0.6991541531822729
0.800 0.600 0.6988398815836344
0.800 0.650 0.6987126389318976
0.800 0.700 0.697904325998045
0.800 0.750 0.6971798398020786
0.800 0.800 0.6963171845318823
0.800 0.850 0.6932502162557493
0.800 0.900 0.6932502162557493
0.800 0.950 0.6927466246186058
0.800 1.000 0.6926019607048419
0.850 0.050 0.6977342565999811
0.850 0.100 0.6977342565999811
0.850 0.150 0.69786298885283
0.850 0.200 0.6974031518854685
0.850 0.250 0.6972759092337316
0.850 0.300 0.6969580855428076
0.850 0.350 0.696744510914371
0.850 0.400 0.6970943467151323
0.850 0.450 0.6967905197724639
0.850 0.500 0.6973248486391843
0.850 0.550 0.6996542286362878
0.850 0.600 0.6993328036207557
0.850 0.650 0.6992055609690189
0.850 0.700 0.6983705627441075
0.850 0.750 0.698124192589312
0.850 0.800 0.6972520636820269
0.850 0.850 0.6937674428540086
0.850 0.900 0.6937674428540086
0.850 0.950 0.6932614932647445
0.850 1.000 0.6930944299825162
0.900 0.050 0.6986376283620525
0.900 0.100 0.6986376283620525
0.900 0.150 0.6981989852961861
0.900 0.200 0.697735064248791
0.900 0.250 0.697607821597054
0.900 0.300 0.6974472857719232
0.900 0.350 0.697134600444725
0.900 0.400 0.6971041410115342
0.900 0.450 0.6970900778639102
0.900 0.500 0.6972207154524053
0.900 0.550 0.699560492911116
0.900 0.600 0.6992397740002061
0.900 0.650 0.6991125313484692
0.900 0.700 0.6982802206294443
0.900 0.750 0.6980338728382895
0.900 0.800 0.6971627030397436
0.900 0.850 0.6936755319341082
0.900 0.900 0.6936755319341082
0.900 0.950 0.6932614932647445
0.900 1.000 0.6930944299825162
0.950 0.050 0.7010816732199753
0.950 0.100 0.7010816732199753
0.950 0.150 0.7008401309315818
0.950 0.200 0.7003862504307625
0.950 0.250 0.7002744945464271
0.950 0.300 0.7000358552591521
0.950 0.350 0.699692032605707
0.950 0.400 0.6989342280011847
0.950 0.450 0.6986039375880613
0.950 0.500 0.6986417434345457
0.950 0.550 0.6993224677870213
0.950 0.600 0.6990557553819203
0.950 0.650 0.6989921340560519
0.950 0.700 0.698591193655371
0.950 0.750 0.6982095690509149
0.950 0.800 0.6973183142506216
0.950 0.850 0.694844774090109
0.950 0.900 0.694844774090109
0.950 0.950 0.6944147665532012
0.950 1.000 0.6941998058408174
1.000 0.050 0.7019910514943533
1.000 0.100 0.7019910514943533
1.000 0.150 0.7016254509585768
1.000 0.200 0.7011476279132689
1.000 0.250 0.701020385261532
1.000 0.300 0.7010363753158475
1.000 0.350 0.7007245924736548
1.000 0.400 0.6999471838533625
1.000 0.450 0.699661849626009
1.000 0.500 0.6994342158429403
1.000 0.550 0.7003610092864243
1.000 0.600 0.6999519568792565
1.000 0.650 0.6998883355533881
1.000 0.700 0.6994645304999365
1.000 0.750 0.6990196385444405
1.000 0.800 0.6980637126644782
1.000 0.850 0.6955044992278091
1.000 0.900 0.6955044992278091
1.000 0.950 0.69506958940191
1.000 1.000 0.6948468456967538
