0.050 0.050 10.864682772920926
0.050 0.100 10.864682772920926
0.050 0.150 10.864682772920926
0.050 0.200 10.864682772920926
0.050 0.250 10.864682772920926
0.050 0.300 10.864682772920926
0.050 0.350 10.864682772920926
0.050 0.400 10.864682772920926
0.050 0.450 10.864682772920926
0.050 0.500 10.864682772920926
0.050 0.550 10.864682772920926
0.050 0.600 10.864682772920926
0.050 0.650 10.864682772920926
0.050 0.700 10.864682772920926
0.050 0.750 10.864682772920926
0.050 0.800 10.864682772920926
0.050 0.850 10.864682772920926
0.050 0.900 10.864682772920926
0.050 0.950 10.864682772920926
0.050 1.000 10.864682772920926
0.100 0.050 10.864682772920926
0.100 0.100 10.864682772920926
0.100 0.150 10.864682772920926
0.100 0.200 10.864682772920926
0.100 0.250 10.864682772920926
0.100 0.300 10.864682772920926
0.100 0.350 10.864682772920926
0.100 0.400 10.864682772920926
0.100 0.450 10.864682772920926
0.100 0.500 10.864682772920926
0.100 0.550 10.864682772920926
0.100 0.600 10.864682772920926
0.100 0.650 10.864682772920926
0.100 0.700 10.864682772920926
0.100 0.750 10.864682772920926
0.100 0.800 10.864682772920926
0.100 0.850 10.864682772920926
0.100 0.900 10.864682772920926
0.100 0.950 10.864682772920926
0.100 1.000 10.864682772920926
0.150 0.050 10.750418337023222
0.150 0.100 10.750418337023222
0.150 0.150 10.750418337023222
0.150 0.200 10.750418337023222
0.150 0.250 10.750418337023222
0.150 0.300 10.750418337023222
0.150 0.350 10.750418337023222
0.150 0.400 10.750418337023222
0.150 0.450 10.750418337023222
0.150 0.500 10.750418337023222
0.150 0.550 10.750418337023222
0.150 0.600 10.750418337023222
0.150 0.650 10.750418337023222
0.150 0.700 10.750418337023222
0.150 0.750 10.750418337023222
0.150 0.800 10.750418337023222
0.150 0.850 10.750418337023222
0.150 0.900 10.750418337023222
0.150 0.950 10.750418337023222
0.150 1.000 10.750418337023222
0.200 0.050 10.750418337023222
0.200 0.100 10.750418337023222
0.200 0.150 10.750418337023222
0.200 0.200 10.750418337023222
0.200 0.250 10.750418337023222
0.200 0.300 10.750418337023222
0.200 0.350 10.750418337023222
0.200 0.400 10.750418337023222
0.200 0.450 10.750418337023222
0.200 0.500 10.750418337023222
0.200 0.550 10.750418337023222
0.200 0.600 10.750418337023222
0.200 0.650 10.750418337023222
0.200 0.700 10.750418337023222
0.200 0.750 10.750418337023222
0.200 0.800 10.750418337023222
0.200 0.850 10.750418337023222
0.200 0.900 10.750418337023222
0.200 0.950 10.750418337023222
0.200 1.000 10.750418337023222
0.250 0.050 10.706306235738538
0.250 0.100 10.706306235738538
0.250 0.150 10.706306235738538
0.250 0.200 10.706306235738538
0.250 0.250 10.706306235738538
0.250 0.300 10.706306235738538
0.250 0.350 10.706306235738538
0.250 0.400 10.706306235738538
0.250 0.450 10.706306235738538
0.250 0.500 10.706306235738538
0.250 0.550 10.706306235738538
0.250 0.600 10.706306235738538
0.250 0.650 10.706306235738538
0.250 0.700 10.706306235738538
0.250 0.750 10.706306235738538
0.250 0.800 10.706306235738538
0.250 0.850 10.706306235738538
0.250 0.900 10.706306235738538
0.250 0.950 10.706306235738538
0.250 1.000 10.706306235738538
0.300 0.050 10.720853879154348
0.300 0.100 10.720853879154348
0.300 0.150 10.720853879154348
0.300 0.200 10.720853879154348
0.300 0.250 10.720853879154348
0.300 0.300 10.720853879154348
0.300 0.350 10.720853879154348
0.300 0.400 10.720848433084903
0.300 0.450 10.715356115709646
0.300 0.500 10.702091281553889
0.300 0.550 10.702091281553889
0.300 0.600 10.702091281553889
0.300 0.650 10.702091281553889
0.300 0.700 10.702091281553889
0.300 0.750 10.702091281553889
0.300 0.800 10.702091281553889
0.300 0.850 10.702091281553889
0.300 0.900 10.705829991622892
0.300 0.950 10.705829991622892
0.300 1.000 10.705829991622892
0.350 0.050 10.871083587809938
0.350 0.100 10.871083587809938
0.350 0.150 10.871083587809938
0.350 0.200 10.871083587809938
0.350 0.250 10.871083587809938
0.350 0.300 10.871083587809938
0.350 0.350 10.871083587809938
0.350 0.400 10.871083587809938
0.350 0.450 10.870843193105365
0.350 0.500 10.870843193105365
0.350 0.550 10.870843193105365
0.350 0.600 10.870831143544319
0.350 0.650 10.870831143544319
0.350 0.700 10.870831143544319
0.350 0.750 10.870831143544319
0.350 0.800 10.870831143544319
0.350 0.850 10.87081282810848
0.350 0.900 10.87081282810848
0.350 0.950 10.87081282810848
0.350 1.000 10.87081282810848
0.400 0.050 10.871083587809938
0.400 0.100 10.871083587809938
0.400 0.150 10.871083587809938
0.400 0.200 10.871083587809938
0.400 0.250 10.871083587809938
0.400 0.300 10.871083587809938
0.400 0.350 10.871083587809938
0.400 0.400 10.871083587809938
0.400 0.450 10.870843193105365
0.400 0.500 10.870843193105365
0.400 0.550 10.870843193105365
0.400 0.600 10.870831143544319
0.400 0.650 10.870831143544319
0.400 0.700 10.870831143544319
0.400 0.750 10.870831143544319
0.400 0.800 10.870831143544319
0.400 0.850 10.87081282810848
0.400 0.900 10.87081282810848
0.400 0.950 10.87081282810848
0.400 1.000 10.87081282810848
0.450 0.050 10.871083587809938
0.450 0.100 10.871083587809938
0.450 0.150 10.871083587809938
0.450 0.200 10.871083587809938
0.450 0.250 10.871083587809938
0.450 0.300 10.871083587809938
0.450 0.350 10.871083587809938
0.450 0.400 10.871083587809938
0.450 0.450 10.870843193105365
0.450 0.500 10.870843193105365
0.450 0.550 10.870843193105365
0.450 0.600 10.870831143544319
0.450 0.650 10.870831143544319
0.450 0.700 10.870831143544319
0.450 0.750 10.870831143544319
0.450 0.800 10.870831143544319
0.450 0.850 10.87081282810848
0.450 0.900 10.87081282810848
0.450 0.950 10.87081282810848
0.450 1.000 10.87081282810848
0.500 0.050 10.869953009698847
0.500 0.100 10.869953009698847
0.500 0.150 10.869953009698847
0.500 0.200 10.869953009698847
0.500 0.250 10.869953009698847
0.500 0.300 10.869953009698847
0.500 0.350 10.869953009698847
0.500 0.400 10.869953009698847
0.500 0.450 10.86971169121496
0.500 0.500 10.86971169121496
0.500 0.550 10.86971169121496
0.500 0.600 10.869699636598357
0.500 0.650 10.869699636598357
0.500 0.700 10.869699636598357
0.500 0.750 10.869699636598357
0.500 0.800 10.869699636598357
0.500 0.850 10.869681313601054
0.500 0.900 10.869681313601054
0.500 0.950 10.869681313601054
0.500 1.000 10.869681313601054
0.550 0.050 10.869953009698847
0.550 0.100 10.869953009698847
0.550 0.150 10.869953009698847
0.550 0.200 10.869953009698847
0.550 0.250 10.869953009698847
0.550 0.300 10.869953009698847
0.550 0.350 10.869953009698847
0.550 0.400 10.869953009698847
0.550 0.450 10.86971169121496
0.550 0.500 10.86971169121496
0.550 0.550 10.86971169121496
0.550 0.600 10.869699636598357
0.550 0.650 10.869699636598357
0.550 0.700 10.869699636598357
0.550 0.750 10.869699636598357
0.550 0.800 10.869699636598357
0.550 0.850 10.869681313601054
0.550 0.900 10.869681313601054
0.550 0.950 10.869681313601054
0.550 1.000 10.869681313601054
0.600 0.050 10.869953009698847
0.600 0.100 10.869953009698847
0.600 0.150 10.869953009698847
0.600 0.200 10.869953009698847
0.600 0.250 10.869953009698847
0.600 0.300 10.869953009698847
0.600 0.350 10.869953009698847
0.600 0.400 10.869953009698847
0.600 0.450 10.86971169121496
0.600 0.500 10.86971169121496
0.600 0.550 10.86971169121496
0.600 0.600 10.869699636598357
0.600 0.650 10.869699636598357
0.600 0.700 10.869699636598357
0.600 0.750 10.869699636598357
0.600 0.800 10.869699636598357
0.600 0.850 10.869681313601054
0.600 0.900 10.869681313601054
0.600 0.950 10.869681313601054
0.600 1.000 10.869681313601054
0.650 0.050 10.865589043782473
0.650 0.100 10.865589043782473
0.650 0.150 10.865589043782473
0.650 0.200 10.865589043782473
0.650 0.250 10.865589043782473
0.650 0.300 10.865589043782473
0.650 0.350 10.865589043782473
0.650 0.400 10.865589043782473
0.650 0.450 10.865353665872611
0.650 0.500 10.865353665872611
0.650 0.550 10.865353665872611
0.650 0.600 10.86534380315566
0.650 0.650 10.86534380315566
0.650 0.700 10.86534380315566
0.650 0.750 10.86534380315566
0.650 0.800 10.86534380315566
0.650 0.850 10.865328654903152
0.650 0.900 10.865328654903152
0.650 0.950 10.865328654903152
0.650 1.000 10.865328654903152
0.700 0.050 10.863654089774478
0.700 0.100 10.863654089774478
0.700 0.150 10.863654089774478
0.700 0.200 10.863654089774478
0.700 0.250 10.863654089774478
0.700 0.300 10.863654089774478
0.700 0.350 10.863654089774478
0.700 0.400 10.863654089774478
0.700 0.450 10.863418574194169
0.700 0.500 10.863418574194169
0.700 0.550 10.863418574194169
0.700 0.600 10.863408245450946
0.700 0.650 10.863408245450946
0.700 0.700 10.863408245450946
0.700 0.750 10.863408245450946
0.700 0.800 10.863408245450946
0.700 0.850 10.863392584598987
0.700 0.900 10.863392584598987
0.700 0.950 10.863392584598987
0.700 1.000 10.863392584598987
0.750 0.050 10.85148737735936
0.750 0.100 10.85148737735936
0.750 0.150 10.85148737735936
0.750 0.200 10.85148737735936
0.750 0.250 10.85148737735936
0.750 0.300 10.85148737735936
0.750 0.350 10.85148737735936
0.750 0.400 10.85148737735936
0.750 0.450 10.85148737735936
0.750 0.500 10.85148737735936
0.750 0.550 10.85148737735936
0.750 0.600 10.85148737735936
0.750 0.650 10.85148737735936
0.750 0.700 10.85148737735936
0.750 0.750 10.85148737735936
0.750 0.800 10.85148737735936
0.750 0.850 10.85148737735936
0.750 0.900 10.85148737735936
0.750 0.950 10.85148737735936
0.750 1.000 10.85148737735936
0.800 0.050 10.838264210694973
0.800 0.100 10.838264210694973
0.800 0.150 10.838264210694973
0.800 0.200 10.838264210694973
0.800 0.250 10.838264210694973
0.800 0.300 10.838264210694973
0.800 0.350 10.838264210694973
0.800 0.400 10.838264210694973
0.800 0.450 10.838264210694973
0.800 0.500 10.83826425563208
0.800 0.550 10.83826425563208
0.800 0.600 10.83826425563208
0.800 0.650 10.83826425563208
0.800 0.700 10.83826425563208
0.800 0.750 10.83826425563208
0.800 0.800 10.83826425563208
0.800 0.850 10.83826425563208
0.800 0.900 10.83826425563208
0.800 0.950 10.83826425563208
0.800 1.000 10.83826425563208
0.850 0.050 10.843784489070854
0.850 0.100 10.843784489070854
0.850 0.150 10.843784489070854
0.850 0.200 10.843784489070854
0.850 0.250 10.843784489070854
0.850 0.300 10.843784489070854
0.850 0.350 10.843784489070854
0.850 0.400 10.843784489070854
0.850 0.450 10.843784489070854
0.850 0.500 10.843784534007959
0.850 0.550 10.843784534007959
0.850 0.600 10.843784534007959
0.850 0.650 10.843784534007959
0.850 0.700 10.843784534007959
0.850 0.750 10.843784534007959
0.850 0.800 10.843784534007959
0.850 0.850 10.843784534007959
0.850 0.900 10.843784534007959
0.850 0.950 10.843784534007959
0.850 1.000 10.843784534007959
0.900 0.050 10.843784489070854
0.900 0.100 10.843784489070854
0.900 0.150 10.843784489070854
0.900 0.200 10.843784489070854
0.900 0.250 10.843784489070854
0.900 0.300 10.843784489070854
0.900 0.350 10.843784489070854
0.900 0.400 10.843784489070854
0.900 0.450 10.843784489070854
0.900 0.500 10.843784534007959
0.900 0.550 10.843784534007959
0.900 0.600 10.843784534007959
0.900 0.650 10.843784534007959
0.900 0.700 10.843784534007959
0.900 0.750 10.843784534007959
0.900 0.800 10.843784534007959
0.900 0.850 10.843784534007959
0.900 0.900 10.843784534007959
0.900 0.950 10.843784534007959
0.900 1.000 10.843784534007959
0.950 0.050 10.843784489070854
0.950 0.100 10.843784489070854
0.950 0.150 10.843784489070854
0.950 0.200 10.843784489070854
0.950 0.250 10.843784489070854
0.950 0.300 10.843784489070854
0.950 0.350 10.843784489070854
0.950 0.400 10.843784489070854
0.950 0.450 10.843784489070854
0.950 0.500 10.843784534007959
0.950 0.550 10.843784534007959
0.950 0.600 10.843784534007959
0.950 0.650 10.843784534007959
0.950 0.700 10.843784534007959
0.950 0.750 10.843784534007959
0.950 0.800 10.843784534007959
0.950 0.850 10.843784534007959
0.950 0.900 10.843784534007959
0.950 0.950 10.843784534007959
0.950 1.000 10.843784534007959
1.000 0.050 10.843784489070854
1.000 0.100 10.843784489070854
1.000 0.150 10.843784489070854
1.000 0.200 10.843784489070854
1.000 0.250 10.843784489070854
1.000 0.300 10.843784489070854
1.000 0.350 10.843784489070854
1.000 0.400 10.843784489070854
1.000 0.450 10.843784489070854
1.000 0.500 10.843784534007959
1.000 0.550 10.843784534007959
1.000 0.600 10.843784534007959
1.000 0.650 10.843784534007959
1.000 0.700 10.843784534007959
1.000 0.750 10.843784534007959
1.000 0.800 10.843784534007959
1.000 0.850 10.843784534007959
1.000 0.900 10.843784534007959
1.000 0.950 10.843784534007959
1.000 1.000 10.843784534007959
