0.050 0.050 11.452035527970953
0.050 0.100 11.452035527970953
0.050 0.150 11.452035527970953
0.050 0.200 11.43708194628839
0.050 0.250 11.44165050522505
0.050 0.300 11.420301785114804
0.050 0.350 11.420301785114804
0.050 0.400 11.420301785114804
0.050 0.450 11.420301785114804
0.050 0.500 11.479843182078723
0.050 0.550 11.479843182078723
0.050 0.600 11.479843182078723
0.050 0.650 11.479843182078723
0.050 0.700 11.45909404158031
0.050 0.750 11.445672330482573
0.050 0.800 11.445672233889184
0.050 0.850 11.445672233889184
0.050 0.900 11.451862414861651
0.050 0.950 11.451862414861651
0.050 1.000 11.443337375893975
0.100 0.050 11.428206858484376
0.100 0.100 11.422241164075553
0.100 0.150 11.422241164075553
0.100 0.200 11.415416821990776
0.100 0.250 11.402954294124308
0.100 0.300 11.392268919809073
0.100 0.350 11.384604182346681
0.100 0.400 11.384604182346681
0.100 0.450 11.384604182346681
0.100 0.500 11.37661843154595
0.100 0.550 11.37661843154595
0.100 0.600 11.375074378024385
0.100 0.650 11.369729533665264
0.100 0.700 11.354330530987474
0.100 0.750 11.35082123754966
0.100 0.800 11.338556489929086
0.100 0.850 11.338556489929086
0.100 0.900 11.338556489929086
0.100 0.950 11.338556489929086
0.100 1.000 11.331397130975025
0.150 0.050 11.381385324197716
0.150 0.100 11.37379785019887
0.150 0.150 11.37379785019887
0.150 0.200 11.367840660470158
0.150 0.250 11.361529019030883
0.150 0.300 11.34098641232232
0.150 0.350 11.332370953650315
0.150 0.400 11.332370953650315
0.150 0.450 11.332370953650315
0.150 0.500 11.325357417961598
0.150 0.550 11.325357417961598
0.150 0.600 11.325357417961598
0.150 0.650 11.346685235617873
0.150 0.700 11.331541938725728
0.150 0.750 11.329002213923467
0.150 0.800 11.329002120462956
0.150 0.850 11.329002120462956
0.150 0.900 11.329002120462956
0.150 0.950 11.329002120462956
0.150 1.000 11.321874786290271
0.200 0.050 11.34848364829418
0.200 0.100 11.343036302277076
0.200 0.150 11.343036302277076
0.200 0.200 11.337278660456908
0.200 0.250 11.361529019030883
0.200 0.300 11.34098641232232
0.200 0.350 11.332370953650315
0.200 0.400 11.332370953650315
0.200 0.450 11.332370953650315
0.200 0.500 11.325357417961598
0.200 0.550 11.325357417961598
0.200 0.600 11.325357417961598
0.200 0.650 11.346685235617873
0.200 0.700 11.331541938725728
0.200 0.750 11.329002213923467
0.200 0.800 11.329002120462956
0.200 0.850 11.329002120462956
0.200 0.900 11.329002120462956
0.200 0.950 11.329002120462956
0.200 1.000 11.321874786290271
0.250 0.050 11.339317743568195
0.250 0.100 11.333905881448722
0.250 0.150 11.333905881448722
0.250 0.200 11.328251192705885
0.250 0.250 11.334383943001182
0.250 0.300 11.310485332965818
0.250 0.350 11.310346188020636
0.250 0.400 11.310310854849721
0.250 0.450 11.310310854849721
0.250 0.500 11.318701654498998
0.250 0.550 11.318701654498998
0.250 0.600 11.318701654498998
0.250 0.650 11.339860732737463
0.250 0.700 11.324809338388526
0.250 0.750 11.322298451838712
0.250 0.800 11.322298358378202
0.250 0.850 11.322298358378202
0.250 0.900 11.322298358378202
0.250 0.950 11.322298358378202
0.250 1.000 11.315206354213052
0.300 0.050 11.295286706782903
0.300 0.100 11.295165836122964
0.300 0.150 11.295165836122964
0.300 0.200 11.29079824420354
0.300 0.250 11.29914989573506
0.300 0.300 11.27156142157407
0.300 0.350 11.271422276628888
0.300 0.400 11.271387981922384
0.300 0.450 11.271387981922384
0.300 0.500 11.318701654498998
0.300 0.550 11.318701654498998
0.300 0.600 11.318701654498998
0.300 0.650 11.339860732737463
0.300 0.700 11.324809338388526
0.300 0.750 11.322298451838712
0.300 0.800 11.322298358378202
0.300 0.850 11.322298358378202
0.300 0.900 11.322298358378202
0.300 0.950 11.322298358378202
0.300 1.000 11.324797858084795
0.350 0.050 11.300943789135257
0.350 0.100 11.30084375808058
0.350 0.150 11.30084375808058
0.350 0.200 11.296711750838032
0.350 0.250 11.301733233550575
0.350 0.300 11.277901566659938
0.350 0.350 11.277762421714757
0.350 0.400 11.277728127008253
0.350 0.450 11.277728127008253
0.350 0.500 11.32189492640054
0.350 0.550 11.32189492640054
0.350 0.600 11.32189492640054
0.350 0.650 11.34283801135261
0.350 0.700 11.327720668528439
0.350 0.750 11.327750403755287
0.350 0.800 11.32520208166802
0.350 0.850 11.32520208166802
0.350 0.900 11.32520208166802
0.350 0.950 11.32520208166802
0.350 1.000 11.318081136500783
0.400 0.050 11.360459090660523
0.400 0.100 11.360274523864325
0.400 0.150 11.360272590825694
0.400 0.200 11.35591414841803
0.400 0.250 11.387127634357785
0.400 0.300 11.3672861985802
0.400 0.350 11.36714705363502
0.400 0.400 11.367049884756419
0.400 0.450 11.367049884756419
0.400 0.500 11.381469935486944
0.400 0.550 11.381469935486944
0.400 0.600 11.381469935486944
0.400 0.650 11.381469935486944
0.400 0.700 11.384057161216287
0.400 0.750 11.37645180349866
0.400 0.800 11.373151208430196
0.400 0.850 11.373151208430196
0.400 0.900 11.373151208430196
0.400 0.950 11.373151208430196
0.400 1.000 11.365763464917434
0.450 0.050 11.40320622282836
0.450 0.100 11.402320544141489
0.450 0.150 11.402317709909855
0.450 0.200 11.397786142243401
0.450 0.250 11.387127634357785
0.450 0.300 11.3672861985802
0.450 0.350 11.36714705363502
0.450 0.400 11.349463535488287
0.450 0.450 11.349463535488287
0.450 0.500 11.381469935486944
0.450 0.550 11.381469935486944
0.450 0.600 11.381469935486944
0.450 0.650 11.381469935486944
0.450 0.700 11.384057161216287
0.450 0.750 11.37645180349866
0.450 0.800 11.373151208430196
0.450 0.850 11.373151208430196
0.450 0.900 11.373151208430196
0.450 0.950 11.373151208430196
0.450 1.000 11.365763464917434
0.500 0.050 11.40284295826436
0.500 0.100 11.401951395540035
0.500 0.150 11.401948982787246
0.500 0.200 11.397428452032592
0.500 0.250 11.3707403952416
0.500 0.300 11.36720745372148
0.500 0.350 11.3670683087763
0.500 0.400 11.345519688857374
0.500 0.450 11.345519688857374
0.500 0.500 11.394903438246097
0.500 0.550 11.394903438246097
0.500 0.600 11.394903438246097
0.500 0.650 11.394903438246097
0.500 0.700 11.384057161216287
0.500 0.750 11.37645180349866
0.500 0.800 11.373151208430196
0.500 0.850 11.373151208430196
0.500 0.900 11.373151208430196
0.500 0.950 11.373151208430196
0.500 1.000 11.349708846839562
0.550 0.050 11.37910055621241
0.550 0.100 11.377309078455333
0.550 0.150 11.384414224184049
0.550 0.200 11.379274918577373
0.550 0.250 11.352955883082856
0.550 0.300 11.34948271534357
0.550 0.350 11.34948271534357
0.550 0.400 11.342419799892696
0.550 0.450 11.342419799892696
0.550 0.500 11.394903438246097
0.550 0.550 11.394903438246097
0.550 0.600 11.394903438246097
0.550 0.650 11.394903438246097
0.550 0.700 11.367738569539615
0.550 0.750 11.360250313445444
0.550 0.800 11.35700112418484
0.550 0.850 11.35700112418484
0.550 0.900 11.35700112418484
0.550 0.950 11.35700112418484
0.550 1.000 11.349708846839562
0.600 0.050 11.37031318148463
0.600 0.100 11.369479338747567
0.600 0.150 11.369477248078047
0.600 0.200 11.36920711610398
0.600 0.250 11.352955883082856
0.600 0.300 11.34948271534357
0.600 0.350 11.34948271534357
0.600 0.400 11.342419799892696
0.600 0.450 11.342419799892696
0.600 0.500 11.385065667143639
0.600 0.550 11.385065667143639
0.600 0.600 11.38434678320655
0.600 0.650 11.38434678320655
0.600 0.700 11.354676866581052
0.600 0.750 11.3473018138969
0.600 0.800 11.341088594637558
0.600 0.850 11.34108596655119
0.600 0.900 11.34108596655119
0.600 0.950 11.338573183554162
0.600 1.000 11.331400764576664
0.650 0.050 11.383078527671495
0.650 0.100 11.382230657014045
0.650 0.150 11.382228566344523
0.650 0.200 11.381954476458533
0.650 0.250 11.361428447630033
0.650 0.300 11.357930716310259
0.650 0.350 11.357930716310259
0.650 0.400 11.354748994209677
0.650 0.450 11.354748994209677
0.650 0.500 11.356678133695013
0.650 0.550 11.356678133695013
0.650 0.600 11.355975636477645
0.650 0.650 11.355975636477645
0.650 0.700 11.34720526818617
0.650 0.750 11.339897301788135
0.650 0.800 11.333700568709023
0.650 0.850 11.333700568709023
0.650 0.900 11.333700568709023
0.650 0.950 11.333700568709023
0.650 1.000 11.326551993725097
0.700 0.050 11.383001326647815
0.700 0.100 11.382236503709365
0.700 0.150 11.382249024632099
0.700 0.200 11.381954476458533
0.700 0.250 11.361428447630033
0.700 0.300 11.357930716310259
0.700 0.350 11.357930716310259
0.700 0.400 11.354748994209677
0.700 0.450 11.354748994209677
0.700 0.500 11.414808973442813
0.700 0.550 11.414808973442813
0.700 0.600 11.414070481106986
0.700 0.650 11.41313499708518
0.700 0.700 11.388927363750351
0.700 0.750 11.381292915851272
0.700 0.800 11.37486645900281
0.700 0.850 11.37486645900281
0.700 0.900 11.37486645900281
0.700 0.950 11.37486645900281
0.700 1.000 11.367467322902836
0.750 0.050 11.383436689835651
0.750 0.100 11.382655389869637
0.750 0.150 11.3875322676188
0.750 0.200 11.379250287698316
0.750 0.250 11.366495221350581
0.750 0.300 11.362564917932449
0.750 0.350 11.362564917932449
0.750 0.400 11.357430903789405
0.750 0.450 11.357430903789405
0.750 0.500 11.41357341511346
0.750 0.550 11.41357341511346
0.750 0.600 11.41357341511346
0.750 0.650 11.41357341511346
0.750 0.700 11.389349891588441
0.750 0.750 11.378393972363718
0.750 0.800 11.3719814984517
0.750 0.850 11.3719814984517
0.750 0.900 11.3719814984517
0.750 0.950 11.3719814984517
0.750 1.000 11.367467322902836
0.800 0.050 11.386599003890185
0.800 0.100 11.387537891971311
0.800 0.150 11.3875322676188
0.800 0.200 11.379215900975002
0.800 0.250 11.36133189165999
0.800 0.300 11.357430903789405
0.800 0.350 11.357430903789405
0.800 0.400 11.357430903789405
0.800 0.450 11.357430903789405
0.800 0.500 11.410878028804433
0.800 0.550 11.410878028804433
0.800 0.600 11.410878028804433
0.800 0.650 11.410878028804433
0.800 0.700 11.386713809373727
0.800 0.750 11.37578379120745
0.800 0.800 11.3719814984517
0.800 0.850 11.3719814984517
0.800 0.900 11.3719814984517
0.800 0.950 11.3719814984517
0.800 1.000 11.367467322902836
0.850 0.050 11.386671036251817
0.850 0.100 11.399670902283518
0.850 0.150 11.399655372647409
0.850 0.200 11.39347732565723
0.850 0.250 11.334413937707186
0.850 0.300 11.322488955960905
0.850 0.350 11.322488955960905
0.850 0.400 11.322342158312587
0.850 0.450 11.322342158312587
0.850 0.500 11.350344581288027
0.850 0.550 11.350344581288027
0.850 0.600 11.350344581288027
0.850 0.650 11.350344581288027
0.850 0.700 11.340468321933397
0.850 0.750 11.330000376977443
0.850 0.800 11.326342233747116
0.850 0.850 11.326342233747116
0.850 0.900 11.326342233747116
0.850 0.950 11.326342233747116
0.850 1.000 11.364599897033571
0.900 0.050 11.37836446958131
0.900 0.100 11.391244110985433
0.900 0.150 11.39122858134932
0.900 0.200 11.38510229039651
0.900 0.250 11.32652561566908
0.900 0.300 11.314696115516503
0.900 0.350 11.314696115516503
0.900 0.400 11.314549317868186
0.900 0.450 11.314549317868186
0.900 0.500 11.342321219557256
0.900 0.550 11.342321219557256
0.900 0.600 11.342321219557256
0.900 0.650 11.342321219557256
0.900 0.700 11.332522988867984
0.900 0.750 11.330000376977443
0.900 0.800 11.326342233747116
0.900 0.850 11.326342233747116
0.900 0.900 11.326342233747116
0.900 0.950 11.326342233747116
0.900 1.000 11.342968545355927
0.950 0.050 11.389640943922792
0.950 0.100 11.391244110985433
0.950 0.150 11.39122858134932
0.950 0.200 11.38510229039651
0.950 0.250 11.32652561566908
0.950 0.300 11.314696115516503
0.950 0.350 11.314696115516503
0.950 0.400 11.314549317868186
0.950 0.450 11.314549317868186
0.950 0.500 11.344489181908155
0.950 0.550 11.344489181908155
0.950 0.600 11.344489181908155
0.950 0.650 11.342338848168756
0.950 0.700 11.33254125615076
0.950 0.750 11.330018644260218
0.950 0.800 11.326360501029892
0.950 0.850 11.326360501029892
0.950 0.900 11.326360501029892
0.950 0.950 11.326360501029892
0.950 1.000 11.342988036926096
1.000 0.050 11.355389497222802
1.000 0.100 11.360336352369758
1.000 0.150 11.360319427913415
1.000 0.200 11.346917328804583
1.000 0.250 11.305172921019564
1.000 0.300 11.29721916038006
1.000 0.350 11.29721916038006
1.000 0.400 11.29721916038006
1.000 0.450 11.296918544806328
1.000 0.500 11.336482731530296
1.000 0.550 11.336482731530296
1.000 0.600 11.336482731530296
1.000 0.650 11.333848347225443
1.000 0.700 11.32294450095971
1.000 0.750 11.320434764581773
1.000 0.800 11.316801153851076
1.000 0.850 11.316801153851076
1.000 0.900 11.316801153851076
1.000 0.950 11.316801153851076
1.000 1.000 11.342988036926096
