0.020 0.020  102.5
0.020 0.040  102.5
0.020 0.060  102.5
0.020 0.080  137.0
0.020 0.100  137.5
0.020 0.120  139.5
0.020 0.140  120.0
0.020 0.160  120.5
0.020 0.180  121.5
0.020 0.200  121.5
0.020 0.220  121.5
0.020 0.240  121.5
0.020 0.260  124.0
0.020 0.280  124.0
0.020 0.300  125.0
0.020 0.320  125.0
0.020 0.340  126.0
0.020 0.360  126.0
0.020 0.380  126.5
0.020 0.400  127.5
0.020 0.420  128.0
0.020 0.440  128.0
0.020 0.460  153.0
0.020 0.480  132.0
0.020 0.500  132.0
0.020 0.520  132.0
0.020 0.540  132.0
0.020 0.560  132.0
0.020 0.580  132.0
0.020 0.600  132.0
0.020 0.620  132.0
0.020 0.640  132.0
0.020 0.660  132.0
0.020 0.680  132.0
0.020 0.700  132.5
0.020 0.720  132.5
0.020 0.740  134.5
0.020 0.760  136.0
0.020 0.780  137.5
0.020 0.800  138.0
0.020 0.820  138.0
0.020 0.840  138.0
0.020 0.860  138.0
0.020 0.880  138.0
0.020 0.900  138.0
0.020 0.920  138.0
0.020 0.940  138.0
0.020 0.960  138.0
0.020 0.980  142.5
0.020 1.000  142.5
0.040 0.020  110.5
0.040 0.040  110.5
0.040 0.060  110.5
0.040 0.080  116.0
0.040 0.100  117.0
0.040 0.120  118.5
0.040 0.140  116.0
0.040 0.160  116.5
0.040 0.180  118.5
0.040 0.200  118.5
0.040 0.220  118.5
0.040 0.240  118.5
0.040 0.260  121.0
0.040 0.280  121.0
0.040 0.300  123.5
0.040 0.320  123.5
0.040 0.340  124.5
0.040 0.360  124.5
0.040 0.380  125.0
0.040 0.400  126.0
0.040 0.420  126.5
0.040 0.440  126.5
0.040 0.460  136.5
0.040 0.480  87.5
0.040 0.500  87.5
0.040 0.520  87.5
0.040 0.540  87.5
0.040 0.560  87.5
0.040 0.580  87.5
0.040 0.600  87.5
0.040 0.620  87.5
0.040 0.640  87.5
0.040 0.660  91.0
0.040 0.680  91.0
0.040 0.700  91.5
0.040 0.720  96.0
0.040 0.740  98.0
0.040 0.760  104.5
0.040 0.780  106.0
0.040 0.800  106.5
0.040 0.820  106.5
0.040 0.840  106.5
0.040 0.860  106.5
0.040 0.880  104.0
0.040 0.900  104.0
0.040 0.920  104.0
0.040 0.940  104.0
0.040 0.960  104.0
0.040 0.980  111.0
0.040 1.000  111.0
0.060 0.020  109.0
0.060 0.040  109.0
0.060 0.060  109.0
0.060 0.080  112.0
0.060 0.100  112.0
0.060 0.120  114.0
0.060 0.140  114.5
0.060 0.160  117.5
0.060 0.180  119.5
0.060 0.200  119.5
0.060 0.220  119.5
0.060 0.240  119.5
0.060 0.260  121.0
0.060 0.280  121.0
0.060 0.300  123.5
0.060 0.320  123.5
0.060 0.340  124.5
0.060 0.360  124.5
0.060 0.380  125.0
0.060 0.400  126.0
0.060 0.420  126.5
0.060 0.440  126.5
0.060 0.460  146.5
0.060 0.480  108.5
0.060 0.500  108.5
0.060 0.520  108.5
0.060 0.540  108.5
0.060 0.560  108.5
0.060 0.580  108.5
0.060 0.600  108.5
0.060 0.620  108.5
0.060 0.640  108.5
0.060 0.660  112.0
0.060 0.680  112.0
0.060 0.700  112.5
0.060 0.720  115.0
0.060 0.740  117.0
0.060 0.760  118.5
0.060 0.780  120.0
0.060 0.800  120.5
0.060 0.820  120.5
0.060 0.840  120.5
0.060 0.860  120.5
0.060 0.880  120.5
0.060 0.900  120.5
0.060 0.920  120.5
0.060 0.940  120.5
0.060 0.960  120.5
0.060 0.980  129.5
0.060 1.000  129.5
0.080 0.020  121.5
0.080 0.040  121.5
0.080 0.060  121.5
0.080 0.080  124.0
0.080 0.100  124.5
0.080 0.120  126.5
0.080 0.140  127.0
0.080 0.160  128.0
0.080 0.180  130.0
0.080 0.200  130.0
0.080 0.220  130.0
0.080 0.240  130.0
0.080 0.260  131.5
0.080 0.280  131.5
0.080 0.300  134.0
0.080 0.320  134.0
0.080 0.340  135.0
0.080 0.360  135.0
0.080 0.380  135.5
0.080 0.400  136.5
0.080 0.420  137.0
0.080 0.440  137.0
0.080 0.460  164.5
0.080 0.480  127.5
0.080 0.500  127.5
0.080 0.520  127.5
0.080 0.540  127.5
0.080 0.560  127.5
0.080 0.580  127.5
0.080 0.600  127.5
0.080 0.620  127.5
0.080 0.640  127.5
0.080 0.660  135.5
0.080 0.680  135.5
0.080 0.700  136.0
0.080 0.720  138.5
0.080 0.740  140.5
0.080 0.760  142.0
0.080 0.780  143.5
0.080 0.800  144.0
0.080 0.820  144.0
0.080 0.840  144.0
0.080 0.860  144.0
0.080 0.880  144.0
0.080 0.900  144.0
0.080 0.920  144.0
0.080 0.940  144.0
0.080 0.960  144.0
0.080 0.980  148.5
0.080 1.000  148.5
0.100 0.020  124.0
0.100 0.040  124.0
0.100 0.060  124.0
0.100 0.080  126.5
0.100 0.100  127.0
0.100 0.120  129.0
0.100 0.140  129.5
0.100 0.160  130.5
0.100 0.180  132.5
0.100 0.200  132.5
0.100 0.220  132.5
0.100 0.240  132.5
0.100 0.260  134.0
0.100 0.280  134.0
0.100 0.300  136.5
0.100 0.320  136.5
0.100 0.340  137.5
0.100 0.360  137.5
0.100 0.380  138.0
0.100 0.400  139.0
0.100 0.420  139.5
0.100 0.440  139.5
0.100 0.460  163.0
0.100 0.480  130.0
0.100 0.500  130.0
0.100 0.520  130.0
0.100 0.540  130.0
0.100 0.560  130.0
0.100 0.580  130.0
0.100 0.600  131.5
0.100 0.620  131.5
0.100 0.640  131.5
0.100 0.660  139.5
0.100 0.680  139.5
0.100 0.700  140.0
0.100 0.720  142.5
0.100 0.740  143.0
0.100 0.760  144.5
0.100 0.780  146.0
0.100 0.800  149.0
0.100 0.820  149.0
0.100 0.840  149.0
0.100 0.860  149.0
0.100 0.880  149.0
0.100 0.900  149.0
0.100 0.920  149.0
0.100 0.940  149.0
0.100 0.960  149.0
0.100 0.980  158.5
0.100 1.000  158.5
0.120 0.020  124.0
0.120 0.040  124.0
0.120 0.060  124.0
0.120 0.080  126.5
0.120 0.100  127.0
0.120 0.120  129.0
0.120 0.140  129.5
0.120 0.160  130.5
0.120 0.180  132.5
0.120 0.200  132.5
0.120 0.220  132.5
0.120 0.240  132.5
0.120 0.260  134.0
0.120 0.280  134.0
0.120 0.300  136.5
0.120 0.320  136.5
0.120 0.340  137.5
0.120 0.360  137.5
0.120 0.380  138.0
0.120 0.400  139.0
0.120 0.420  139.5
0.120 0.440  139.5
0.120 0.460  163.0
0.120 0.480  130.0
0.120 0.500  130.0
0.120 0.520  130.0
0.120 0.540  130.0
0.120 0.560  130.0
0.120 0.580  130.0
0.120 0.600  131.5
0.120 0.620  131.5
0.120 0.640  131.5
0.120 0.660  139.5
0.120 0.680  139.5
0.120 0.700  140.0
0.120 0.720  142.5
0.120 0.740  143.0
0.120 0.760  144.5
0.120 0.780  146.0
0.120 0.800  149.0
0.120 0.820  149.0
0.120 0.840  149.0
0.120 0.860  149.0
0.120 0.880  149.0
0.120 0.900  149.0
0.120 0.920  149.0
0.120 0.940  149.0
0.120 0.960  149.0
0.120 0.980  158.5
0.120 1.000  158.5
0.140 0.020  124.5
0.140 0.040  124.5
0.140 0.060  124.5
0.140 0.080  128.0
0.140 0.100  128.5
0.140 0.120  130.5
0.140 0.140  131.0
0.140 0.160  132.0
0.140 0.180  134.0
0.140 0.200  134.0
0.140 0.220  134.0
0.140 0.240  134.0
0.140 0.260  137.5
0.140 0.280  137.5
0.140 0.300  140.0
0.140 0.320  140.0
0.140 0.340  141.0
0.140 0.360  141.0
0.140 0.380  141.5
0.140 0.400  142.5
0.140 0.420  143.0
0.140 0.440  143.0
0.140 0.460  162.0
0.140 0.480  128.0
0.140 0.500  128.0
0.140 0.520  128.0
0.140 0.540  128.0
0.140 0.560  128.0
0.140 0.580  128.0
0.140 0.600  128.0
0.140 0.620  128.0
0.140 0.640  128.0
0.140 0.660  135.5
0.140 0.680  135.5
0.140 0.700  136.0
0.140 0.720  138.5
0.140 0.740  140.5
0.140 0.760  142.0
0.140 0.780  143.5
0.140 0.800  144.0
0.140 0.820  144.0
0.140 0.840  144.0
0.140 0.860  144.0
0.140 0.880  144.0
0.140 0.900  144.0
0.140 0.920  144.0
0.140 0.940  144.0
0.140 0.960  144.0
0.140 0.980  148.5
0.140 1.000  148.5
0.160 0.020  125.0
0.160 0.040  125.0
0.160 0.060  125.0
0.160 0.080  128.5
0.160 0.100  129.0
0.160 0.120  131.0
0.160 0.140  131.5
0.160 0.160  132.5
0.160 0.180  134.5
0.160 0.200  134.5
0.160 0.220  134.5
0.160 0.240  136.0
0.160 0.260  139.0
0.160 0.280  139.0
0.160 0.300  141.5
0.160 0.320  141.5
0.160 0.340  142.5
0.160 0.360  142.5
0.160 0.380  143.0
0.160 0.400  144.0
0.160 0.420  144.5
0.160 0.440  144.5
0.160 0.460  163.0
0.160 0.480  128.0
0.160 0.500  128.0
0.160 0.520  128.0
0.160 0.540  128.0
0.160 0.560  128.0
0.160 0.580  128.0
0.160 0.600  128.0
0.160 0.620  128.0
0.160 0.640  128.0
0.160 0.660  135.5
0.160 0.680  135.5
0.160 0.700  136.0
0.160 0.720  138.5
0.160 0.740  140.5
0.160 0.760  142.0
0.160 0.780  143.5
0.160 0.800  144.0
0.160 0.820  144.0
0.160 0.840  144.0
0.160 0.860  144.0
0.160 0.880  144.0
0.160 0.900  144.0
0.160 0.920  144.0
0.160 0.940  144.0
0.160 0.960  144.0
0.160 0.980  148.5
0.160 1.000  148.5
0.180 0.020  125.0
0.180 0.040  125.0
0.180 0.060  125.0
0.180 0.080  128.5
0.180 0.100  129.0
0.180 0.120  131.0
0.180 0.140  131.5
0.180 0.160  132.5
0.180 0.180  135.5
0.180 0.200  135.5
0.180 0.220  135.5
0.180 0.240  137.0
0.180 0.260  139.0
0.180 0.280  139.0
0.180 0.300  141.5
0.180 0.320  141.5
0.180 0.340  142.5
0.180 0.360  142.5
0.180 0.380  143.0
0.180 0.400  144.0
0.180 0.420  144.5
0.180 0.440  144.5
0.180 0.460  163.0
0.180 0.480  128.0
0.180 0.500  128.0
0.180 0.520  128.0
0.180 0.540  128.0
0.180 0.560  128.0
0.180 0.580  128.0
0.180 0.600  128.0
0.180 0.620  128.0
0.180 0.640  128.0
0.180 0.660  135.5
0.180 0.680  135.5
0.180 0.700  136.0
0.180 0.720  138.5
0.180 0.740  140.5
0.180 0.760  142.0
0.180 0.780  143.5
0.180 0.800  144.0
0.180 0.820  144.0
0.180 0.840  144.0
0.180 0.860  144.0
0.180 0.880  144.0
0.180 0.900  144.0
0.180 0.920  144.0
0.180 0.940  144.0
0.180 0.960  144.0
0.180 0.980  148.5
0.180 1.000  148.5
0.200 0.020  123.5
0.200 0.040  123.5
0.200 0.060  123.5
0.200 0.080  127.0
0.200 0.100  127.5
0.200 0.120  129.5
0.200 0.140  130.0
0.200 0.160  131.0
0.200 0.180  133.0
0.200 0.200  133.0
0.200 0.220  133.0
0.200 0.240  134.5
0.200 0.260  139.0
0.200 0.280  139.0
0.200 0.300  141.5
0.200 0.320  141.5
0.200 0.340  142.5
0.200 0.360  142.5
0.200 0.380  143.0
0.200 0.400  144.0
0.200 0.420  144.5
0.200 0.440  144.5
0.200 0.460  163.0
0.200 0.480  128.0
0.200 0.500  128.0
0.200 0.520  128.0
0.200 0.540  128.0
0.200 0.560  128.0
0.200 0.580  128.0
0.200 0.600  128.0
0.200 0.620  128.0
0.200 0.640  128.0
0.200 0.660  135.5
0.200 0.680  135.5
0.200 0.700  136.0
0.200 0.720  138.5
0.200 0.740  140.5
0.200 0.760  142.0
0.200 0.780  143.5
0.200 0.800  144.0
0.200 0.820  144.0
0.200 0.840  144.0
0.200 0.860  144.0
0.200 0.880  144.0
0.200 0.900  144.0
0.200 0.920  144.0
0.200 0.940  144.0
0.200 0.960  144.0
0.200 0.980  148.5
0.200 1.000  148.5
0.220 0.020  123.5
0.220 0.040  123.5
0.220 0.060  123.5
0.220 0.080  129.5
0.220 0.100  127.5
0.220 0.120  129.5
0.220 0.140  130.0
0.220 0.160  131.0
0.220 0.180  133.0
0.220 0.200  133.0
0.220 0.220  133.0
0.220 0.240  134.5
0.220 0.260  139.0
0.220 0.280  139.0
0.220 0.300  141.5
0.220 0.320  141.5
0.220 0.340  142.5
0.220 0.360  142.5
0.220 0.380  143.0
0.220 0.400  144.0
0.220 0.420  144.5
0.220 0.440  144.5
0.220 0.460  163.0
0.220 0.480  128.0
0.220 0.500  128.0
0.220 0.520  128.0
0.220 0.540  128.0
0.220 0.560  128.0
0.220 0.580  128.0
0.220 0.600  128.0
0.220 0.620  128.0
0.220 0.640  128.0
0.220 0.660  135.5
0.220 0.680  135.5
0.220 0.700  136.0
0.220 0.720  138.5
0.220 0.740  140.5
0.220 0.760  142.0
0.220 0.780  143.5
0.220 0.800  144.0
0.220 0.820  144.0
0.220 0.840  144.0
0.220 0.860  144.0
0.220 0.880  144.0
0.220 0.900  144.0
0.220 0.920  144.0
0.220 0.940  144.0
0.220 0.960  144.0
0.220 0.980  148.5
0.220 1.000  148.5
0.240 0.020  126.0
0.240 0.040  126.0
0.240 0.060  126.0
0.240 0.080  129.5
0.240 0.100  130.0
0.240 0.120  132.0
0.240 0.140  132.5
0.240 0.160  133.5
0.240 0.180  135.5
0.240 0.200  135.5
0.240 0.220  135.5
0.240 0.240  137.0
0.240 0.260  141.5
0.240 0.280  142.0
0.240 0.300  144.5
0.240 0.320  144.5
0.240 0.340  145.0
0.240 0.360  145.0
0.240 0.380  145.5
0.240 0.400  146.5
0.240 0.420  147.0
0.240 0.440  147.0
0.240 0.460  165.5
0.240 0.480  128.0
0.240 0.500  128.0
0.240 0.520  128.0
0.240 0.540  128.0
0.240 0.560  128.0
0.240 0.580  128.0
0.240 0.600  128.0
0.240 0.620  128.0
0.240 0.640  128.0
0.240 0.660  135.5
0.240 0.680  135.5
0.240 0.700  136.0
0.240 0.720  138.5
0.240 0.740  140.5
0.240 0.760  142.0
0.240 0.780  143.5
0.240 0.800  144.0
0.240 0.820  144.0
0.240 0.840  144.0
0.240 0.860  144.0
0.240 0.880  144.0
0.240 0.900  144.0
0.240 0.920  144.0
0.240 0.940  144.0
0.240 0.960  144.0
0.240 0.980  148.5
0.240 1.000  148.5
0.260 0.020  141.5
0.260 0.040  141.5
0.260 0.060  141.5
0.260 0.080  145.0
0.260 0.100  145.5
0.260 0.120  147.5
0.260 0.140  148.0
0.260 0.160  149.0
0.260 0.180  151.0
0.260 0.200  151.0
0.260 0.220  151.0
0.260 0.240  154.0
0.260 0.260  154.0
0.260 0.280  154.5
0.260 0.300  154.5
0.260 0.320  154.5
0.260 0.340  158.5
0.260 0.360  158.5
0.260 0.380  159.0
0.260 0.400  160.0
0.260 0.420  160.5
0.260 0.440  160.5
0.260 0.460  166.5
0.260 0.480  129.0
0.260 0.500  129.0
0.260 0.520  129.0
0.260 0.540  129.0
0.260 0.560  129.0
0.260 0.580  129.0
0.260 0.600  129.0
0.260 0.620  129.0
0.260 0.640  129.0
0.260 0.660  136.5
0.260 0.680  136.5
0.260 0.700  137.0
0.260 0.720  139.5
0.260 0.740  141.5
0.260 0.760  143.0
0.260 0.780  144.5
0.260 0.800  145.0
0.260 0.820  145.0
0.260 0.840  145.0
0.260 0.860  145.0
0.260 0.880  145.0
0.260 0.900  145.0
0.260 0.920  145.0
0.260 0.940  145.0
0.260 0.960  145.0
0.260 0.980  149.5
0.260 1.000  149.5
0.280 0.020  141.5
0.280 0.040  141.5
0.280 0.060  141.5
0.280 0.080  145.0
0.280 0.100  145.5
0.280 0.120  147.5
0.280 0.140  148.0
0.280 0.160  149.0
0.280 0.180  151.0
0.280 0.200  151.0
0.280 0.220  151.0
0.280 0.240  154.0
0.280 0.260  154.0
0.280 0.280  154.5
0.280 0.300  154.5
0.280 0.320  154.5
0.280 0.340  158.5
0.280 0.360  158.5
0.280 0.380  159.0
0.280 0.400  160.0
0.280 0.420  160.5
0.280 0.440  160.5
0.280 0.460  166.5
0.280 0.480  129.0
0.280 0.500  129.0
0.280 0.520  129.0
0.280 0.540  129.0
0.280 0.560  129.0
0.280 0.580  129.0
0.280 0.600  129.0
0.280 0.620  129.0
0.280 0.640  129.0
0.280 0.660  136.5
0.280 0.680  136.5
0.280 0.700  137.0
0.280 0.720  139.5
0.280 0.740  141.5
0.280 0.760  143.0
0.280 0.780  144.5
0.280 0.800  145.0
0.280 0.820  145.0
0.280 0.840  145.0
0.280 0.860  145.0
0.280 0.880  145.0
0.280 0.900  145.0
0.280 0.920  145.0
0.280 0.940  145.0
0.280 0.960  145.0
0.280 0.980  149.5
0.280 1.000  149.5
0.300 0.020  139.5
0.300 0.040  139.5
0.300 0.060  139.5
0.300 0.080  143.0
0.300 0.100  143.5
0.300 0.120  145.5
0.300 0.140  146.0
0.300 0.160  147.0
0.300 0.180  149.0
0.300 0.200  149.0
0.300 0.220  149.0
0.300 0.240  152.0
0.300 0.260  154.0
0.300 0.280  154.5
0.300 0.300  154.5
0.300 0.320  154.5
0.300 0.340  158.5
0.300 0.360  158.5
0.300 0.380  159.0
0.300 0.400  160.0
0.300 0.420  160.5
0.300 0.440  160.5
0.300 0.460  166.5
0.300 0.480  129.0
0.300 0.500  129.0
0.300 0.520  129.0
0.300 0.540  129.0
0.300 0.560  129.0
0.300 0.580  129.0
0.300 0.600  129.0
0.300 0.620  129.0
0.300 0.640  129.0
0.300 0.660  136.5
0.300 0.680  136.5
0.300 0.700  137.0
0.300 0.720  139.5
0.300 0.740  141.5
0.300 0.760  143.0
0.300 0.780  144.5
0.300 0.800  145.0
0.300 0.820  145.0
0.300 0.840  145.0
0.300 0.860  145.0
0.300 0.880  145.0
0.300 0.900  145.0
0.300 0.920  145.0
0.300 0.940  145.0
0.300 0.960  145.0
0.300 0.980  146.0
0.300 1.000  146.0
0.320 0.020  139.5
0.320 0.040  139.5
0.320 0.060  139.5
0.320 0.080  143.0
0.320 0.100  143.5
0.320 0.120  145.5
0.320 0.140  146.0
0.320 0.160  147.0
0.320 0.180  149.0
0.320 0.200  149.0
0.320 0.220  149.0
0.320 0.240  152.0
0.320 0.260  154.0
0.320 0.280  154.5
0.320 0.300  154.5
0.320 0.320  154.5
0.320 0.340  158.5
0.320 0.360  158.5
0.320 0.380  159.0
0.320 0.400  160.0
0.320 0.420  160.5
0.320 0.440  160.5
0.320 0.460  166.5
0.320 0.480  129.0
0.320 0.500  129.0
0.320 0.520  129.0
0.320 0.540  129.0
0.320 0.560  129.0
0.320 0.580  129.0
0.320 0.600  129.0
0.320 0.620  129.0
0.320 0.640  129.0
0.320 0.660  136.5
0.320 0.680  136.5
0.320 0.700  137.0
0.320 0.720  139.5
0.320 0.740  141.5
0.320 0.760  143.0
0.320 0.780  144.5
0.320 0.800  145.0
0.320 0.820  145.0
0.320 0.840  145.0
0.320 0.860  145.0
0.320 0.880  145.0
0.320 0.900  145.0
0.320 0.920  145.0
0.320 0.940  145.0
0.320 0.960  145.0
0.320 0.980  148.0
0.320 1.000  148.0
0.340 0.020  139.5
0.340 0.040  139.5
0.340 0.060  139.5
0.340 0.080  143.0
0.340 0.100  143.5
0.340 0.120  145.5
0.340 0.140  146.0
0.340 0.160  147.0
0.340 0.180  149.0
0.340 0.200  149.0
0.340 0.220  149.0
0.340 0.240  152.0
0.340 0.260  154.0
0.340 0.280  154.5
0.340 0.300  154.5
0.340 0.320  154.5
0.340 0.340  158.5
0.340 0.360  158.5
0.340 0.380  159.0
0.340 0.400  160.0
0.340 0.420  160.5
0.340 0.440  160.5
0.340 0.460  166.5
0.340 0.480  127.5
0.340 0.500  127.5
0.340 0.520  127.5
0.340 0.540  127.5
0.340 0.560  127.5
0.340 0.580  127.5
0.340 0.600  127.5
0.340 0.620  127.5
0.340 0.640  127.5
0.340 0.660  135.0
0.340 0.680  135.0
0.340 0.700  135.5
0.340 0.720  138.0
0.340 0.740  140.0
0.340 0.760  141.5
0.340 0.780  143.0
0.340 0.800  143.5
0.340 0.820  143.5
0.340 0.840  143.5
0.340 0.860  143.5
0.340 0.880  143.5
0.340 0.900  143.5
0.340 0.920  143.5
0.340 0.940  143.5
0.340 0.960  143.5
0.340 0.980  148.0
0.340 1.000  148.0
0.360 0.020  139.5
0.360 0.040  139.5
0.360 0.060  139.5
0.360 0.080  143.0
0.360 0.100  143.5
0.360 0.120  145.5
0.360 0.140  146.0
0.360 0.160  147.0
0.360 0.180  149.0
0.360 0.200  149.0
0.360 0.220  149.0
0.360 0.240  149.5
0.360 0.260  151.5
0.360 0.280  152.0
0.360 0.300  154.5
0.360 0.320  154.5
0.360 0.340  158.5
0.360 0.360  158.5
0.360 0.380  159.0
0.360 0.400  160.0
0.360 0.420  160.5
0.360 0.440  160.5
0.360 0.460  166.5
0.360 0.480  134.5
0.360 0.500  134.5
0.360 0.520  134.5
0.360 0.540  134.5
0.360 0.560  134.5
0.360 0.580  134.5
0.360 0.600  134.5
0.360 0.620  134.5
0.360 0.640  134.5
0.360 0.660  139.5
0.360 0.680  139.5
0.360 0.700  135.0
0.360 0.720  137.5
0.360 0.740  140.0
0.360 0.760  141.5
0.360 0.780  143.0
0.360 0.800  143.5
0.360 0.820  143.5
0.360 0.840  143.5
0.360 0.860  143.5
0.360 0.880  143.5
0.360 0.900  143.5
0.360 0.920  143.5
0.360 0.940  143.5
0.360 0.960  143.5
0.360 0.980  148.0
0.360 1.000  148.0
0.380 0.020  139.5
0.380 0.040  139.5
0.380 0.060  139.5
0.380 0.080  143.0
0.380 0.100  143.5
0.380 0.120  145.5
0.380 0.140  146.0
0.380 0.160  147.0
0.380 0.180  149.0
0.380 0.200  149.0
0.380 0.220  149.0
0.380 0.240  149.5
0.380 0.260  153.5
0.380 0.280  154.0
0.380 0.300  156.5
0.380 0.320  156.5
0.380 0.340  160.5
0.380 0.360  161.0
0.380 0.380  161.5
0.380 0.400  162.5
0.380 0.420  163.0
0.380 0.440  163.0
0.380 0.460  167.5
0.380 0.480  133.5
0.380 0.500  133.5
0.380 0.520  133.5
0.380 0.540  133.5
0.380 0.560  133.5
0.380 0.580  133.5
0.380 0.600  133.5
0.380 0.620  133.5
0.380 0.640  133.5
0.380 0.660  139.5
0.380 0.680  139.5
0.380 0.700  135.0
0.380 0.720  137.5
0.380 0.740  140.0
0.380 0.760  141.5
0.380 0.780  143.0
0.380 0.800  143.5
0.380 0.820  143.5
0.380 0.840  143.5
0.380 0.860  143.5
0.380 0.880  143.5
0.380 0.900  143.5
0.380 0.920  143.5
0.380 0.940  143.5
0.380 0.960  143.5
0.380 0.980  148.0
0.380 1.000  148.0
0.400 0.020  91.5
0.400 0.040  91.5
0.400 0.060  91.5
0.400 0.080  94.5
0.400 0.100  95.0
0.400 0.120  97.0
0.400 0.140  98.0
0.400 0.160  99.5
0.400 0.180  101.5
0.400 0.200  101.5
0.400 0.220  101.5
0.400 0.240  102.0
0.400 0.260  105.0
0.400 0.280  105.5
0.400 0.300  110.5
0.400 0.320  110.5
0.400 0.340  114.5
0.400 0.360  114.5
0.400 0.380  115.0
0.400 0.400  116.5
0.400 0.420  117.0
0.400 0.440  117.0
0.400 0.460  117.0
0.400 0.480  88.0
0.400 0.500  88.0
0.400 0.520  88.0
0.400 0.540  88.0
0.400 0.560  88.0
0.400 0.580  88.0
0.400 0.600  88.0
0.400 0.620  88.0
0.400 0.640  88.0
0.400 0.660  91.5
0.400 0.680  91.5
0.400 0.700  87.5
0.400 0.720  94.5
0.400 0.740  97.0
0.400 0.760  98.5
0.400 0.780  100.0
0.400 0.800  100.5
0.400 0.820  100.5
0.400 0.840  100.5
0.400 0.860  100.5
0.400 0.880  100.5
0.400 0.900  100.5
0.400 0.920  100.5
0.400 0.940  100.5
0.400 0.960  100.5
0.400 0.980  105.0
0.400 1.000  105.0
0.420 0.020  92.5
0.420 0.040  92.5
0.420 0.060  92.5
0.420 0.080  95.5
0.420 0.100  96.0
0.420 0.120  98.0
0.420 0.140  99.0
0.420 0.160  100.5
0.420 0.180  102.5
0.420 0.200  102.5
0.420 0.220  102.5
0.420 0.240  103.0
0.420 0.260  105.0
0.420 0.280  105.5
0.420 0.300  110.5
0.420 0.320  110.5
0.420 0.340  114.5
0.420 0.360  114.5
0.420 0.380  115.0
0.420 0.400  116.5
0.420 0.420  117.0
0.420 0.440  117.0
0.420 0.460  117.0
0.420 0.480  88.0
0.420 0.500  88.0
0.420 0.520  88.0
0.420 0.540  88.0
0.420 0.560  88.0
0.420 0.580  88.0
0.420 0.600  88.0
0.420 0.620  88.0
0.420 0.640  88.0
0.420 0.660  91.5
0.420 0.680  91.5
0.420 0.700  87.5
0.420 0.720  94.5
0.420 0.740  97.0
0.420 0.760  98.5
0.420 0.780  100.0
0.420 0.800  100.5
0.420 0.820  100.5
0.420 0.840  100.5
0.420 0.860  100.5
0.420 0.880  100.5
0.420 0.900  100.5
0.420 0.920  100.5
0.420 0.940  100.5
0.420 0.960  100.5
0.420 0.980  105.0
0.420 1.000  105.0
0.440 0.020  92.5
0.440 0.040  92.5
0.440 0.060  92.5
0.440 0.080  95.5
0.440 0.100  96.0
0.440 0.120  98.0
0.440 0.140  99.0
0.440 0.160  100.5
0.440 0.180  102.5
0.440 0.200  102.5
0.440 0.220  102.5
0.440 0.240  103.0
0.440 0.260  105.0
0.440 0.280  105.5
0.440 0.300  110.5
0.440 0.320  110.5
0.440 0.340  114.5
0.440 0.360  114.5
0.440 0.380  115.0
0.440 0.400  116.5
0.440 0.420  117.0
0.440 0.440  117.0
0.440 0.460  117.0
0.440 0.480  88.0
0.440 0.500  88.0
0.440 0.520  88.0
0.440 0.540  88.0
0.440 0.560  88.0
0.440 0.580  88.0
0.440 0.600  88.0
0.440 0.620  88.0
0.440 0.640  88.0
0.440 0.660  91.5
0.440 0.680  91.5
0.440 0.700  87.5
0.440 0.720  94.5
0.440 0.740  97.0
0.440 0.760  98.5
0.440 0.780  100.0
0.440 0.800  100.5
0.440 0.820  100.5
0.440 0.840  100.5
0.440 0.860  100.5
0.440 0.880  100.5
0.440 0.900  100.5
0.440 0.920  100.5
0.440 0.940  100.5
0.440 0.960  100.5
0.440 0.980  105.0
0.440 1.000  105.0
0.460 0.020  92.5
0.460 0.040  92.5
0.460 0.060  92.5
0.460 0.080  95.5
0.460 0.100  96.0
0.460 0.120  98.0
0.460 0.140  99.0
0.460 0.160  100.5
0.460 0.180  102.5
0.460 0.200  102.5
0.460 0.220  102.5
0.460 0.240  103.0
0.460 0.260  105.0
0.460 0.280  105.5
0.460 0.300  110.5
0.460 0.320  110.5
0.460 0.340  114.5
0.460 0.360  114.5
0.460 0.380  115.0
0.460 0.400  116.5
0.460 0.420  117.0
0.460 0.440  117.0
0.460 0.460  117.0
0.460 0.480  83.0
0.460 0.500  83.0
0.460 0.520  83.0
0.460 0.540  83.0
0.460 0.560  83.0
0.460 0.580  83.0
0.460 0.600  83.0
0.460 0.620  83.0
0.460 0.640  83.0
0.460 0.660  86.5
0.460 0.680  86.5
0.460 0.700  87.5
0.460 0.720  94.5
0.460 0.740  97.0
0.460 0.760  98.5
0.460 0.780  100.0
0.460 0.800  100.5
0.460 0.820  100.5
0.460 0.840  100.5
0.460 0.860  100.5
0.460 0.880  100.5
0.460 0.900  100.5
0.460 0.920  100.5
0.460 0.940  100.5
0.460 0.960  100.5
0.460 0.980  105.0
0.460 1.000  105.0
0.480 0.020  92.5
0.480 0.040  92.5
0.480 0.060  92.5
0.480 0.080  95.5
0.480 0.100  96.0
0.480 0.120  98.0
0.480 0.140  99.0
0.480 0.160  100.5
0.480 0.180  102.5
0.480 0.200  102.5
0.480 0.220  102.5
0.480 0.240  105.0
0.480 0.260  107.5
0.480 0.280  108.0
0.480 0.300  110.5
0.480 0.320  110.5
0.480 0.340  114.5
0.480 0.360  114.5
0.480 0.380  115.0
0.480 0.400  116.5
0.480 0.420  117.0
0.480 0.440  117.0
0.480 0.460  117.0
0.480 0.480  83.0
0.480 0.500  83.0
0.480 0.520  83.0
0.480 0.540  83.0
0.480 0.560  83.0
0.480 0.580  83.0
0.480 0.600  83.0
0.480 0.620  83.0
0.480 0.640  83.0
0.480 0.660  86.5
0.480 0.680  86.5
0.480 0.700  87.5
0.480 0.720  94.5
0.480 0.740  97.0
0.480 0.760  98.5
0.480 0.780  100.0
0.480 0.800  100.5
0.480 0.820  100.5
0.480 0.840  100.5
0.480 0.860  100.5
0.480 0.880  100.5
0.480 0.900  100.5
0.480 0.920  100.5
0.480 0.940  100.5
0.480 0.960  100.5
0.480 0.980  105.0
0.480 1.000  105.0
0.500 0.020  92.5
0.500 0.040  92.5
0.500 0.060  92.5
0.500 0.080  95.5
0.500 0.100  96.0
0.500 0.120  98.0
0.500 0.140  99.0
0.500 0.160  100.5
0.500 0.180  102.5
0.500 0.200  102.5
0.500 0.220  102.5
0.500 0.240  105.0
0.500 0.260  107.5
0.500 0.280  108.0
0.500 0.300  110.5
0.500 0.320  110.5
0.500 0.340  114.5
0.500 0.360  114.5
0.500 0.380  115.0
0.500 0.400  116.5
0.500 0.420  117.0
0.500 0.440  117.0
0.500 0.460  117.0
0.500 0.480  83.0
0.500 0.500  83.0
0.500 0.520  83.0
0.500 0.540  83.0
0.500 0.560  83.0
0.500 0.580  83.0
0.500 0.600  83.0
0.500 0.620  83.0
0.500 0.640  83.0
0.500 0.660  86.5
0.500 0.680  86.5
0.500 0.700  87.5
0.500 0.720  94.5
0.500 0.740  97.0
0.500 0.760  98.5
0.500 0.780  100.0
0.500 0.800  100.5
0.500 0.820  100.5
0.500 0.840  100.5
0.500 0.860  100.5
0.500 0.880  100.5
0.500 0.900  100.5
0.500 0.920  100.5
0.500 0.940  100.5
0.500 0.960  100.5
0.500 0.980  109.5
0.500 1.000  109.5
0.520 0.020  94.0
0.520 0.040  94.0
0.520 0.060  94.0
0.520 0.080  97.5
0.520 0.100  98.0
0.520 0.120  100.0
0.520 0.140  101.0
0.520 0.160  102.5
0.520 0.180  104.5
0.520 0.200  104.5
0.520 0.220  104.5
0.520 0.240  106.0
0.520 0.260  111.0
0.520 0.280  111.5
0.520 0.300  114.0
0.520 0.320  114.0
0.520 0.340  114.5
0.520 0.360  114.5
0.520 0.380  115.0
0.520 0.400  116.5
0.520 0.420  117.0
0.520 0.440  117.0
0.520 0.460  117.0
0.520 0.480  83.0
0.520 0.500  83.0
0.520 0.520  83.0
0.520 0.540  83.0
0.520 0.560  83.0
0.520 0.580  83.0
0.520 0.600  83.0
0.520 0.620  83.0
0.520 0.640  83.0
0.520 0.660  91.0
0.520 0.680  91.0
0.520 0.700  92.0
0.520 0.720  99.0
0.520 0.740  101.5
0.520 0.760  103.0
0.520 0.780  104.5
0.520 0.800  105.0
0.520 0.820  105.0
0.520 0.840  105.0
0.520 0.860  105.0
0.520 0.880  105.0
0.520 0.900  105.0
0.520 0.920  105.0
0.520 0.940  105.0
0.520 0.960  105.0
0.520 0.980  109.5
0.520 1.000  109.5
0.540 0.020  94.0
0.540 0.040  94.0
0.540 0.060  94.0
0.540 0.080  97.5
0.540 0.100  98.0
0.540 0.120  100.0
0.540 0.140  101.0
0.540 0.160  102.5
0.540 0.180  104.5
0.540 0.200  104.5
0.540 0.220  104.5
0.540 0.240  106.5
0.540 0.260  111.0
0.540 0.280  111.5
0.540 0.300  114.0
0.540 0.320  114.0
0.540 0.340  114.5
0.540 0.360  114.5
0.540 0.380  115.0
0.540 0.400  116.5
0.540 0.420  117.0
0.540 0.440  117.0
0.540 0.460  117.0
0.540 0.480  83.0
0.540 0.500  83.0
0.540 0.520  83.0
0.540 0.540  83.0
0.540 0.560  83.0
0.540 0.580  83.0
0.540 0.600  83.0
0.540 0.620  83.0
0.540 0.640  83.0
0.540 0.660  91.0
0.540 0.680  91.0
0.540 0.700  92.0
0.540 0.720  99.0
0.540 0.740  101.5
0.540 0.760  103.0
0.540 0.780  104.5
0.540 0.800  105.0
0.540 0.820  105.0
0.540 0.840  105.0
0.540 0.860  105.0
0.540 0.880  105.0
0.540 0.900  105.0
0.540 0.920  105.0
0.540 0.940  105.0
0.540 0.960  105.0
0.540 0.980  109.5
0.540 1.000  109.5
0.560 0.020  95.0
0.560 0.040  95.0
0.560 0.060  95.0
0.560 0.080  98.5
0.560 0.100  99.0
0.560 0.120  101.0
0.560 0.140  102.0
0.560 0.160  103.5
0.560 0.180  105.5
0.560 0.200  105.5
0.560 0.220  105.5
0.560 0.240  108.0
0.560 0.260  111.0
0.560 0.280  111.5
0.560 0.300  114.0
0.560 0.320  114.0
0.560 0.340  114.5
0.560 0.360  114.5
0.560 0.380  115.0
0.560 0.400  116.5
0.560 0.420  117.0
0.560 0.440  117.0
0.560 0.460  117.0
0.560 0.480  83.0
0.560 0.500  83.0
0.560 0.520  83.0
0.560 0.540  83.0
0.560 0.560  83.0
0.560 0.580  83.0
0.560 0.600  83.0
0.560 0.620  83.0
0.560 0.640  83.0
0.560 0.660  91.0
0.560 0.680  91.0
0.560 0.700  92.0
0.560 0.720  99.0
0.560 0.740  101.5
0.560 0.760  103.0
0.560 0.780  104.5
0.560 0.800  105.0
0.560 0.820  105.0
0.560 0.840  105.0
0.560 0.860  105.0
0.560 0.880  105.0
0.560 0.900  105.0
0.560 0.920  105.0
0.560 0.940  105.0
0.560 0.960  105.0
0.560 0.980  109.5
0.560 1.000  109.5
0.580 0.020  93.5
0.580 0.040  93.5
0.580 0.060  93.5
0.580 0.080  96.5
0.580 0.100  97.0
0.580 0.120  99.0
0.580 0.140  100.0
0.580 0.160  101.5
0.580 0.180  103.5
0.580 0.200  103.5
0.580 0.220  103.5
0.580 0.240  106.5
0.580 0.260  111.0
0.580 0.280  111.5
0.580 0.300  114.0
0.580 0.320  114.0
0.580 0.340  114.5
0.580 0.360  114.5
0.580 0.380  115.0
0.580 0.400  116.5
0.580 0.420  117.0
0.580 0.440  117.0
0.580 0.460  117.0
0.580 0.480  88.0
0.580 0.500  88.0
0.580 0.520  88.0
0.580 0.540  88.0
0.580 0.560  88.0
0.580 0.580  88.0
0.580 0.600  88.5
0.580 0.620  88.5
0.580 0.640  88.5
0.580 0.660  100.0
0.580 0.680  100.0
0.580 0.700  101.0
0.580 0.720  108.0
0.580 0.740  110.0
0.580 0.760  110.0
0.580 0.780  111.5
0.580 0.800  112.0
0.580 0.820  112.5
0.580 0.840  112.5
0.580 0.860  112.5
0.580 0.880  112.5
0.580 0.900  112.5
0.580 0.920  112.5
0.580 0.940  112.5
0.580 0.960  118.0
0.580 0.980  122.5
0.580 1.000  122.5
0.600 0.020  93.5
0.600 0.040  93.5
0.600 0.060  93.5
0.600 0.080  96.5
0.600 0.100  97.0
0.600 0.120  99.0
0.600 0.140  100.0
0.600 0.160  101.5
0.600 0.180  103.5
0.600 0.200  103.5
0.600 0.220  103.5
0.600 0.240  106.5
0.600 0.260  111.0
0.600 0.280  111.5
0.600 0.300  114.0
0.600 0.320  114.0
0.600 0.340  114.5
0.600 0.360  114.5
0.600 0.380  115.0
0.600 0.400  116.5
0.600 0.420  117.0
0.600 0.440  117.0
0.600 0.460  117.0
0.600 0.480  88.0
0.600 0.500  88.0
0.600 0.520  88.0
0.600 0.540  88.0
0.600 0.560  88.0
0.600 0.580  88.0
0.600 0.600  88.5
0.600 0.620  88.5
0.600 0.640  88.5
0.600 0.660  100.0
0.600 0.680  100.0
0.600 0.700  101.0
0.600 0.720  108.0
0.600 0.740  110.0
0.600 0.760  110.0
0.600 0.780  111.5
0.600 0.800  112.0
0.600 0.820  112.5
0.600 0.840  112.5
0.600 0.860  112.5
0.600 0.880  112.5
0.600 0.900  112.5
0.600 0.920  112.5
0.600 0.940  112.5
0.600 0.960  118.0
0.600 0.980  122.5
0.600 1.000  122.5
0.620 0.020  95.5
0.620 0.040  95.5
0.620 0.060  95.5
0.620 0.080  98.5
0.620 0.100  99.0
0.620 0.120  101.5
0.620 0.140  102.5
0.620 0.160  104.0
0.620 0.180  106.0
0.620 0.200  106.0
0.620 0.220  106.0
0.620 0.240  109.0
0.620 0.260  113.5
0.620 0.280  114.0
0.620 0.300  119.0
0.620 0.320  119.0
0.620 0.340  119.5
0.620 0.360  119.5
0.620 0.380  120.0
0.620 0.400  122.0
0.620 0.420  122.5
0.620 0.440  122.5
0.620 0.460  122.5
0.620 0.480  93.5
0.620 0.500  93.5
0.620 0.520  93.5
0.620 0.540  93.5
0.620 0.560  93.5
0.620 0.580  93.5
0.620 0.600  94.0
0.620 0.620  94.0
0.620 0.640  94.0
0.620 0.660  100.0
0.620 0.680  100.0
0.620 0.700  101.0
0.620 0.720  108.0
0.620 0.740  110.0
0.620 0.760  110.0
0.620 0.780  111.5
0.620 0.800  112.0
0.620 0.820  112.5
0.620 0.840  112.5
0.620 0.860  112.5
0.620 0.880  112.5
0.620 0.900  112.5
0.620 0.920  112.5
0.620 0.940  112.5
0.620 0.960  118.0
0.620 0.980  122.5
0.620 1.000  122.5
0.640 0.020  90.0
0.640 0.040  90.0
0.640 0.060  90.0
0.640 0.080  93.0
0.640 0.100  93.5
0.640 0.120  95.5
0.640 0.140  96.5
0.640 0.160  98.0
0.640 0.180  100.0
0.640 0.200  100.0
0.640 0.220  100.0
0.640 0.240  103.0
0.640 0.260  107.5
0.640 0.280  108.0
0.640 0.300  110.5
0.640 0.320  110.5
0.640 0.340  111.0
0.640 0.360  111.0
0.640 0.380  111.5
0.640 0.400  113.0
0.640 0.420  113.5
0.640 0.440  113.5
0.640 0.460  113.5
0.640 0.480  92.5
0.640 0.500  92.5
0.640 0.520  92.5
0.640 0.540  92.5
0.640 0.560  92.5
0.640 0.580  92.5
0.640 0.600  93.0
0.640 0.620  93.0
0.640 0.640  93.0
0.640 0.660  99.0
0.640 0.680  99.0
0.640 0.700  100.0
0.640 0.720  107.0
0.640 0.740  109.0
0.640 0.760  109.0
0.640 0.780  110.5
0.640 0.800  111.0
0.640 0.820  111.0
0.640 0.840  111.0
0.640 0.860  111.0
0.640 0.880  111.5
0.640 0.900  111.5
0.640 0.920  111.5
0.640 0.940  111.5
0.640 0.960  117.0
0.640 0.980  121.5
0.640 1.000  121.5
0.660 0.020  90.0
0.660 0.040  90.0
0.660 0.060  90.0
0.660 0.080  93.0
0.660 0.100  93.5
0.660 0.120  95.5
0.660 0.140  96.5
0.660 0.160  98.0
0.660 0.180  100.0
0.660 0.200  100.0
0.660 0.220  100.0
0.660 0.240  103.0
0.660 0.260  107.5
0.660 0.280  108.0
0.660 0.300  110.5
0.660 0.320  110.5
0.660 0.340  111.0
0.660 0.360  111.0
0.660 0.380  111.5
0.660 0.400  113.0
0.660 0.420  113.5
0.660 0.440  113.5
0.660 0.460  113.5
0.660 0.480  98.0
0.660 0.500  98.0
0.660 0.520  98.0
0.660 0.540  98.0
0.660 0.560  98.0
0.660 0.580  98.0
0.660 0.600  98.5
0.660 0.620  98.5
0.660 0.640  98.5
0.660 0.660  104.5
0.660 0.680  104.5
0.660 0.700  105.5
0.660 0.720  112.5
0.660 0.740  114.5
0.660 0.760  114.5
0.660 0.780  116.0
0.660 0.800  117.0
0.660 0.820  117.0
0.660 0.840  117.0
0.660 0.860  117.0
0.660 0.880  117.0
0.660 0.900  117.0
0.660 0.920  117.0
0.660 0.940  117.0
0.660 0.960  117.0
0.660 0.980  121.5
0.660 1.000  121.5
0.680 0.020  90.0
0.680 0.040  90.0
0.680 0.060  90.0
0.680 0.080  93.0
0.680 0.100  93.5
0.680 0.120  95.5
0.680 0.140  96.5
0.680 0.160  98.0
0.680 0.180  100.0
0.680 0.200  100.0
0.680 0.220  100.0
0.680 0.240  103.0
0.680 0.260  107.5
0.680 0.280  108.0
0.680 0.300  110.5
0.680 0.320  110.5
0.680 0.340  111.0
0.680 0.360  111.0
0.680 0.380  111.5
0.680 0.400  113.0
0.680 0.420  113.5
0.680 0.440  113.5
0.680 0.460  113.5
0.680 0.480  99.0
0.680 0.500  99.0
0.680 0.520  99.0
0.680 0.540  99.0
0.680 0.560  99.0
0.680 0.580  99.0
0.680 0.600  99.5
0.680 0.620  104.0
0.680 0.640  104.0
0.680 0.660  110.0
0.680 0.680  110.0
0.680 0.700  111.0
0.680 0.720  118.0
0.680 0.740  120.0
0.680 0.760  120.0
0.680 0.780  121.5
0.680 0.800  122.5
0.680 0.820  122.5
0.680 0.840  122.5
0.680 0.860  122.5
0.680 0.880  122.5
0.680 0.900  122.5
0.680 0.920  122.5
0.680 0.940  122.5
0.680 0.960  122.5
0.680 0.980  127.0
0.680 1.000  127.0
0.700 0.020  90.0
0.700 0.040  90.0
0.700 0.060  90.0
0.700 0.080  93.0
0.700 0.100  93.5
0.700 0.120  95.5
0.700 0.140  96.5
0.700 0.160  98.0
0.700 0.180  100.0
0.700 0.200  100.0
0.700 0.220  100.0
0.700 0.240  103.0
0.700 0.260  107.5
0.700 0.280  108.0
0.700 0.300  110.5
0.700 0.320  110.5
0.700 0.340  111.0
0.700 0.360  111.0
0.700 0.380  111.5
0.700 0.400  113.0
0.700 0.420  113.5
0.700 0.440  113.5
0.700 0.460  113.5
0.700 0.480  87.0
0.700 0.500  87.0
0.700 0.520  87.0
0.700 0.540  87.0
0.700 0.560  87.0
0.700 0.580  87.0
0.700 0.600  87.5
0.700 0.620  92.0
0.700 0.640  92.0
0.700 0.660  99.0
0.700 0.680  99.0
0.700 0.700  100.0
0.700 0.720  107.0
0.700 0.740  109.5
0.700 0.760  109.5
0.700 0.780  111.0
0.700 0.800  111.5
0.700 0.820  111.5
0.700 0.840  111.5
0.700 0.860  111.5
0.700 0.880  111.5
0.700 0.900  111.5
0.700 0.920  111.5
0.700 0.940  111.5
0.700 0.960  111.5
0.700 0.980  116.0
0.700 1.000  116.0
0.720 0.020  90.0
0.720 0.040  90.0
0.720 0.060  90.0
0.720 0.080  93.0
0.720 0.100  93.5
0.720 0.120  95.5
0.720 0.140  96.5
0.720 0.160  98.0
0.720 0.180  100.0
0.720 0.200  100.0
0.720 0.220  100.0
0.720 0.240  103.0
0.720 0.260  107.5
0.720 0.280  108.0
0.720 0.300  110.5
0.720 0.320  110.5
0.720 0.340  111.0
0.720 0.360  111.0
0.720 0.380  111.5
0.720 0.400  113.0
0.720 0.420  113.5
0.720 0.440  113.5
0.720 0.460  113.5
0.720 0.480  90.5
0.720 0.500  90.5
0.720 0.520  90.5
0.720 0.540  90.5
0.720 0.560  90.5
0.720 0.580  90.5
0.720 0.600  91.0
0.720 0.620  95.5
0.720 0.640  95.5
0.720 0.660  102.5
0.720 0.680  102.5
0.720 0.700  103.5
0.720 0.720  110.5
0.720 0.740  113.0
0.720 0.760  113.0
0.720 0.780  114.5
0.720 0.800  115.0
0.720 0.820  115.0
0.720 0.840  115.0
0.720 0.860  115.0
0.720 0.880  115.0
0.720 0.900  115.0
0.720 0.920  115.0
0.720 0.940  115.0
0.720 0.960  115.0
0.720 0.980  116.0
0.720 1.000  116.0
0.740 0.020  90.0
0.740 0.040  90.0
0.740 0.060  90.0
0.740 0.080  93.0
0.740 0.100  93.5
0.740 0.120  95.5
0.740 0.140  96.5
0.740 0.160  98.0
0.740 0.180  100.0
0.740 0.200  100.0
0.740 0.220  100.0
0.740 0.240  103.0
0.740 0.260  107.5
0.740 0.280  108.0
0.740 0.300  110.5
0.740 0.320  110.5
0.740 0.340  111.0
0.740 0.360  111.0
0.740 0.380  111.5
0.740 0.400  113.0
0.740 0.420  113.5
0.740 0.440  113.5
0.740 0.460  114.0
0.740 0.480  91.0
0.740 0.500  91.0
0.740 0.520  91.0
0.740 0.540  91.0
0.740 0.560  91.0
0.740 0.580  91.0
0.740 0.600  91.0
0.740 0.620  95.5
0.740 0.640  95.5
0.740 0.660  102.5
0.740 0.680  102.5
0.740 0.700  103.5
0.740 0.720  110.5
0.740 0.740  113.0
0.740 0.760  113.0
0.740 0.780  114.5
0.740 0.800  115.0
0.740 0.820  115.0
0.740 0.840  115.0
0.740 0.860  115.0
0.740 0.880  115.0
0.740 0.900  115.0
0.740 0.920  115.0
0.740 0.940  115.0
0.740 0.960  115.0
0.740 0.980  116.0
0.740 1.000  116.0
0.760 0.020  89.5
0.760 0.040  89.5
0.760 0.060  89.5
0.760 0.080  92.5
0.760 0.100  93.5
0.760 0.120  95.5
0.760 0.140  96.5
0.760 0.160  98.0
0.760 0.180  100.0
0.760 0.200  100.0
0.760 0.220  100.0
0.760 0.240  105.0
0.760 0.260  109.5
0.760 0.280  110.0
0.760 0.300  109.0
0.760 0.320  109.0
0.760 0.340  109.5
0.760 0.360  109.5
0.760 0.380  110.0
0.760 0.400  111.5
0.760 0.420  112.0
0.760 0.440  112.0
0.760 0.460  118.5
0.760 0.480  95.5
0.760 0.500  95.5
0.760 0.520  95.5
0.760 0.540  95.5
0.760 0.560  95.5
0.760 0.580  95.5
0.760 0.600  95.5
0.760 0.620  95.5
0.760 0.640  95.5
0.760 0.660  102.5
0.760 0.680  102.5
0.760 0.700  103.5
0.760 0.720  110.5
0.760 0.740  113.0
0.760 0.760  113.0
0.760 0.780  114.5
0.760 0.800  115.0
0.760 0.820  115.0
0.760 0.840  115.0
0.760 0.860  115.0
0.760 0.880  115.0
0.760 0.900  115.0
0.760 0.920  115.0
0.760 0.940  115.0
0.760 0.960  115.0
0.760 0.980  116.0
0.760 1.000  116.0
0.780 0.020  89.5
0.780 0.040  89.5
0.780 0.060  89.5
0.780 0.080  92.5
0.780 0.100  93.5
0.780 0.120  95.5
0.780 0.140  96.5
0.780 0.160  98.0
0.780 0.180  100.0
0.780 0.200  100.0
0.780 0.220  100.0
0.780 0.240  105.0
0.780 0.260  109.5
0.780 0.280  110.0
0.780 0.300  109.0
0.780 0.320  109.0
0.780 0.340  109.5
0.780 0.360  109.5
0.780 0.380  110.0
0.780 0.400  111.5
0.780 0.420  112.0
0.780 0.440  112.0
0.780 0.460  118.5
0.780 0.480  95.5
0.780 0.500  95.5
0.780 0.520  95.5
0.780 0.540  95.5
0.780 0.560  95.5
0.780 0.580  95.5
0.780 0.600  95.5
0.780 0.620  95.5
0.780 0.640  95.5
0.780 0.660  102.5
0.780 0.680  102.5
0.780 0.700  103.5
0.780 0.720  110.5
0.780 0.740  113.0
0.780 0.760  113.0
0.780 0.780  114.5
0.780 0.800  115.0
0.780 0.820  115.0
0.780 0.840  115.0
0.780 0.860  115.0
0.780 0.880  115.0
0.780 0.900  115.0
0.780 0.920  115.0
0.780 0.940  115.0
0.780 0.960  115.0
0.780 0.980  116.0
0.780 1.000  116.0
0.800 0.020  89.5
0.800 0.040  89.5
0.800 0.060  89.5
0.800 0.080  92.5
0.800 0.100  93.5
0.800 0.120  95.5
0.800 0.140  96.5
0.800 0.160  98.0
0.800 0.180  100.0
0.800 0.200  100.0
0.800 0.220  100.0
0.800 0.240  105.0
0.800 0.260  109.5
0.800 0.280  110.0
0.800 0.300  109.0
0.800 0.320  109.0
0.800 0.340  109.5
0.800 0.360  109.5
0.800 0.380  110.0
0.800 0.400  111.5
0.800 0.420  112.0
0.800 0.440  112.0
0.800 0.460  118.5
0.800 0.480  95.5
0.800 0.500  95.5
0.800 0.520  95.5
0.800 0.540  95.5
0.800 0.560  95.5
0.800 0.580  95.5
0.800 0.600  95.5
0.800 0.620  95.5
0.800 0.640  95.5
0.800 0.660  102.5
0.800 0.680  102.5
0.800 0.700  103.5
0.800 0.720  110.5
0.800 0.740  113.0
0.800 0.760  113.0
0.800 0.780  114.5
0.800 0.800  115.0
0.800 0.820  115.0
0.800 0.840  115.0
0.800 0.860  115.0
0.800 0.880  115.0
0.800 0.900  115.0
0.800 0.920  115.0
0.800 0.940  115.0
0.800 0.960  115.0
0.800 0.980  116.0
0.800 1.000  116.0
0.820 0.020  91.0
0.820 0.040  91.0
0.820 0.060  91.0
0.820 0.080  93.0
0.820 0.100  94.5
0.820 0.120  97.0
0.820 0.140  98.0
0.820 0.160  99.5
0.820 0.180  100.5
0.820 0.200  100.5
0.820 0.220  100.5
0.820 0.240  106.5
0.820 0.260  112.5
0.820 0.280  113.0
0.820 0.300  115.5
0.820 0.320  115.5
0.820 0.340  116.0
0.820 0.360  119.5
0.820 0.380  120.0
0.820 0.400  121.5
0.820 0.420  122.0
0.820 0.440  122.0
0.820 0.460  124.5
0.820 0.480  101.5
0.820 0.500  101.5
0.820 0.520  101.5
0.820 0.540  101.5
0.820 0.560  101.5
0.820 0.580  101.5
0.820 0.600  101.5
0.820 0.620  101.5
0.820 0.640  101.5
0.820 0.660  107.5
0.820 0.680  107.5
0.820 0.700  108.5
0.820 0.720  115.5
0.820 0.740  118.0
0.820 0.760  118.0
0.820 0.780  119.5
0.820 0.800  120.0
0.820 0.820  120.0
0.820 0.840  120.0
0.820 0.860  120.0
0.820 0.880  120.0
0.820 0.900  120.0
0.820 0.920  120.0
0.820 0.940  120.0
0.820 0.960  120.0
0.820 0.980  119.5
0.820 1.000  119.5
0.840 0.020  90.0
0.840 0.040  90.0
0.840 0.060  90.0
0.840 0.080  92.0
0.840 0.100  93.0
0.840 0.120  95.5
0.840 0.140  96.5
0.840 0.160  98.0
0.840 0.180  100.5
0.840 0.200  100.5
0.840 0.220  100.5
0.840 0.240  106.5
0.840 0.260  112.5
0.840 0.280  113.0
0.840 0.300  115.5
0.840 0.320  115.5
0.840 0.340  116.0
0.840 0.360  119.5
0.840 0.380  120.0
0.840 0.400  121.5
0.840 0.420  122.0
0.840 0.440  122.0
0.840 0.460  124.5
0.840 0.480  101.5
0.840 0.500  101.5
0.840 0.520  101.5
0.840 0.540  101.5
0.840 0.560  101.5
0.840 0.580  101.5
0.840 0.600  101.5
0.840 0.620  101.5
0.840 0.640  101.5
0.840 0.660  107.5
0.840 0.680  107.5
0.840 0.700  108.5
0.840 0.720  115.5
0.840 0.740  118.0
0.840 0.760  118.0
0.840 0.780  119.5
0.840 0.800  120.0
0.840 0.820  120.0
0.840 0.840  120.0
0.840 0.860  120.0
0.840 0.880  120.0
0.840 0.900  120.0
0.840 0.920  120.0
0.840 0.940  120.0
0.840 0.960  120.0
0.840 0.980  119.5
0.840 1.000  119.5
0.860 0.020  90.0
0.860 0.040  90.0
0.860 0.060  90.0
0.860 0.080  92.0
0.860 0.100  93.0
0.860 0.120  95.5
0.860 0.140  96.5
0.860 0.160  98.0
0.860 0.180  100.5
0.860 0.200  100.5
0.860 0.220  100.5
0.860 0.240  106.5
0.860 0.260  112.5
0.860 0.280  113.0
0.860 0.300  115.5
0.860 0.320  115.5
0.860 0.340  116.0
0.860 0.360  119.5
0.860 0.380  120.0
0.860 0.400  121.5
0.860 0.420  122.0
0.860 0.440  122.0
0.860 0.460  124.5
0.860 0.480  101.5
0.860 0.500  101.5
0.860 0.520  101.5
0.860 0.540  101.5
0.860 0.560  101.5
0.860 0.580  101.5
0.860 0.600  101.5
0.860 0.620  101.5
0.860 0.640  101.5
0.860 0.660  107.5
0.860 0.680  107.5
0.860 0.700  108.5
0.860 0.720  115.5
0.860 0.740  118.0
0.860 0.760  118.0
0.860 0.780  119.5
0.860 0.800  120.0
0.860 0.820  120.0
0.860 0.840  120.0
0.860 0.860  120.0
0.860 0.880  120.0
0.860 0.900  120.0
0.860 0.920  120.0
0.860 0.940  120.0
0.860 0.960  120.0
0.860 0.980  119.5
0.860 1.000  119.5
0.880 0.020  93.5
0.880 0.040  93.5
0.880 0.060  93.5
0.880 0.080  96.0
0.880 0.100  97.0
0.880 0.120  99.5
0.880 0.140  100.5
0.880 0.160  102.0
0.880 0.180  104.5
0.880 0.200  104.5
0.880 0.220  104.5
0.880 0.240  110.5
0.880 0.260  116.5
0.880 0.280  117.0
0.880 0.300  119.5
0.880 0.320  119.5
0.880 0.340  120.0
0.880 0.360  123.5
0.880 0.380  124.0
0.880 0.400  125.5
0.880 0.420  126.0
0.880 0.440  126.0
0.880 0.460  128.5
0.880 0.480  105.5
0.880 0.500  105.5
0.880 0.520  105.5
0.880 0.540  105.5
0.880 0.560  105.5
0.880 0.580  105.5
0.880 0.600  105.5
0.880 0.620  105.5
0.880 0.640  105.5
0.880 0.660  111.5
0.880 0.680  111.5
0.880 0.700  112.5
0.880 0.720  115.5
0.880 0.740  118.0
0.880 0.760  118.0
0.880 0.780  119.5
0.880 0.800  120.0
0.880 0.820  120.0
0.880 0.840  120.0
0.880 0.860  120.0
0.880 0.880  120.0
0.880 0.900  120.0
0.880 0.920  120.0
0.880 0.940  120.0
0.880 0.960  120.0
0.880 0.980  119.5
0.880 1.000  119.5
0.900 0.020  93.5
0.900 0.040  93.5
0.900 0.060  93.5
0.900 0.080  96.0
0.900 0.100  97.0
0.900 0.120  99.5
0.900 0.140  100.5
0.900 0.160  102.0
0.900 0.180  104.5
0.900 0.200  104.5
0.900 0.220  104.5
0.900 0.240  110.5
0.900 0.260  116.5
0.900 0.280  117.0
0.900 0.300  119.5
0.900 0.320  119.5
0.900 0.340  120.0
0.900 0.360  123.5
0.900 0.380  124.0
0.900 0.400  125.5
0.900 0.420  126.0
0.900 0.440  126.0
0.900 0.460  128.5
0.900 0.480  105.5
0.900 0.500  105.5
0.900 0.520  105.5
0.900 0.540  105.5
0.900 0.560  105.5
0.900 0.580  105.5
0.900 0.600  105.5
0.900 0.620  105.5
0.900 0.640  105.5
0.900 0.660  111.5
0.900 0.680  111.5
0.900 0.700  112.5
0.900 0.720  115.5
0.900 0.740  118.0
0.900 0.760  118.0
0.900 0.780  119.5
0.900 0.800  120.0
0.900 0.820  120.0
0.900 0.840  120.0
0.900 0.860  120.0
0.900 0.880  120.0
0.900 0.900  120.0
0.900 0.920  120.0
0.900 0.940  120.0
0.900 0.960  120.0
0.900 0.980  119.5
0.900 1.000  119.5
0.920 0.020  93.5
0.920 0.040  93.5
0.920 0.060  93.5
0.920 0.080  96.0
0.920 0.100  97.0
0.920 0.120  99.5
0.920 0.140  100.5
0.920 0.160  102.0
0.920 0.180  104.5
0.920 0.200  104.5
0.920 0.220  104.5
0.920 0.240  110.5
0.920 0.260  116.5
0.920 0.280  117.0
0.920 0.300  119.5
0.920 0.320  119.5
0.920 0.340  120.0
0.920 0.360  123.5
0.920 0.380  124.0
0.920 0.400  125.5
0.920 0.420  126.0
0.920 0.440  126.0
0.920 0.460  128.5
0.920 0.480  105.5
0.920 0.500  105.5
0.920 0.520  105.5
0.920 0.540  105.5
0.920 0.560  105.5
0.920 0.580  105.5
0.920 0.600  105.5
0.920 0.620  105.5
0.920 0.640  105.5
0.920 0.660  111.5
0.920 0.680  111.5
0.920 0.700  112.5
0.920 0.720  115.5
0.920 0.740  118.0
0.920 0.760  118.0
0.920 0.780  119.5
0.920 0.800  120.0
0.920 0.820  120.0
0.920 0.840  120.0
0.920 0.860  120.0
0.920 0.880  120.0
0.920 0.900  120.0
0.920 0.920  120.0
0.920 0.940  120.0
0.920 0.960  120.0
0.920 0.980  119.5
0.920 1.000  119.5
0.940 0.020  92.5
0.940 0.040  92.5
0.940 0.060  92.5
0.940 0.080  96.0
0.940 0.100  97.0
0.940 0.120  99.5
0.940 0.140  100.5
0.940 0.160  102.0
0.940 0.180  104.5
0.940 0.200  104.5
0.940 0.220  104.5
0.940 0.240  110.5
0.940 0.260  116.5
0.940 0.280  117.0
0.940 0.300  119.5
0.940 0.320  119.5
0.940 0.340  120.0
0.940 0.360  123.5
0.940 0.380  124.0
0.940 0.400  125.5
0.940 0.420  126.0
0.940 0.440  126.0
0.940 0.460  130.5
0.940 0.480  107.5
0.940 0.500  107.5
0.940 0.520  107.5
0.940 0.540  107.5
0.940 0.560  107.5
0.940 0.580  107.5
0.940 0.600  107.5
0.940 0.620  110.0
0.940 0.640  110.0
0.940 0.660  116.0
0.940 0.680  116.0
0.940 0.700  117.0
0.940 0.720  120.0
0.940 0.740  122.5
0.940 0.760  122.5
0.940 0.780  124.0
0.940 0.800  124.5
0.940 0.820  124.5
0.940 0.840  124.5
0.940 0.860  124.5
0.940 0.880  124.5
0.940 0.900  124.5
0.940 0.920  124.5
0.940 0.940  124.5
0.940 0.960  124.5
0.940 0.980  124.0
0.940 1.000  124.0
0.960 0.020  92.5
0.960 0.040  92.5
0.960 0.060  92.5
0.960 0.080  96.0
0.960 0.100  97.0
0.960 0.120  99.5
0.960 0.140  100.5
0.960 0.160  102.0
0.960 0.180  104.5
0.960 0.200  104.5
0.960 0.220  104.5
0.960 0.240  110.5
0.960 0.260  116.5
0.960 0.280  117.0
0.960 0.300  119.5
0.960 0.320  119.5
0.960 0.340  120.0
0.960 0.360  123.5
0.960 0.380  124.0
0.960 0.400  125.5
0.960 0.420  126.0
0.960 0.440  126.0
0.960 0.460  130.5
0.960 0.480  107.5
0.960 0.500  107.5
0.960 0.520  107.5
0.960 0.540  107.5
0.960 0.560  107.5
0.960 0.580  107.5
0.960 0.600  107.5
0.960 0.620  110.0
0.960 0.640  110.0
0.960 0.660  116.0
0.960 0.680  116.0
0.960 0.700  117.0
0.960 0.720  120.0
0.960 0.740  122.5
0.960 0.760  122.5
0.960 0.780  124.0
0.960 0.800  124.5
0.960 0.820  124.5
0.960 0.840  124.5
0.960 0.860  124.5
0.960 0.880  124.5
0.960 0.900  124.5
0.960 0.920  124.5
0.960 0.940  124.5
0.960 0.960  124.5
0.960 0.980  124.0
0.960 1.000  124.0
0.980 0.020  106.0
0.980 0.040  106.0
0.980 0.060  106.0
0.980 0.080  109.5
0.980 0.100  110.5
0.980 0.120  113.0
0.980 0.140  114.0
0.980 0.160  115.5
0.980 0.180  117.5
0.980 0.200  117.5
0.980 0.220  117.5
0.980 0.240  122.5
0.980 0.260  127.0
0.980 0.280  127.5
0.980 0.300  129.0
0.980 0.320  129.0
0.980 0.340  129.5
0.980 0.360  129.5
0.980 0.380  130.0
0.980 0.400  131.5
0.980 0.420  132.0
0.980 0.440  132.0
0.980 0.460  141.5
0.980 0.480  119.5
0.980 0.500  119.5
0.980 0.520  119.5
0.980 0.540  119.5
0.980 0.560  119.5
0.980 0.580  119.5
0.980 0.600  119.5
0.980 0.620  122.0
0.980 0.640  122.0
0.980 0.660  128.0
0.980 0.680  128.0
0.980 0.700  129.0
0.980 0.720  132.0
0.980 0.740  134.5
0.980 0.760  134.5
0.980 0.780  136.0
0.980 0.800  136.5
0.980 0.820  136.5
0.980 0.840  136.5
0.980 0.860  136.5
0.980 0.880  136.5
0.980 0.900  136.5
0.980 0.920  136.5
0.980 0.940  136.5
0.980 0.960  136.5
0.980 0.980  124.0
0.980 1.000  124.0
1.000 0.020  108.5
1.000 0.040  108.5
1.000 0.060  108.5
1.000 0.080  112.0
1.000 0.100  113.0
1.000 0.120  115.5
1.000 0.140  116.5
1.000 0.160  118.0
1.000 0.180  120.0
1.000 0.200  120.0
1.000 0.220  120.0
1.000 0.240  125.0
1.000 0.260  129.5
1.000 0.280  130.0
1.000 0.300  131.5
1.000 0.320  132.0
1.000 0.340  132.5
1.000 0.360  132.5
1.000 0.380  133.0
1.000 0.400  134.5
1.000 0.420  135.0
1.000 0.440  141.5
1.000 0.460  151.5
1.000 0.480  119.5
1.000 0.500  119.5
1.000 0.520  119.5
1.000 0.540  119.5
1.000 0.560  119.5
1.000 0.580  119.5
1.000 0.600  119.5
1.000 0.620  122.0
1.000 0.640  122.0
1.000 0.660  128.0
1.000 0.680  128.0
1.000 0.700  129.0
1.000 0.720  132.0
1.000 0.740  134.5
1.000 0.760  134.5
1.000 0.780  136.0
1.000 0.800  136.5
1.000 0.820  136.5
1.000 0.840  136.5
1.000 0.860  136.5
1.000 0.880  136.5
1.000 0.900  136.5
1.000 0.920  136.5
1.000 0.940  136.5
1.000 0.960  136.5
1.000 0.980  124.0
1.000 1.000  124.0
