0.050 0.050  17.352250938991364
0.050 0.100  17.355578608864395
0.050 0.150  17.302333413533358
0.050 0.200  17.286080109021366
0.050 0.250  17.22689396438406
0.050 0.300  17.213666658479596
0.050 0.350  17.20995045735548
0.050 0.400  16.907811296724304
0.050 0.450  16.9006259317643
0.050 0.500  16.890700289687246
0.050 0.550  16.882144364543837
0.050 0.600  17.17986486332926
0.050 0.650  16.920958237327707
0.050 0.700  17.199351739673777
0.050 0.750  17.192839941039775
0.050 0.800  17.179156140548326
0.050 0.850  17.218373236779694
0.050 0.900  17.20140658935039
0.050 0.950  17.206164255750473
0.050 1.000  17.203180871594906
0.100 0.050  17.262696189038675
0.100 0.100  17.285751113109853
0.100 0.150  17.27886167629057
0.100 0.200  17.271128236703014
0.100 0.250  17.218329081082747
0.100 0.300  17.208301713732496
0.100 0.350  17.205109580097762
0.100 0.400  16.907811296724304
0.100 0.450  16.9006259317643
0.100 0.500  16.890700289687246
0.100 0.550  16.882144364543837
0.100 0.600  17.17986486332926
0.100 0.650  16.920958237327707
0.100 0.700  17.199351739673777
0.100 0.750  17.192839941039775
0.100 0.800  17.179156140548326
0.100 0.850  17.218373236779694
0.100 0.900  17.20140658935039
0.100 0.950  17.206164255750473
0.100 1.000  17.203180871594906
0.150 0.050  17.262398941203028
0.150 0.100  17.285751113109853
0.150 0.150  17.27886167629057
0.150 0.200  17.271128236703014
0.150 0.250  17.218329081082747
0.150 0.300  17.208301713732496
0.150 0.350  17.205109580097762
0.150 0.400  16.907811296724304
0.150 0.450  16.889845979196135
0.150 0.500  16.87992033711908
0.150 0.550  16.87165162248157
0.150 0.600  16.906875232762257
0.150 0.650  16.911775974609526
0.150 0.700  17.190422063282927
0.150 0.750  17.183910264648926
0.150 0.800  17.170226464157476
0.150 0.850  17.210037213930292
0.150 0.900  17.19226629008186
0.150 0.950  17.197023956481942
0.150 1.000  17.194040572326376
0.200 0.050  17.249660616510777
0.200 0.100  17.252923829888967
0.200 0.150  17.24822837137507
0.200 0.200  17.242290525746096
0.200 0.250  17.201139270998357
0.200 0.300  17.191144987037717
0.200 0.350  17.189660916072295
0.200 0.400  16.892232751889214
0.200 0.450  16.889845979196135
0.200 0.500  16.87992033711908
0.200 0.550  16.87165162248157
0.200 0.600  16.906875232762257
0.200 0.650  16.911775974609526
0.200 0.700  17.190422063282927
0.200 0.750  17.183910264648926
0.200 0.800  17.170226464157476
0.200 0.850  17.210037213930292
0.200 0.900  17.19226629008186
0.200 0.950  17.197023956481942
0.200 1.000  17.194040572326376
0.250 0.050  17.18434215595802
0.250 0.100  16.923953814536283
0.250 0.150  16.919116489788667
0.250 0.200  16.912912849907418
0.250 0.250  16.881463004125486
0.250 0.300  17.191144987037717
0.250 0.350  17.189660916072295
0.250 0.400  16.892232751889214
0.250 0.450  16.889845979196135
0.250 0.500  16.87992033711908
0.250 0.550  16.87165162248157
0.250 0.600  16.906875232762257
0.250 0.650  16.911775974609526
0.250 0.700  17.190422063282927
0.250 0.750  17.183910264648926
0.250 0.800  17.170226464157476
0.250 0.850  17.210037213930292
0.250 0.900  17.19226629008186
0.250 0.950  17.197023956481942
0.250 1.000  17.194040572326376
0.300 0.050  17.18434215595802
0.300 0.100  16.923953814536283
0.300 0.150  16.919116489788667
0.300 0.200  16.912912849907418
0.300 0.250  16.881463004125486
0.300 0.300  17.191144987037717
0.300 0.350  17.189660916072295
0.300 0.400  16.892232751889214
0.300 0.450  16.889845979196135
0.300 0.500  16.87992033711908
0.300 0.550  16.87165162248157
0.300 0.600  16.906875232762257
0.300 0.650  16.911775974609526
0.300 0.700  17.190422063282927
0.300 0.750  17.183910264648926
0.300 0.800  17.170226464157476
0.300 0.850  17.210037213930292
0.300 0.900  17.19226629008186
0.300 0.950  17.197023956481942
0.300 1.000  17.194040572326376
0.350 0.050  17.185243371204972
0.350 0.100  17.200488831157998
0.350 0.150  16.919116489788667
0.350 0.200  16.912912849907418
0.350 0.250  16.881463004125486
0.350 0.300  17.191144987037717
0.350 0.350  17.189660916072295
0.350 0.400  16.892232751889214
0.350 0.450  16.889845979196135
0.350 0.500  16.87992033711908
0.350 0.550  16.87165162248157
0.350 0.600  16.906875232762257
0.350 0.650  16.911775974609526
0.350 0.700  17.190422063282927
0.350 0.750  17.183910264648926
0.350 0.800  17.170226464157476
0.350 0.850  17.210037213930292
0.350 0.900  17.19226629008186
0.350 0.950  17.197023956481942
0.350 1.000  17.194040572326376
0.400 0.050  17.25576237987615
0.400 0.100  17.262479728402432
0.400 0.150  17.263472593843318
0.400 0.200  17.25651151834304
0.400 0.250  17.218194406599995
0.400 0.300  17.20492113871896
0.400 0.350  17.19222442589583
0.400 0.400  16.89536904729351
0.400 0.450  16.890041444408578
0.400 0.500  16.880115802331524
0.400 0.550  16.868110475977662
0.400 0.600  16.905393271792608
0.400 0.650  16.914069632437812
0.400 0.700  17.19440557934171
0.400 0.750  17.187893780707707
0.400 0.800  17.174209980216258
0.400 0.850  16.88432624579526
0.400 0.900  16.866108126174858
0.400 0.950  16.87086579257494
0.400 1.000  16.867882408419373
0.450 0.050  16.55288891416893
0.450 0.100  16.56919494557187
0.450 0.150  16.57353457247963
0.450 0.200  16.565525928580314
0.450 0.250  16.526467878871344
0.450 0.300  16.44887073940185
0.450 0.350  16.305945551617285
0.450 0.400  16.079361656940904
0.450 0.450  16.07643823693181
0.450 0.500  16.066512594854757
0.450 0.550  16.121308863049506
0.450 0.600  16.221637507859977
0.450 0.650  16.30058687109663
0.450 0.700  16.38033714134842
0.450 0.750  16.37382534271442
0.450 0.800  16.36014154222297
0.450 0.850  16.524725133584443
0.450 0.900  16.382005983595185
0.450 0.950  16.386763649995267
0.450 1.000  16.3837802658397
0.500 0.050  16.566081906272693
0.500 0.100  16.568936497558788
0.500 0.150  16.57626060145944
0.500 0.200  16.5695607955708
0.500 0.250  16.526467878871344
0.500 0.300  16.44887073940185
0.500 0.350  16.305945551617285
0.500 0.400  16.079361656940904
0.500 0.450  16.07643823693181
0.500 0.500  16.066512594854757
0.500 0.550  16.121308863049506
0.500 0.600  16.221637507859977
0.500 0.650  16.30058687109663
0.500 0.700  16.38033714134842
0.500 0.750  16.37382534271442
0.500 0.800  16.36014154222297
0.500 0.850  16.524725133584443
0.500 0.900  16.382005983595185
0.500 0.950  16.386763649995267
0.500 1.000  16.3837802658397
0.550 0.050  16.56962653091239
0.550 0.100  16.57234523638858
0.550 0.150  16.57626060145944
0.550 0.200  16.5695607955708
0.550 0.250  16.526467878871344
0.550 0.300  16.44887073940185
0.550 0.350  16.305945551617285
0.550 0.400  16.079361656940904
0.550 0.450  16.07643823693181
0.550 0.500  16.066512594854757
0.550 0.550  16.121308863049506
0.550 0.600  16.221637507859977
0.550 0.650  16.30058687109663
0.550 0.700  16.38033714134842
0.550 0.750  16.37382534271442
0.550 0.800  16.36014154222297
0.550 0.850  16.443902962891254
0.550 0.900  16.378282321968005
0.550 0.950  16.383039988368086
0.550 1.000  16.38005660421252
0.600 0.050  16.68782196223274
0.600 0.100  16.69813512551224
0.600 0.150  16.682570017681606
0.600 0.200  16.67576367028004
0.600 0.250  16.652706276164448
0.600 0.300  16.57475475593273
0.600 0.350  16.560860503912867
0.600 0.400  16.463357011779777
0.600 0.450  16.460422720954682
0.600 0.500  16.45049707887763
0.600 0.550  16.4415471908554
0.600 0.600  16.54024385144592
0.600 0.650  16.548214884001663
0.600 0.700  16.54749547500119
0.600 0.750  16.540983676367187
0.600 0.800  16.527299875875737
0.600 0.850  16.563729726768514
0.600 0.900  16.5534785930799
0.600 0.950  16.558236259479983
0.600 1.000  16.555252875324417
0.650 0.050  16.142773675944042
0.650 0.100  16.151050319962618
0.650 0.150  16.152842527499292
0.650 0.200  16.14645649126721
0.650 0.250  16.054508306292888
0.650 0.300  15.979562615103008
0.650 0.350  16.66232449454137
0.650 0.400  16.562270056862612
0.650 0.450  16.556446930621707
0.650 0.500  16.546521288544653
0.650 0.550  16.538618829607376
0.650 0.600  16.57504792918329
0.650 0.650  16.59872679790511
0.650 0.700  16.599921954832837
0.650 0.750  16.59340948350221
0.650 0.800  16.57972568301076
0.650 0.850  16.68317709441306
0.650 0.900  16.681147897529033
0.650 0.950  16.685905563929115
0.650 1.000  16.68292217977355
0.700 0.050  16.137073532601775
0.700 0.100  16.151050319962618
0.700 0.150  16.152842527499292
0.700 0.200  16.14645649126721
0.700 0.250  15.983049494559049
0.700 0.300  15.90817804547853
0.700 0.350  16.595177711276275
0.700 0.400  16.565111436542573
0.700 0.450  16.56134105688215
0.700 0.500  16.551415414805096
0.700 0.550  16.543806906189474
0.700 0.600  16.5893113527621
0.700 0.650  16.59872679790511
0.700 0.700  16.599921954832837
0.700 0.750  16.59340948350221
0.700 0.800  16.57972568301076
0.700 0.850  16.68317709441306
0.700 0.900  16.681147897529033
0.700 0.950  16.685905563929115
0.700 1.000  16.68292217977355
0.750 0.050  16.140069161091844
0.750 0.100  16.1543693527759
0.750 0.150  16.156161560312572
0.750 0.200  16.149755992813635
0.750 0.250  16.05198752233991
0.750 0.300  15.977093828555736
0.750 0.350  16.667345917015187
0.750 0.400  16.57198884565233
0.750 0.450  16.568218471221233
0.750 0.500  16.55829282914418
0.750 0.550  16.55128354432948
0.750 0.600  16.663060559430264
0.750 0.650  16.673316327665788
0.750 0.700  16.674511484593516
0.750 0.750  16.667998993032995
0.750 0.800  16.654315192541546
0.750 0.850  16.668414748649177
0.750 0.900  16.593460513303903
0.750 0.950  16.598218179703984
0.750 1.000  16.595234795548418
0.800 0.050  16.13889855543739
0.800 0.100  16.1543693527759
0.800 0.150  16.156161560312572
0.800 0.200  16.149755992813635
0.800 0.250  16.051244011410915
0.800 0.300  15.976353327792447
0.800 0.350  16.66649963129833
0.800 0.400  16.571145891769
0.800 0.450  16.568218471221233
0.800 0.500  16.55829282914418
0.800 0.550  16.55128354432948
0.800 0.600  16.663060559430264
0.800 0.650  16.673316327665788
0.800 0.700  16.674511484593516
0.800 0.750  16.667998993032995
0.800 0.800  16.654315192541546
0.800 0.850  16.668414748649177
0.800 0.900  16.593460513303903
0.800 0.950  16.598218179703984
0.800 1.000  16.595234795548418
0.850 0.050  16.14011201821484
0.850 0.100  16.1543693527759
0.850 0.150  16.156161560312572
0.850 0.200  16.149505303512484
0.850 0.250  16.051244011410915
0.850 0.300  15.976353327792447
0.850 0.350  15.840254125274619
0.850 0.400  15.491127103893861
0.850 0.450  15.48755481907273
0.850 0.500  15.477629176995677
0.850 0.550  15.535074334703841
0.850 0.600  15.836438132314248
0.850 0.650  15.914042696163587
0.850 0.700  15.915237853091316
0.850 0.750  15.908725098999529
0.850 0.800  15.89905266884488
0.850 0.850  15.614341470391913
0.850 0.900  15.283271117519966
0.850 0.950  15.288028783920046
0.850 1.000  15.28504539976448
0.900 0.050  16.13963364687182
0.900 0.100  16.153937335117824
0.900 0.150  16.1557295426545
0.900 0.200  16.149505303512484
0.900 0.250  16.051244011410915
0.900 0.300  15.976353327792447
0.900 0.350  15.840254125274619
0.900 0.400  15.491127103893861
0.900 0.450  15.48755481907273
0.900 0.500  15.477629176995677
0.900 0.550  15.535074334703841
0.900 0.600  15.836438132314248
0.900 0.650  15.914042696163587
0.900 0.700  15.915237853091316
0.900 0.750  15.908725098999529
0.900 0.800  15.89905266884488
0.900 0.850  15.614341470391913
0.900 0.900  15.286760911451271
0.900 0.950  15.29151857785135
0.900 1.000  15.288535193695784
0.950 0.050  16.145881017833137
0.950 0.100  16.224194375091137
0.950 0.150  16.22598658262781
0.950 0.200  16.219131694402794
0.950 0.250  16.05449471034074
0.950 0.300  15.977669232460503
0.950 0.350  15.83838060831503
0.950 0.400  15.489734007657235
0.950 0.450  15.486660507215174
0.950 0.500  15.47673486513812
0.950 0.550  15.534176246803112
0.950 0.600  15.835525076281838
0.950 0.650  15.848552399883088
0.950 0.700  15.849747556810817
0.950 0.750  15.843234841340617
0.950 0.800  15.898135905643615
0.950 0.850  15.613439674753119
0.950 0.900  15.286760911451271
0.950 0.950  15.29151857785135
0.950 1.000  15.288535193695784
1.000 0.050  15.62046287774309
1.000 0.100  15.698561449075626
1.000 0.150  15.7003536566123
1.000 0.200  15.693576837877636
1.000 0.250  15.338008602201448
1.000 0.300  15.198430978876997
1.000 0.350  15.83838060831503
1.000 0.400  15.489734007657235
1.000 0.450  15.486660507215174
1.000 0.500  15.47673486513812
1.000 0.550  15.534176246803112
1.000 0.600  15.835525076281838
1.000 0.650  15.848552399883088
1.000 0.700  15.849747556810817
1.000 0.750  15.843234841340617
1.000 0.800  15.898135905643615
1.000 0.850  16.130865991979498
1.000 0.900  15.989005023815164
1.000 0.950  15.993762690215245
1.000 1.000  15.990779306059679
