0.050 0.050 0.6677919111543613
0.050 0.100 0.6663798377854169
0.050 0.150 0.665705491803002
0.050 0.200 0.6651991123558281
0.050 0.250 0.6622908124079976
0.050 0.300 0.6621350348283781
0.050 0.350 0.6599400836308473
0.050 0.400 0.6622604617753934
0.050 0.450 0.6609657032718783
0.050 0.500 0.6609657032718783
0.050 0.550 0.6590759508800192
0.050 0.600 0.6572106829423273
0.050 0.650 0.6554995064572502
0.050 0.700 0.6531718897593035
0.050 0.750 0.6531718897593035
0.050 0.800 0.6531718897593035
0.050 0.850 0.6439702940974037
0.050 0.900 0.643522748439905
0.050 0.950 0.643522748439905
0.050 1.000 0.643522748439905
0.100 0.050 0.6696692068198573
0.100 0.100 0.6672135533854803
0.100 0.150 0.6659868991042122
0.100 0.200 0.6653282143067751
0.100 0.250 0.6623057373610701
0.100 0.300 0.6620927560855421
0.100 0.350 0.6598884363964637
0.100 0.400 0.6622604617753934
0.100 0.450 0.6609657032718783
0.100 0.500 0.6609657032718783
0.100 0.550 0.6590759508800192
0.100 0.600 0.6572106829423273
0.100 0.650 0.6554995064572502
0.100 0.700 0.6531718897593035
0.100 0.750 0.6531718897593035
0.100 0.800 0.6531718897593035
0.100 0.850 0.6439702940974037
0.100 0.900 0.643522748439905
0.100 0.950 0.643522748439905
0.100 1.000 0.643522748439905
0.150 0.050 0.6696745205702659
0.150 0.100 0.6672135533854803
0.150 0.150 0.6659868991042122
0.150 0.200 0.6653282143067751
0.150 0.250 0.6623057373610701
0.150 0.300 0.6620927560855421
0.150 0.350 0.6598884363964637
0.150 0.400 0.6622604617753934
0.150 0.450 0.6604704962937058
0.150 0.500 0.6604704962937058
0.150 0.550 0.6585755293600255
0.150 0.600 0.6567008337471657
0.150 0.650 0.6549752921121144
0.150 0.700 0.6526405952628953
0.150 0.750 0.6526405952628953
0.150 0.800 0.6526405952628953
0.150 0.850 0.643428387154511
0.150 0.900 0.6429952191429973
0.150 0.950 0.6429952191429973
0.150 1.000 0.6429952191429973
0.200 0.050 0.6690731262003606
0.200 0.100 0.6671094644153313
0.200 0.150 0.6658435894847647
0.200 0.200 0.6651528057551006
0.200 0.250 0.661922105130035
0.200 0.300 0.6617085324393512
0.200 0.350 0.6594736785709836
0.200 0.400 0.6618523771675585
0.200 0.450 0.6604704962937058
0.200 0.500 0.6604704962937058
0.200 0.550 0.6585755293600255
0.200 0.600 0.6567008337471657
0.200 0.650 0.6549752921121144
0.200 0.700 0.6526405952628953
0.200 0.750 0.6526405952628953
0.200 0.800 0.6526405952628953
0.200 0.850 0.643428387154511
0.200 0.900 0.6429952191429973
0.200 0.950 0.6429952191429973
0.200 1.000 0.6429952191429973
0.250 0.050 0.6699644212087341
0.250 0.100 0.6688415884403609
0.250 0.150 0.6679946568484928
0.250 0.200 0.6666177752108933
0.250 0.250 0.6621132733908153
0.250 0.300 0.6617085324393512
0.250 0.350 0.6594736785709836
0.250 0.400 0.6618523771675585
0.250 0.450 0.6604704962937058
0.250 0.500 0.6604704962937058
0.250 0.550 0.6585755293600255
0.250 0.600 0.6567008337471657
0.250 0.650 0.6549752921121144
0.250 0.700 0.6526405952628953
0.250 0.750 0.6526405952628953
0.250 0.800 0.6526405952628953
0.250 0.850 0.643428387154511
0.250 0.900 0.6429952191429973
0.250 0.950 0.6429952191429973
0.250 1.000 0.6429952191429973
0.300 0.050 0.6699644212087341
0.300 0.100 0.6688415884403609
0.300 0.150 0.6679946568484928
0.300 0.200 0.6666177752108933
0.300 0.250 0.6621132733908153
0.300 0.300 0.6617085324393512
0.300 0.350 0.6594736785709836
0.300 0.400 0.6618523771675585
0.300 0.450 0.6604704962937058
0.300 0.500 0.6604704962937058
0.300 0.550 0.6585755293600255
0.300 0.600 0.6567008337471657
0.300 0.650 0.6549752921121144
0.300 0.700 0.6526405952628953
0.300 0.750 0.6526405952628953
0.300 0.800 0.6526405952628953
0.300 0.850 0.643428387154511
0.300 0.900 0.6429952191429973
0.300 0.950 0.6429952191429973
0.300 1.000 0.6429952191429973
0.350 0.050 0.669533755131589
0.350 0.100 0.6669413372324666
0.350 0.150 0.6679946568484928
0.350 0.200 0.6666177752108933
0.350 0.250 0.6621132733908153
0.350 0.300 0.6617085324393512
0.350 0.350 0.6594736785709836
0.350 0.400 0.6618523771675585
0.350 0.450 0.6604704962937058
0.350 0.500 0.6604704962937058
0.350 0.550 0.6585755293600255
0.350 0.600 0.6567008337471657
0.350 0.650 0.6549752921121144
0.350 0.700 0.6526405952628953
0.350 0.750 0.6526405952628953
0.350 0.800 0.6526405952628953
0.350 0.850 0.643428387154511
0.350 0.900 0.6429952191429973
0.350 0.950 0.6429952191429973
0.350 1.000 0.6429952191429973
0.400 0.050 0.6619166044639546
0.400 0.100 0.660305750342431
0.400 0.150 0.6601818546118683
0.400 0.200 0.6574365851273107
0.400 0.250 0.654569775454207
0.400 0.300 0.6540002640094046
0.400 0.350 0.6536240749308919
0.400 0.400 0.655991658096119
0.400 0.450 0.6546631704015202
0.400 0.500 0.6546631704015202
0.400 0.550 0.652836044712032
0.400 0.600 0.6509239629003183
0.400 0.650 0.6491298718155809
0.400 0.700 0.6467656068838491
0.400 0.750 0.6467656068838491
0.400 0.800 0.6467656068838491
0.400 0.850 0.644832803410359
0.400 0.900 0.6444161003567068
0.400 0.950 0.6444161003567068
0.400 1.000 0.6444161003567068
0.450 0.050 0.6711718051134528
0.450 0.100 0.6686951810264912
0.450 0.150 0.6683720117817424
0.450 0.200 0.6649555714737538
0.450 0.250 0.662114814126165
0.450 0.300 0.6615405948796644
0.450 0.350 0.6611878447790536
0.450 0.400 0.663548389961597
0.450 0.450 0.6621766063133055
0.450 0.500 0.6621766063133055
0.450 0.550 0.6603093902528883
0.450 0.600 0.6584177346285309
0.450 0.650 0.6565221433004439
0.450 0.700 0.6541952458218022
0.450 0.750 0.6541952458218022
0.450 0.800 0.6541952458218022
0.450 0.850 0.645747985378591
0.450 0.900 0.6455164478403443
0.450 0.950 0.6455164478403443
0.450 1.000 0.6455164478403443
0.500 0.050 0.6701003242627783
0.500 0.100 0.668009003161425
0.500 0.150 0.6674928206086339
0.500 0.200 0.6647432613408766
0.500 0.250 0.662114814126165
0.500 0.300 0.6615405948796644
0.500 0.350 0.6611878447790536
0.500 0.400 0.663548389961597
0.500 0.450 0.6621766063133055
0.500 0.500 0.6621766063133055
0.500 0.550 0.6603093902528883
0.500 0.600 0.6584177346285309
0.500 0.650 0.6565221433004439
0.500 0.700 0.6541952458218022
0.500 0.750 0.6541952458218022
0.500 0.800 0.6541952458218022
0.500 0.850 0.645747985378591
0.500 0.900 0.6455164478403443
0.500 0.950 0.6455164478403443
0.500 1.000 0.6455164478403443
0.550 0.050 0.6700352055916805
0.550 0.100 0.6682227511990465
0.550 0.150 0.6674928206086339
0.550 0.200 0.6647432613408766
0.550 0.250 0.662114814126165
0.550 0.300 0.6615405948796644
0.550 0.350 0.6611878447790536
0.550 0.400 0.663548389961597
0.550 0.450 0.6621766063133055
0.550 0.500 0.6621766063133055
0.550 0.550 0.6603093902528883
0.550 0.600 0.6584177346285309
0.550 0.650 0.6565221433004439
0.550 0.700 0.6541952458218022
0.550 0.750 0.6541952458218022
0.550 0.800 0.6541952458218022
0.550 0.850 0.6450723412476034
0.550 0.900 0.6446181045237429
0.550 0.950 0.6446181045237429
0.550 1.000 0.6446181045237429
0.600 0.050 0.6679593352407396
0.600 0.100 0.6665601713672578
0.600 0.150 0.6666014186867009
0.600 0.200 0.6631628274723675
0.600 0.250 0.6605801455749947
0.600 0.300 0.660007001893036
0.600 0.350 0.659665344369537
0.600 0.400 0.6620196725126533
0.600 0.450 0.6606478896032
0.600 0.500 0.6606478896032
0.600 0.550 0.658763921795146
0.600 0.600 0.6569125929314188
0.600 0.650 0.6551314869666507
0.600 0.700 0.6524029562956557
0.600 0.750 0.6524029562956557
0.600 0.800 0.6524029562956557
0.600 0.850 0.642958650383628
0.600 0.900 0.6426784841041248
0.600 0.950 0.6426784841041248
0.600 1.000 0.6426784841041248
0.650 0.050 0.6690267138862301
0.650 0.100 0.6673889282386689
0.650 0.150 0.6673889282386689
0.650 0.200 0.6639428477825793
0.650 0.250 0.6617195557235166
0.650 0.300 0.6611077147119704
0.650 0.350 0.6578945743786944
0.650 0.400 0.6602903852030302
0.650 0.450 0.65841889292203
0.650 0.500 0.65841889292203
0.650 0.550 0.6567923991100453
0.650 0.600 0.6548913518870001
0.650 0.650 0.6507488980943464
0.650 0.700 0.6507488980943464
0.650 0.750 0.6500579846119003
0.650 0.800 0.6500579846119003
0.650 0.850 0.6430708033546164
0.650 0.900 0.6429149388537359
0.650 0.950 0.6429149388537359
0.650 1.000 0.6429149388537359
0.700 0.050 0.6694099134023986
0.700 0.100 0.6673889282386689
0.700 0.150 0.6673889282386689
0.700 0.200 0.6639428477825793
0.700 0.250 0.6610182438411272
0.700 0.300 0.6604064028295811
0.700 0.350 0.6576530476718327
0.700 0.400 0.6596854452463592
0.700 0.450 0.6580526120788404
0.700 0.500 0.6580526120788404
0.700 0.550 0.6564207180746602
0.700 0.600 0.6525565395142785
0.700 0.650 0.6507488980943464
0.700 0.700 0.6507488980943464
0.700 0.750 0.6500579846119003
0.700 0.800 0.6500579846119003
0.700 0.850 0.6430708033546164
0.700 0.900 0.6429149388537359
0.700 0.950 0.6429149388537359
0.700 1.000 0.6429149388537359
0.750 0.050 0.6682482895157589
0.750 0.100 0.6662212432731129
0.750 0.150 0.6662212432731129
0.750 0.200 0.6627755288620674
0.750 0.250 0.6607996940623029
0.750 0.300 0.6601870634422913
0.750 0.350 0.656835392308139
0.750 0.400 0.6588681738015165
0.750 0.450 0.6572353405379291
0.750 0.500 0.6572353405379291
0.750 0.550 0.6560069936348176
0.750 0.600 0.6521244449276158
0.750 0.650 0.6503014708514712
0.750 0.700 0.6503014708514712
0.750 0.750 0.6491960021861771
0.750 0.800 0.6491960021861771
0.750 0.850 0.6414063438845972
0.750 0.900 0.6413912313809645
0.750 0.950 0.6413912313809645
0.750 1.000 0.6413912313809645
0.800 0.050 0.6681320432418971
0.800 0.100 0.6662212432731129
0.800 0.150 0.6662212432731129
0.800 0.200 0.6627755288620674
0.800 0.250 0.6605373146437449
0.800 0.300 0.6599246840237334
0.800 0.350 0.6565745079661076
0.800 0.400 0.6586072894594849
0.800 0.450 0.6572353405379291
0.800 0.500 0.6572353405379291
0.800 0.550 0.6560069936348176
0.800 0.600 0.6521244449276158
0.800 0.650 0.6503014708514712
0.800 0.700 0.6503014708514712
0.800 0.750 0.6491960021861771
0.800 0.800 0.6491960021861771
0.800 0.850 0.6414063438845972
0.800 0.900 0.6413912313809645
0.800 0.950 0.6413912313809645
0.800 1.000 0.6413912313809645
0.850 0.050 0.668109301141288
0.850 0.100 0.6662212432731129
0.850 0.150 0.6662212432731129
0.850 0.200 0.6631947826574944
0.850 0.250 0.6605373146437449
0.850 0.300 0.6599246840237334
0.850 0.350 0.6594664275130655
0.850 0.400 0.6614646834913052
0.850 0.450 0.6591385592989265
0.850 0.500 0.6591385592989265
0.850 0.550 0.6574882881779798
0.850 0.600 0.6536405394778196
0.850 0.650 0.6517636819914279
0.850 0.700 0.6517636819914279
0.850 0.750 0.6510727742767698
0.850 0.800 0.6492002674738703
0.850 0.850 0.647293088500891
0.850 0.900 0.6472888526045257
0.850 0.950 0.6472888526045257
0.850 1.000 0.6472888526045257
0.900 0.050 0.6685328220374447
0.900 0.100 0.6666438954321432
0.900 0.150 0.6666438954321432
0.900 0.200 0.6631947826574944
0.900 0.250 0.6605373146437449
0.900 0.300 0.6599246840237334
0.900 0.350 0.6594664275130655
0.900 0.400 0.6614646834913052
0.900 0.450 0.6591385592989265
0.900 0.500 0.6591385592989265
0.900 0.550 0.6574882881779798
0.900 0.600 0.6536405394778196
0.900 0.650 0.6517636819914279
0.900 0.700 0.6517636819914279
0.900 0.750 0.6510727742767698
0.900 0.800 0.6492002674738703
0.900 0.850 0.647293088500891
0.900 0.900 0.647220123042188
0.900 0.950 0.647220123042188
0.900 1.000 0.647220123042188
0.950 0.050 0.6697975886777844
0.950 0.100 0.667923232310146
0.950 0.150 0.667923232310146
0.950 0.200 0.6644858692176184
0.950 0.250 0.6615816263954066
0.950 0.300 0.6610053028502686
0.950 0.350 0.6606075969723316
0.950 0.400 0.6625972567083873
0.950 0.450 0.6594323215294393
0.950 0.500 0.6594323215294393
0.950 0.550 0.657782051069898
0.950 0.600 0.6539343023697378
0.950 0.650 0.652057444883346
0.950 0.700 0.652057444883346
0.950 0.750 0.6513665365072825
0.950 0.800 0.6494940297043831
0.950 0.850 0.6475868507314038
0.950 0.900 0.647220123042188
0.950 0.950 0.647220123042188
0.950 1.000 0.647220123042188
1.000 0.050 0.6702193717198239
1.000 0.100 0.6683411458388113
1.000 0.150 0.6683411458388113
1.000 0.200 0.6649027827644927
1.000 0.250 0.661978085749512
1.000 0.300 0.6613867808890846
1.000 0.350 0.6606075969723316
1.000 0.400 0.6625972567083873
1.000 0.450 0.6594323215294393
1.000 0.500 0.6594323215294393
1.000 0.550 0.657782051069898
1.000 0.600 0.6539343023697378
1.000 0.650 0.652057444883346
1.000 0.700 0.652057444883346
1.000 0.750 0.6513665365072825
1.000 0.800 0.6494940297043831
1.000 0.850 0.6466230780737715
1.000 0.900 0.6454278520967905
1.000 0.950 0.6454278520967905
1.000 1.000 0.6454278520967905
