0.050 0.050 13.284162955115082
0.050 0.100 13.279517256051289
0.050 0.150 13.237180792306894
0.050 0.200 13.229239708860485
0.050 0.250 13.193838713015367
0.050 0.300 13.182703425805819
0.050 0.350 13.170122153115102
0.050 0.400 13.135683241079839
0.050 0.450 13.131935597037117
0.050 0.500 13.131935597037117
0.050 0.550 13.135952267632135
0.050 0.600 13.150807658893413
0.050 0.650 13.147140157770174
0.050 0.700 13.158105959510895
0.050 0.750 13.158105959510895
0.050 0.800 13.158105959510895
0.050 0.850 13.185392117351423
0.050 0.900 13.163027105668007
0.050 0.950 13.163027105668007
0.050 1.000 13.163027105668007
0.100 0.050 13.215274685920704
0.100 0.100 13.225803797778562
0.100 0.150 13.219125609812444
0.100 0.200 13.217738268615598
0.100 0.250 13.187250341245125
0.100 0.300 13.178576545231127
0.100 0.350 13.166398401378398
0.100 0.400 13.135683241079839
0.100 0.450 13.131935597037117
0.100 0.500 13.131935597037117
0.100 0.550 13.135952267632135
0.100 0.600 13.150807658893413
0.100 0.650 13.147140157770174
0.100 0.700 13.158105959510895
0.100 0.750 13.158105959510895
0.100 0.800 13.158105959510895
0.100 0.850 13.185392117351423
0.100 0.900 13.163027105668007
0.100 0.950 13.163027105668007
0.100 1.000 13.163027105668007
0.150 0.050 13.215046033739437
0.150 0.100 13.225803797778562
0.150 0.150 13.219125609812444
0.150 0.200 13.217738268615598
0.150 0.250 13.187250341245125
0.150 0.300 13.178576545231127
0.150 0.350 13.166398401378398
0.150 0.400 13.135683241079839
0.150 0.450 13.123513759093239
0.150 0.500 13.123513759093239
0.150 0.550 13.127754812895986
0.150 0.600 13.143015879683151
0.150 0.650 13.139966515021595
0.150 0.700 13.151236977671779
0.150 0.750 13.151236977671779
0.150 0.800 13.151236977671779
0.150 0.850 13.178979792082654
0.150 0.900 13.155996106230678
0.150 0.950 13.155996106230678
0.150 1.000 13.155996106230678
0.200 0.050 13.205247322437707
0.200 0.100 13.200552041454804
0.200 0.150 13.195561529108211
0.200 0.200 13.195555414033354
0.200 0.250 13.17402741041098
0.200 0.300 13.16537906315822
0.200 0.350 13.1545148136665
0.200 0.400 13.123512502927426
0.200 0.450 13.123513759093239
0.200 0.500 13.123513759093239
0.200 0.550 13.127754812895986
0.200 0.600 13.143015879683151
0.200 0.650 13.139966515021595
0.200 0.700 13.151236977671779
0.200 0.750 13.151236977671779
0.200 0.800 13.151236977671779
0.200 0.850 13.178979792082654
0.200 0.900 13.155996106230678
0.200 0.950 13.155996106230678
0.200 1.000 13.155996106230678
0.250 0.050 13.15500235278174
0.250 0.100 13.149802842608251
0.250 0.150 13.14462352051115
0.250 0.200 13.144409658128657
0.250 0.250 13.130124505204222
0.250 0.300 13.16537906315822
0.250 0.350 13.1545148136665
0.250 0.400 13.123512502927426
0.250 0.450 13.123513759093239
0.250 0.500 13.123513759093239
0.250 0.550 13.127754812895986
0.250 0.600 13.143015879683151
0.250 0.650 13.139966515021595
0.250 0.700 13.151236977671779
0.250 0.750 13.151236977671779
0.250 0.800 13.151236977671779
0.250 0.850 13.178979792082654
0.250 0.900 13.155996106230678
0.250 0.950 13.155996106230678
0.250 1.000 13.155996106230678
0.300 0.050 13.15500235278174
0.300 0.100 13.149802842608251
0.300 0.150 13.14462352051115
0.300 0.200 13.144409658128657
0.300 0.250 13.130124505204222
0.300 0.300 13.16537906315822
0.300 0.350 13.1545148136665
0.300 0.400 13.123512502927426
0.300 0.450 13.123513759093239
0.300 0.500 13.123513759093239
0.300 0.550 13.127754812895986
0.300 0.600 13.143015879683151
0.300 0.650 13.139966515021595
0.300 0.700 13.151236977671779
0.300 0.750 13.151236977671779
0.300 0.800 13.151236977671779
0.300 0.850 13.178979792082654
0.300 0.900 13.155996106230678
0.300 0.950 13.155996106230678
0.300 1.000 13.155996106230678
0.350 0.050 13.155695595279395
0.350 0.100 13.160217427046366
0.350 0.150 13.14462352051115
0.350 0.200 13.144409658128657
0.350 0.250 13.130124505204222
0.350 0.300 13.16537906315822
0.350 0.350 13.1545148136665
0.350 0.400 13.123512502927426
0.350 0.450 13.123513759093239
0.350 0.500 13.123513759093239
0.350 0.550 13.127754812895986
0.350 0.600 13.143015879683151
0.350 0.650 13.139966515021595
0.350 0.700 13.151236977671779
0.350 0.750 13.151236977671779
0.350 0.800 13.151236977671779
0.350 0.850 13.178979792082654
0.350 0.900 13.155996106230678
0.350 0.950 13.155996106230678
0.350 1.000 13.155996106230678
0.400 0.050 13.209940986564915
0.400 0.100 13.20790273261901
0.400 0.150 13.207287854083788
0.400 0.200 13.206494639107927
0.400 0.250 13.187146745489162
0.400 0.300 13.175976102913022
0.400 0.350 13.15648674429999
0.400 0.400 13.125962733712031
0.400 0.450 13.123666466290459
0.400 0.500 13.123666466290459
0.400 0.550 13.124988292189808
0.400 0.600 13.141858097675613
0.400 0.650 13.141758435199943
0.400 0.700 13.154301220793919
0.400 0.750 13.154301220793919
0.400 0.800 13.154301220793919
0.400 0.850 13.130439657478451
0.400 0.900 13.106747479838184
0.400 0.950 13.106747479838184
0.400 1.000 13.106747479838184
0.450 0.050 13.019802226740849
0.450 0.100 13.025287564880752
0.450 0.150 13.027301335134574
0.450 0.200 13.02565805618781
0.450 0.250 13.005189123642104
0.450 0.300 12.994221059103033
0.450 0.350 12.973723114649154
0.450 0.400 12.943501950444368
0.450 0.450 12.943068720141717
0.450 0.500 12.943068720141717
0.450 0.550 12.946115646028066
0.450 0.600 12.962106506901327
0.450 0.650 12.966374428571797
0.450 0.700 12.977309282102636
0.450 0.750 12.977309282102636
0.450 0.800 12.977309282102636
0.450 0.850 13.001866916491386
0.450 0.900 12.98209930805833
0.450 0.950 12.98209930805833
0.450 1.000 12.98209930805833
0.500 0.050 13.030231469510621
0.500 0.100 13.025083258151042
0.500 0.150 13.029456298754976
0.500 0.200 13.02884767436211
0.500 0.250 13.005189123642104
0.500 0.300 12.994221059103033
0.500 0.350 12.973723114649154
0.500 0.400 12.943501950444368
0.500 0.450 12.943068720141717
0.500 0.500 12.943068720141717
0.500 0.550 12.946115646028066
0.500 0.600 12.962106506901327
0.500 0.650 12.966374428571797
0.500 0.700 12.977309282102636
0.500 0.750 12.977309282102636
0.500 0.800 12.977309282102636
0.500 0.850 13.001866916491386
0.500 0.900 12.98209930805833
0.500 0.950 12.98209930805833
0.500 1.000 12.98209930805833
0.550 0.050 13.033033544324613
0.550 0.100 13.027777913352459
0.550 0.150 13.029456298754976
0.550 0.200 13.02884767436211
0.550 0.250 13.005189123642104
0.550 0.300 12.994221059103033
0.550 0.350 12.973723114649154
0.550 0.400 12.943501950444368
0.550 0.450 12.943068720141717
0.550 0.500 12.943068720141717
0.550 0.550 12.946115646028066
0.550 0.600 12.962106506901327
0.550 0.650 12.966374428571797
0.550 0.700 12.977309282102636
0.550 0.750 12.977309282102636
0.550 0.800 12.977309282102636
0.550 0.850 12.989317046562231
0.550 0.900 12.979132247000818
0.550 0.950 12.979132247000818
0.550 1.000 12.979132247000818
0.600 0.050 13.074789657394474
0.600 0.100 13.075534605916946
0.600 0.150 13.06186742846237
0.600 0.200 13.061177309273468
0.600 0.250 13.053387904488478
0.600 0.300 13.042373558103321
0.600 0.350 13.021398296922548
0.600 0.400 12.991444653680688
0.600 0.450 12.99101139158563
0.600 0.500 12.99101139158563
0.600 0.550 12.994779149905312
0.600 0.600 13.009034738875966
0.600 0.650 13.00837632301959
0.600 0.700 13.006862832167254
0.600 0.750 13.006862832167254
0.600 0.800 13.006862832167254
0.600 0.850 13.032700586992625
0.600 0.900 13.01502548703393
0.600 0.950 13.01502548703393
0.600 1.000 13.01502548703393
0.650 0.050 12.951560144034099
0.650 0.100 12.950680761262014
0.650 0.150 12.950680761262014
0.650 0.200 12.950312906261672
0.650 0.250 12.938951148849235
0.650 0.300 12.9296019594886
0.650 0.350 13.050025855303563
0.650 0.400 13.018287200569569
0.650 0.450 13.015571986612585
0.650 0.500 13.015571986612585
0.650 0.550 13.020152859788674
0.650 0.600 13.036547843806694
0.650 0.650 13.048306689741679
0.650 0.700 13.048306689741679
0.650 0.750 13.04830615796569
0.650 0.800 13.04830615796569
0.650 0.850 13.075443787551352
0.650 0.900 13.064312240588231
0.650 0.950 13.064312240588231
0.650 1.000 13.064312240588231
0.700 0.050 12.94696325424195
0.700 0.100 12.950680761262014
0.700 0.150 12.950680761262014
0.700 0.200 12.950312906261672
0.700 0.250 12.933451916337372
0.700 0.300 12.924102726976734
0.700 0.350 13.048526524087297
0.700 0.400 13.020533350514203
0.700 0.450 13.019440861126768
0.700 0.500 13.019440861126768
0.700 0.550 13.024254106098633
0.700 0.600 13.047823277465831
0.700 0.650 13.048306689741679
0.700 0.700 13.048306689741679
0.700 0.750 13.04830615796569
0.700 0.800 13.04830615796569
0.700 0.850 13.075443787551352
0.700 0.900 13.064312240588231
0.700 0.950 13.064312240588231
0.700 1.000 13.064312240588231
0.750 0.050 12.949379083669426
0.750 0.100 12.953357400627562
0.750 0.150 12.953357400627562
0.750 0.200 12.952973794605565
0.750 0.250 12.936910028239534
0.750 0.300 12.927594815954233
0.750 0.350 13.0539797312672
0.750 0.400 13.025970037557489
0.750 0.450 13.02487755230391
0.750 0.500 13.02487755230391
0.750 0.550 13.03016449198006
0.750 0.600 13.054524135954676
0.750 0.650 13.055667316758978
0.750 0.700 13.055667316758978
0.750 0.750 13.055666771147544
0.750 0.800 13.055666771147544
0.750 0.850 13.06381989324908
0.750 0.900 13.046631748080571
0.750 0.950 13.046631748080571
0.750 1.000 13.046631748080571
0.800 0.050 12.948435046851316
0.800 0.100 12.953357400627562
0.800 0.150 12.953357400627562
0.800 0.200 12.952973794605565
0.800 0.250 12.936307995098648
0.800 0.300 12.926992782813349
0.800 0.350 13.053313364561012
0.800 0.400 13.025303670851299
0.800 0.450 13.02487755230391
0.800 0.500 13.02487755230391
0.800 0.550 13.03016449198006
0.800 0.600 13.054524135954676
0.800 0.650 13.055667316758978
0.800 0.700 13.055667316758978
0.800 0.750 13.055666771147544
0.800 0.800 13.055666771147544
0.800 0.850 13.06381989324908
0.800 0.900 13.046631748080571
0.800 0.950 13.046631748080571
0.800 1.000 13.046631748080571
0.850 0.050 12.94941364586539
0.850 0.100 12.953357400627562
0.850 0.150 12.953357400627562
0.850 0.200 12.952771625814314
0.850 0.250 12.936307995098648
0.850 0.300 12.926992782813349
0.850 0.350 12.911034808990799
0.850 0.400 12.884510757951258
0.850 0.450 12.883520043109574
0.850 0.500 12.883520043109574
0.850 0.550 12.889124060607614
0.850 0.600 12.911986250447887
0.850 0.650 12.915448049617716
0.850 0.700 12.915448049617716
0.850 0.750 12.915447269652176
0.850 0.800 12.918721857682216
0.850 0.850 12.893757664870598
0.850 0.900 12.87610149621863
0.850 0.950 12.87610149621863
0.850 1.000 12.87610149621863
0.900 0.050 12.949027862524241
0.900 0.100 12.953008999290406
0.900 0.150 12.953008999290406
0.900 0.200 12.952771625814314
0.900 0.250 12.936307995098648
0.900 0.300 12.926992782813349
0.900 0.350 12.911034808990799
0.900 0.400 12.884510757951258
0.900 0.450 12.883520043109574
0.900 0.500 12.883520043109574
0.900 0.550 12.889124060607614
0.900 0.600 12.911986250447887
0.900 0.650 12.915448049617716
0.900 0.700 12.915448049617716
0.900 0.750 12.915447269652176
0.900 0.800 12.918721857682216
0.900 0.850 12.893757664870598
0.900 0.900 12.879058948702788
0.900 0.950 12.879058948702788
0.900 1.000 12.879058948702788
0.950 0.050 12.954066064912404
0.950 0.100 12.957420240235676
0.950 0.150 12.957420240235676
0.950 0.200 12.95667727461852
0.950 0.250 12.9389401399811
0.950 0.300 12.92806262400689
0.950 0.350 12.90949913935179
0.950 0.400 12.883344987041948
0.950 0.450 12.882771664986095
0.950 0.500 12.882771664986095
0.950 0.550 12.888375654023672
0.950 0.600 12.911237843863946
0.950 0.650 12.914699643033774
0.950 0.700 12.914699643033774
0.950 0.750 12.914698891528694
0.950 0.800 12.917973479558736
0.950 0.850 12.893009286747118
0.950 0.900 12.879058948702788
0.950 0.950 12.879058948702788
0.950 1.000 12.879058948702788
1.000 0.050 12.894293593694051
1.000 0.100 12.897814275270996
1.000 0.150 12.897814275270996
1.000 0.200 12.897114339152811
1.000 0.250 12.880257354208746
1.000 0.300 12.870024488463802
1.000 0.350 12.90949913935179
1.000 0.400 12.883344987041948
1.000 0.450 12.882771664986095
1.000 0.500 12.882771664986095
1.000 0.550 12.888375654023672
1.000 0.600 12.911237843863946
1.000 0.650 12.914699643033774
1.000 0.700 12.914699643033774
1.000 0.750 12.914698891528694
1.000 0.800 12.917973479558736
1.000 0.850 12.946372990126335
1.000 0.900 12.926450139701775
1.000 0.950 12.926450139701775
1.000 1.000 12.926450139701775
