0.050 0.050 170.0
0.050 0.100 181.0
0.050 0.150 193.0
0.050 0.200 198.0
0.050 0.250 225.0
0.050 0.300 228.0
0.050 0.350 246.0
0.050 0.400 235.0
0.050 0.450 245.0
0.050 0.500 245.0
0.050 0.550 258.0
0.050 0.600 269.0
0.050 0.650 282.0
0.050 0.700 297.0
0.050 0.750 297.0
0.050 0.800 297.0
0.050 0.850 359.0
0.050 0.900 366.0
0.050 0.950 366.0
0.050 1.000 366.0
0.100 0.050 168.0
0.100 0.100 184.0
0.100 0.150 194.0
0.100 0.200 199.0
0.100 0.250 226.0
0.100 0.300 229.0
0.100 0.350 247.0
0.100 0.400 235.0
0.100 0.450 245.0
0.100 0.500 245.0
0.100 0.550 258.0
0.100 0.600 269.0
0.100 0.650 282.0
0.100 0.700 297.0
0.100 0.750 297.0
0.100 0.800 297.0
0.100 0.850 359.0
0.100 0.900 366.0
0.100 0.950 366.0
0.100 1.000 366.0
0.150 0.050 168.0
0.150 0.100 184.0
0.150 0.150 194.0
0.150 0.200 199.0
0.150 0.250 226.0
0.150 0.300 229.0
0.150 0.350 247.0
0.150 0.400 235.0
0.150 0.450 250.0
0.150 0.500 250.0
0.150 0.550 263.0
0.150 0.600 274.0
0.150 0.650 287.0
0.150 0.700 302.0
0.150 0.750 302.0
0.150 0.800 302.0
0.150 0.850 364.0
0.150 0.900 371.0
0.150 0.950 371.0
0.150 1.000 371.0
0.200 0.050 174.0
0.200 0.100 189.0
0.200 0.150 199.0
0.200 0.200 204.0
0.200 0.250 231.0
0.200 0.300 234.0
0.200 0.350 252.0
0.200 0.400 240.0
0.200 0.450 250.0
0.200 0.500 250.0
0.200 0.550 263.0
0.200 0.600 274.0
0.200 0.650 287.0
0.200 0.700 302.0
0.200 0.750 302.0
0.200 0.800 302.0
0.200 0.850 364.0
0.200 0.900 371.0
0.200 0.950 371.0
0.200 1.000 371.0
0.250 0.050 176.0
0.250 0.100 185.0
0.250 0.150 192.0
0.250 0.200 202.0
0.250 0.250 237.0
0.250 0.300 234.0
0.250 0.350 252.0
0.250 0.400 240.0
0.250 0.450 250.0
0.250 0.500 250.0
0.250 0.550 263.0
0.250 0.600 274.0
0.250 0.650 287.0
0.250 0.700 302.0
0.250 0.750 302.0
0.250 0.800 302.0
0.250 0.850 364.0
0.250 0.900 371.0
0.250 0.950 371.0
0.250 1.000 371.0
0.300 0.050 176.0
0.300 0.100 185.0
0.300 0.150 192.0
0.300 0.200 202.0
0.300 0.250 237.0
0.300 0.300 234.0
0.300 0.350 252.0
0.300 0.400 240.0
0.300 0.450 250.0
0.300 0.500 250.0
0.300 0.550 263.0
0.300 0.600 274.0
0.300 0.650 287.0
0.300 0.700 302.0
0.300 0.750 302.0
0.300 0.800 302.0
0.300 0.850 364.0
0.300 0.900 371.0
0.300 0.950 371.0
0.300 1.000 371.0
0.350 0.050 179.0
0.350 0.100 197.0
0.350 0.150 192.0
0.350 0.200 202.0
0.350 0.250 237.0
0.350 0.300 234.0
0.350 0.350 252.0
0.350 0.400 240.0
0.350 0.450 250.0
0.350 0.500 250.0
0.350 0.550 263.0
0.350 0.600 274.0
0.350 0.650 287.0
0.350 0.700 302.0
0.350 0.750 302.0
0.350 0.800 302.0
0.350 0.850 364.0
0.350 0.900 371.0
0.350 0.950 371.0
0.350 1.000 371.0
0.400 0.050 225.0
0.400 0.100 237.0
0.400 0.150 238.0
0.400 0.200 258.0
0.400 0.250 282.0
0.400 0.300 288.0
0.400 0.350 294.0
0.400 0.400 282.0
0.400 0.450 292.0
0.400 0.500 292.0
0.400 0.550 305.0
0.400 0.600 316.0
0.400 0.650 329.0
0.400 0.700 344.0
0.400 0.750 344.0
0.400 0.800 344.0
0.400 0.850 362.0
0.400 0.900 369.0
0.400 0.950 369.0
0.400 1.000 369.0
0.450 0.050 190.0
0.450 0.100 207.0
0.450 0.150 209.0
0.450 0.200 234.0
0.450 0.250 258.0
0.450 0.300 264.0
0.450 0.350 270.0
0.450 0.400 258.0
0.450 0.450 268.0
0.450 0.500 268.0
0.450 0.550 281.0
0.450 0.600 292.0
0.450 0.650 305.0
0.450 0.700 320.0
0.450 0.750 320.0
0.450 0.800 320.0
0.450 0.850 377.0
0.450 0.900 382.0
0.450 0.950 382.0
0.450 1.000 382.0
0.500 0.050 196.0
0.500 0.100 212.0
0.500 0.150 215.0
0.500 0.200 235.0
0.500 0.250 258.0
0.500 0.300 264.0
0.500 0.350 270.0
0.500 0.400 258.0
0.500 0.450 268.0
0.500 0.500 268.0
0.500 0.550 281.0
0.500 0.600 292.0
0.500 0.650 305.0
0.500 0.700 320.0
0.500 0.750 320.0
0.500 0.800 320.0
0.500 0.850 377.0
0.500 0.900 382.0
0.500 0.950 382.0
0.500 1.000 382.0
0.550 0.050 196.0
0.550 0.100 210.0
0.550 0.150 215.0
0.550 0.200 235.0
0.550 0.250 258.0
0.550 0.300 264.0
0.550 0.350 270.0
0.550 0.400 258.0
0.550 0.450 268.0
0.550 0.500 268.0
0.550 0.550 281.0
0.550 0.600 292.0
0.550 0.650 305.0
0.550 0.700 320.0
0.550 0.750 320.0
0.550 0.800 320.0
0.550 0.850 384.0
0.550 0.900 389.0
0.550 0.950 389.0
0.550 1.000 389.0
0.600 0.050 204.0
0.600 0.100 214.0
0.600 0.150 216.0
0.600 0.200 241.0
0.600 0.250 261.0
0.600 0.300 267.0
0.600 0.350 273.0
0.600 0.400 261.0
0.600 0.450 271.0
0.600 0.500 271.0
0.600 0.550 284.0
0.600 0.600 295.0
0.600 0.650 308.0
0.600 0.700 328.0
0.600 0.750 328.0
0.600 0.800 328.0
0.600 0.850 392.0
0.600 0.900 397.0
0.600 0.950 397.0
0.600 1.000 397.0
0.650 0.050 217.0
0.650 0.100 229.0
0.650 0.150 229.0
0.650 0.200 254.0
0.650 0.250 272.0
0.650 0.300 278.0
0.650 0.350 281.0
0.650 0.400 269.0
0.650 0.450 283.0
0.650 0.500 283.0
0.650 0.550 294.0
0.650 0.600 305.0
0.650 0.650 333.0
0.650 0.700 333.0
0.650 0.750 338.0
0.650 0.800 338.0
0.650 0.850 384.0
0.650 0.900 387.0
0.650 0.950 387.0
0.650 1.000 387.0
0.700 0.050 215.0
0.700 0.100 229.0
0.700 0.150 229.0
0.700 0.200 254.0
0.700 0.250 278.0
0.700 0.300 284.0
0.700 0.350 283.0
0.700 0.400 273.0
0.700 0.450 285.0
0.700 0.500 285.0
0.700 0.550 296.0
0.700 0.600 320.0
0.700 0.650 333.0
0.700 0.700 333.0
0.700 0.750 338.0
0.700 0.800 338.0
0.700 0.850 384.0
0.700 0.900 387.0
0.700 0.950 387.0
0.700 1.000 387.0
0.750 0.050 223.0
0.750 0.100 237.0
0.750 0.150 237.0
0.750 0.200 262.0
0.750 0.250 279.0
0.750 0.300 285.0
0.750 0.350 288.0
0.750 0.400 278.0
0.750 0.450 290.0
0.750 0.500 290.0
0.750 0.550 298.0
0.750 0.600 322.0
0.750 0.650 335.0
0.750 0.700 335.0
0.750 0.750 343.0
0.750 0.800 343.0
0.750 0.850 398.0
0.750 0.900 401.0
0.750 0.950 401.0
0.750 1.000 401.0
0.800 0.050 224.0
0.800 0.100 237.0
0.800 0.150 237.0
0.800 0.200 262.0
0.800 0.250 281.0
0.800 0.300 287.0
0.800 0.350 290.0
0.800 0.400 280.0
0.800 0.450 290.0
0.800 0.500 290.0
0.800 0.550 298.0
0.800 0.600 322.0
0.800 0.650 335.0
0.800 0.700 335.0
0.800 0.750 343.0
0.800 0.800 343.0
0.800 0.850 398.0
0.800 0.900 401.0
0.800 0.950 401.0
0.800 1.000 401.0
0.850 0.050 224.0
0.850 0.100 237.0
0.850 0.150 237.0
0.850 0.200 259.0
0.850 0.250 281.0
0.850 0.300 287.0
0.850 0.350 293.0
0.850 0.400 283.0
0.850 0.450 300.0
0.850 0.500 300.0
0.850 0.550 311.0
0.850 0.600 335.0
0.850 0.650 348.0
0.850 0.700 348.0
0.850 0.750 353.0
0.850 0.800 366.0
0.850 0.850 384.0
0.850 0.900 387.0
0.850 0.950 387.0
0.850 1.000 387.0
0.900 0.050 221.0
0.900 0.100 234.0
0.900 0.150 234.0
0.900 0.200 259.0
0.900 0.250 281.0
0.900 0.300 287.0
0.900 0.350 293.0
0.900 0.400 283.0
0.900 0.450 300.0
0.900 0.500 300.0
0.900 0.550 311.0
0.900 0.600 335.0
0.900 0.650 348.0
0.900 0.700 348.0
0.900 0.750 353.0
0.900 0.800 366.0
0.900 0.850 384.0
0.900 0.900 387.0
0.900 0.950 387.0
0.900 1.000 387.0
0.950 0.050 211.0
0.950 0.100 224.0
0.950 0.150 224.0
0.950 0.200 249.0
0.950 0.250 273.0
0.950 0.300 279.0
0.950 0.350 285.0
0.950 0.400 275.0
0.950 0.450 298.0
0.950 0.500 298.0
0.950 0.550 309.0
0.950 0.600 333.0
0.950 0.650 346.0
0.950 0.700 346.0
0.950 0.750 351.0
0.950 0.800 364.0
0.950 0.850 382.0
0.950 0.900 387.0
0.950 0.950 387.0
0.950 1.000 387.0
1.000 0.050 218.0
1.000 0.100 231.0
1.000 0.150 231.0
1.000 0.200 256.0
1.000 0.250 280.0
1.000 0.300 286.0
1.000 0.350 285.0
1.000 0.400 275.0
1.000 0.450 298.0
1.000 0.500 298.0
1.000 0.550 309.0
1.000 0.600 333.0
1.000 0.650 346.0
1.000 0.700 346.0
1.000 0.750 351.0
1.000 0.800 364.0
1.000 0.850 380.0
1.000 0.900 392.0
1.000 0.950 392.0
1.000 1.000 392.0
