0.050 0.050 94.0
0.050 0.100 96.0
0.050 0.150 98.0
0.050 0.200 101.0
0.050 0.250 102.0
0.050 0.300 106.0
0.050 0.350 111.0
0.050 0.400 120.0
0.050 0.450 130.0
0.050 0.500 130.0
0.050 0.550 130.0
0.050 0.600 130.0
0.050 0.650 130.0
0.050 0.700 130.0
0.050 0.750 164.0
0.050 0.800 164.0
0.050 0.850 214.0
0.050 0.900 214.0
0.050 0.950 214.0
0.050 1.000 214.0
0.100 0.050 95.0
0.100 0.100 97.0
0.100 0.150 99.0
0.100 0.200 102.0
0.100 0.250 102.0
0.100 0.300 106.0
0.100 0.350 111.0
0.100 0.400 120.0
0.100 0.450 130.0
0.100 0.500 130.0
0.100 0.550 130.0
0.100 0.600 130.0
0.100 0.650 130.0
0.100 0.700 130.0
0.100 0.750 164.0
0.100 0.800 164.0
0.100 0.850 214.0
0.100 0.900 214.0
0.100 0.950 214.0
0.100 1.000 214.0
0.150 0.050 94.0
0.150 0.100 95.0
0.150 0.150 97.0
0.150 0.200 100.0
0.150 0.250 100.0
0.150 0.300 106.0
0.150 0.350 111.0
0.150 0.400 123.0
0.150 0.450 138.0
0.150 0.500 149.0
0.150 0.550 149.0
0.150 0.600 149.0
0.150 0.650 149.0
0.150 0.700 164.0
0.150 0.750 169.0
0.150 0.800 169.0
0.150 0.850 219.0
0.150 0.900 219.0
0.150 0.950 219.0
0.150 1.000 219.0
0.200 0.050 120.0
0.200 0.100 122.0
0.200 0.150 125.0
0.200 0.200 125.0
0.200 0.250 125.0
0.200 0.300 111.0
0.200 0.350 116.0
0.200 0.400 128.0
0.200 0.450 138.0
0.200 0.500 149.0
0.200 0.550 149.0
0.200 0.600 149.0
0.200 0.650 149.0
0.200 0.700 164.0
0.200 0.750 169.0
0.200 0.800 169.0
0.200 0.850 219.0
0.200 0.900 219.0
0.200 0.950 219.0
0.200 1.000 219.0
0.250 0.050 125.0
0.250 0.100 126.0
0.250 0.150 130.0
0.250 0.200 130.0
0.250 0.250 130.0
0.250 0.300 116.0
0.250 0.350 116.0
0.250 0.400 128.0
0.250 0.450 138.0
0.250 0.500 149.0
0.250 0.550 149.0
0.250 0.600 149.0
0.250 0.650 149.0
0.250 0.700 164.0
0.250 0.750 169.0
0.250 0.800 169.0
0.250 0.850 219.0
0.250 0.900 219.0
0.250 0.950 219.0
0.250 1.000 219.0
0.300 0.050 125.0
0.300 0.100 126.0
0.300 0.150 130.0
0.300 0.200 130.0
0.300 0.250 130.0
0.300 0.300 136.0
0.300 0.350 136.0
0.300 0.400 148.0
0.300 0.450 158.0
0.300 0.500 176.0
0.300 0.550 176.0
0.300 0.600 176.0
0.300 0.650 176.0
0.300 0.700 191.0
0.300 0.750 196.0
0.300 0.800 196.0
0.300 0.850 219.0
0.300 0.900 219.0
0.300 0.950 219.0
0.300 1.000 219.0
0.350 0.050 125.0
0.350 0.100 127.0
0.350 0.150 130.0
0.350 0.200 130.0
0.350 0.250 130.0
0.350 0.300 136.0
0.350 0.350 136.0
0.350 0.400 148.0
0.350 0.450 158.0
0.350 0.500 176.0
0.350 0.550 176.0
0.350 0.600 176.0
0.350 0.650 176.0
0.350 0.700 191.0
0.350 0.750 196.0
0.350 0.800 196.0
0.350 0.850 219.0
0.350 0.900 219.0
0.350 0.950 219.0
0.350 1.000 219.0
0.400 0.050 125.0
0.400 0.100 127.0
0.400 0.150 130.0
0.400 0.200 130.0
0.400 0.250 130.0
0.400 0.300 136.0
0.400 0.350 136.0
0.400 0.400 148.0
0.400 0.450 158.0
0.400 0.500 176.0
0.400 0.550 176.0
0.400 0.600 176.0
0.400 0.650 176.0
0.400 0.700 191.0
0.400 0.750 196.0
0.400 0.800 196.0
0.400 0.850 219.0
0.400 0.900 219.0
0.400 0.950 219.0
0.400 1.000 219.0
0.450 0.050 120.0
0.450 0.100 122.0
0.450 0.150 125.0
0.450 0.200 125.0
0.450 0.250 125.0
0.450 0.300 131.0
0.450 0.350 131.0
0.450 0.400 143.0
0.450 0.450 153.0
0.450 0.500 164.0
0.450 0.550 164.0
0.450 0.600 164.0
0.450 0.650 164.0
0.450 0.700 179.0
0.450 0.750 184.0
0.450 0.800 184.0
0.450 0.850 222.0
0.450 0.900 222.0
0.450 0.950 222.0
0.450 1.000 222.0
0.500 0.050 121.0
0.500 0.100 123.0
0.500 0.150 126.0
0.500 0.200 126.0
0.500 0.250 124.0
0.500 0.300 130.0
0.500 0.350 134.0
0.500 0.400 146.0
0.500 0.450 156.0
0.500 0.500 178.0
0.500 0.550 178.0
0.500 0.600 178.0
0.500 0.650 178.0
0.500 0.700 181.0
0.500 0.750 186.0
0.500 0.800 186.0
0.500 0.850 218.0
0.500 0.900 218.0
0.500 0.950 218.0
0.500 1.000 218.0
0.550 0.050 121.0
0.550 0.100 123.0
0.550 0.150 126.0
0.550 0.200 126.0
0.550 0.250 124.0
0.550 0.300 130.0
0.550 0.350 134.0
0.550 0.400 146.0
0.550 0.450 156.0
0.550 0.500 178.0
0.550 0.550 178.0
0.550 0.600 178.0
0.550 0.650 178.0
0.550 0.700 181.0
0.550 0.750 186.0
0.550 0.800 186.0
0.550 0.850 218.0
0.550 0.900 218.0
0.550 0.950 218.0
0.550 1.000 218.0
0.600 0.050 125.0
0.600 0.100 127.0
0.600 0.150 130.0
0.600 0.200 128.0
0.600 0.250 0.160 126.0
0.600 0.300 0.160 130.0
0.600 0.350 0.160 134.0
0.600 0.400 0.160 146.0
0.600 0.450 0.160 156.0
0.600 0.500 0.160 178.0
0.600 0.550 0.160 178.0
0.600 0.600 0.160 178.0
0.600 0.650 0.160 178.0
0.600 0.700 0.160 181.0
0.600 0.750 0.160 186.0
0.600 0.800 0.160 186.0
0.600 0.850 0.160 218.0
0.600 0.900 0.160 218.0
0.600 0.950 0.160 218.0
0.600 1.000 0.160 218.0
0.650 0.050 0.160 125.0
0.650 0.100 0.160 127.0
0.650 0.150 0.160 130.0
0.650 0.200 0.160 128.0
0.650 0.250 0.160 128.0
0.650 0.300 0.160 132.0
0.650 0.350 0.160 134.0
0.650 0.400 0.160 146.0
0.650 0.450 0.160 156.0
0.650 0.500 0.160 178.0
0.650 0.550 0.160 178.0
0.650 0.600 0.160 178.0
0.650 0.650 0.160 178.0
0.650 0.700 0.160 181.0
0.650 0.750 0.160 186.0
0.650 0.800 0.160 186.0
0.650 0.850 0.160 218.0
0.650 0.900 0.160 218.0
0.650 0.950 0.160 218.0
0.650 1.000 0.160 218.0
0.700 0.050 0.160 125.0
0.700 0.100 0.160 127.0
0.700 0.150 0.160 130.0
0.700 0.200 0.160 128.0
0.700 0.250 0.160 128.0
0.700 0.300 0.160 132.0
0.700 0.350 0.160 134.0
0.700 0.400 0.160 146.0
0.700 0.450 0.160 156.0
0.700 0.500 0.160 178.0
0.700 0.550 0.160 178.0
0.700 0.600 0.160 178.0
0.700 0.650 0.160 178.0
0.700 0.700 0.160 181.0
0.700 0.750 0.160 186.0
0.700 0.800 0.160 186.0
0.700 0.850 0.160 220.0
0.700 0.900 0.160 220.0
0.700 0.950 0.160 220.0
0.700 1.000 0.160 220.0
0.750 0.050 0.160 125.0
0.750 0.100 0.160 127.0
0.750 0.150 0.160 130.0
0.750 0.200 0.160 128.0
0.750 0.250 0.160 128.0
0.750 0.300 0.160 132.0
0.750 0.350 0.160 134.0
0.750 0.400 0.160 146.0
0.750 0.450 0.160 156.0
0.750 0.500 0.160 178.0
0.750 0.550 0.160 178.0
0.750 0.600 0.160 178.0
0.750 0.650 0.160 178.0
0.750 0.700 0.160 181.0
0.750 0.750 0.160 186.0
0.750 0.800 0.160 186.0
0.750 0.850 0.160 220.0
0.750 0.900 0.160 220.0
0.750 0.950 0.160 220.0
0.750 1.000 0.160 220.0
0.800 0.050 0.160 125.0
0.800 0.100 0.160 128.0
0.800 0.150 0.160 131.0
0.800 0.200 0.160 131.0
0.800 0.250 0.160 131.0
0.800 0.300 0.160 132.0
0.800 0.350 0.160 134.0
0.800 0.400 0.160 146.0
0.800 0.450 0.160 156.0
0.800 0.500 0.160 178.0
0.800 0.550 0.160 178.0
0.800 0.600 0.160 178.0
0.800 0.650 0.160 178.0
0.800 0.700 0.160 181.0
0.800 0.750 0.160 186.0
0.800 0.800 0.160 186.0
0.800 0.850 0.160 220.0
0.800 0.900 0.160 220.0
0.800 0.950 0.160 220.0
0.800 1.000 0.160 220.0
0.850 0.050 0.160 127.0
0.850 0.100 0.160 130.0
0.850 0.150 0.160 131.0
0.850 0.200 0.160 131.0
0.850 0.250 0.160 133.0
0.850 0.300 0.160 134.0
0.850 0.350 0.160 134.0
0.850 0.400 0.160 146.0
0.850 0.450 0.160 156.0
0.850 0.500 0.160 178.0
0.850 0.550 0.160 178.0
0.850 0.600 0.160 178.0
0.850 0.650 0.160 178.0
0.850 0.700 0.160 181.0
0.850 0.750 0.160 186.0
0.850 0.800 0.160 186.0
0.850 0.850 0.160 220.0
0.850 0.900 0.160 220.0
0.850 0.950 0.160 220.0
0.850 1.000 0.160 220.0
0.900 0.050 0.160 135.0
0.900 0.100 0.160 138.0
0.900 0.150 0.160 139.0
0.900 0.200 0.160 139.0
0.900 0.250 0.160 144.0
0.900 0.300 0.160 145.0
0.900 0.350 0.160 150.0
0.900 0.400 0.160 162.0
0.900 0.450 0.160 175.0
0.900 0.500 0.160 186.0
0.900 0.550 0.160 186.0
0.900 0.600 0.160 186.0
0.900 0.650 0.160 186.0
0.900 0.700 0.160 189.0
0.900 0.750 0.160 194.0
0.900 0.800 0.160 194.0
0.900 0.850 0.160 220.0
0.900 0.900 0.160 220.0
0.900 0.950 0.160 220.0
0.900 1.000 0.160 220.0
0.950 0.050 0.160 132.0
0.950 0.100 0.160 135.0
0.950 0.150 0.160 136.0
0.950 0.200 0.160 136.0
0.950 0.250 0.160 141.0
0.950 0.300 0.160 142.0
0.950 0.350 0.160 147.0
0.950 0.400 0.160 159.0
0.950 0.450 0.160 175.0
0.950 0.500 0.160 186.0
0.950 0.550 0.160 186.0
0.950 0.600 0.160 186.0
0.950 0.650 0.160 186.0
0.950 0.700 0.160 189.0
0.950 0.750 0.160 194.0
0.950 0.800 0.160 194.0
0.950 0.850 0.160 220.0
0.950 0.900 0.160 220.0
0.950 0.950 0.160 220.0
0.950 1.000 0.160 220.0
1.000 0.050 0.160 132.0
1.000 0.100 0.160 135.0
1.000 0.150 0.160 138.0
1.000 0.200 0.160 138.0
1.000 0.250 0.160 138.0
1.000 0.300 0.160 139.0
1.000 0.350 0.160 147.0
1.000 0.400 0.160 159.0
1.000 0.450 0.160 175.0
1.000 0.500 0.160 186.0
1.000 0.550 0.160 186.0
1.000 0.600 0.160 186.0
1.000 0.650 0.160 186.0
1.000 0.700 0.160 189.0
1.000 0.750 0.160 194.0
1.000 0.800 0.160 194.0
1.000 0.850 0.160 220.0
1.000 0.900 0.160 220.0
1.000 0.950 0.160 220.0
1.000 1.000 0.160 220.0
