0.050 0.050 13.013989711759255
0.050 0.100 13.011786846176852
0.050 0.150 13.010311567935315
0.050 0.200 13.00881796916865
0.050 0.250 13.005711776228717
0.050 0.300 12.996696832742236
0.050 0.350 13.029745025044232
0.050 0.400 13.017438529264705
0.050 0.450 13.0172549958187
0.050 0.500 13.0172549958187
0.050 0.550 13.0172549958187
0.050 0.600 13.0172549958187
0.050 0.650 13.0172549958187
0.050 0.700 13.0172549958187
0.050 0.750 13.131599571187213
0.050 0.800 13.131599571187213
0.050 0.850 13.20125761881136
0.050 0.900 13.20125761881136
0.050 0.950 13.20125761881136
0.050 1.000 13.20125761881136
0.100 0.050 13.00807115596899
0.100 0.100 13.007610906881018
0.100 0.150 13.007276990022927
0.100 0.200 13.005921572419846
0.100 0.250 13.005921572419846
0.100 0.300 12.996906628933367
0.100 0.350 13.029745025044232
0.100 0.400 13.017438529264705
0.100 0.450 13.0172549958187
0.100 0.500 13.0172549958187
0.100 0.550 13.0172549958187
0.100 0.600 13.0172549958187
0.100 0.650 13.0172549958187
0.100 0.700 13.0172549958187
0.100 0.750 13.131599571187213
0.100 0.800 13.131599571187213
0.100 0.850 13.20125761881136
0.100 0.900 13.20125761881136
0.100 0.950 13.20125761881136
0.100 1.000 13.20125761881136
0.150 0.050 12.973788352359298
0.150 0.100 12.973591793119118
0.150 0.150 12.973280111115333
0.150 0.200 12.971450882905291
0.150 0.250 12.971450882905291
0.150 0.300 12.996906628933367
0.150 0.350 13.029745025044232
0.150 0.400 13.071951864571343
0.150 0.450 13.06722414584201
0.150 0.500 13.112100863537968
0.150 0.550 13.112100863537968
0.150 0.600 13.112100863537968
0.150 0.650 13.112100863537968
0.150 0.700 13.134241881077275
0.150 0.750 13.127055753582201
0.150 0.800 13.127055753582201
0.150 0.850 13.196221575565904
0.150 0.900 13.196221575565904
0.150 0.950 13.196221575565904
0.150 1.000 13.196221575565904
0.200 0.050 13.05075978344153
0.200 0.100 13.050387492557709
0.200 0.150 13.048834789008717
0.200 0.200 13.048834789008717
0.200 0.250 13.048834789008717
0.200 0.300 12.991990158823718
0.200 0.350 13.024905345705399
0.200 0.400 13.067207026374913
0.200 0.450 13.06722414584201
0.200 0.500 13.112100863537968
0.200 0.550 13.112100863537968
0.200 0.600 13.112100863537968
0.200 0.650 13.112100863537968
0.200 0.700 13.134241881077275
0.200 0.750 13.127055753582201
0.200 0.800 13.127055753582201
0.200 0.850 13.196221575565904
0.200 0.900 13.196221575565904
0.200 0.950 13.196221575565904
0.200 1.000 13.196221575565904
0.250 0.050 13.085749954819555
0.250 0.100 13.086351889085392
0.250 0.150 13.115512403193755
0.250 0.200 13.115512403193755
0.250 0.250 13.084396551981815
0.250 0.300 13.024508721746578
0.250 0.350 13.024905345705399
0.250 0.400 13.067207026374913
0.250 0.450 13.06722414584201
0.250 0.500 13.112100863537968
0.250 0.550 13.112100863537968
0.250 0.600 13.112100863537968
0.250 0.650 13.112100863537968
0.250 0.700 13.134241881077275
0.250 0.750 13.127055753582201
0.250 0.800 13.127055753582201
0.250 0.850 13.196221575565904
0.250 0.900 13.196221575565904
0.250 0.950 13.196221575565904
0.250 1.000 13.196221575565904
0.300 0.050 13.085749954819555
0.300 0.100 13.086351889085392
0.300 0.150 13.115512403193755
0.300 0.200 13.115512403193755
0.300 0.250 13.084396551981815
0.300 0.300 13.107353727881964
0.300 0.350 13.107353727881964
0.300 0.400 13.153418863773313
0.300 0.450 13.152596023202626
0.300 0.500 13.198875218962815
0.300 0.550 13.198875218962815
0.300 0.600 13.198875218962815
0.300 0.650 13.198875218962815
0.300 0.700 13.222111907345843
0.300 0.750 13.215765721755218
0.300 0.800 13.215765721755218
0.300 0.850 13.196221575565904
0.300 0.900 13.196221575565904
0.300 0.950 13.196221575565904
0.300 1.000 13.196221575565904
0.350 0.050 13.085749954819555
0.350 0.100 13.085393781608815
0.350 0.150 13.115512403193755
0.350 0.200 13.115512403193755
0.350 0.250 13.084396551981815
0.350 0.300 13.107353727881964
0.350 0.350 13.107353727881964
0.350 0.400 13.153418863773313
0.350 0.450 13.152596023202626
0.350 0.500 13.198875218962815
0.350 0.550 13.198875218962815
0.350 0.600 13.198875218962815
0.350 0.650 13.198875218962815
0.350 0.700 13.222111907345843
0.350 0.750 13.215765721755218
0.350 0.800 13.215765721755218
0.350 0.850 13.196221575565904
0.350 0.900 13.196221575565904
0.350 0.950 13.196221575565904
0.350 1.000 13.196221575565904
0.400 0.050 13.085562719805495
0.400 0.100 13.085238436151773
0.400 0.150 13.115512403193755
0.400 0.200 13.115512403193755
0.400 0.250 13.084396551981815
0.400 0.300 13.107353727881964
0.400 0.350 13.107353727881964
0.400 0.400 13.153418863773313
0.400 0.450 13.152596023202626
0.400 0.500 13.198875218962815
0.400 0.550 13.198875218962815
0.400 0.600 13.198875218962815
0.400 0.650 13.198875218962815
0.400 0.700 13.222111907345843
0.400 0.750 13.215765721755218
0.400 0.800 13.215765721755218
0.400 0.850 13.196221575565904
0.400 0.900 13.196221575565904
0.400 0.950 13.196221575565904
0.400 1.000 13.196221575565904
0.450 0.050 12.911491719344053
0.450 0.100 12.910852609054583
0.450 0.150 12.910325551520376
0.450 0.200 12.910325551520376
0.450 0.250 12.910325551520376
0.450 0.300 12.936879384173112
0.450 0.350 12.936879384173112
0.450 0.400 12.978410348189492
0.450 0.450 12.977984234593903
0.450 0.500 13.023489770329409
0.450 0.550 13.023489770329409
0.450 0.600 13.023489770329409
0.450 0.650 13.023489770329409
0.450 0.700 13.044383550076972
0.450 0.750 13.038037635109902
0.450 0.800 13.038037635109902
0.450 0.850 13.09885124081779
0.450 0.900 13.09885124081779
0.450 0.950 13.09885124081779
0.450 1.000 13.09885124081779
0.500 0.050 12.926020873967628
0.500 0.100 12.925381763678162
0.500 0.150 12.924854706143952
0.500 0.200 12.924854706143952
0.500 0.250 12.926766644069227
0.500 0.300 12.954331682741724
0.500 0.350 13.02459397962925
0.500 0.400 13.03327651614769
0.500 0.450 13.03285040262137
0.500 0.500 13.07555103834019
0.500 0.550 13.07555103834019
0.500 0.600 13.07555103834019
0.500 0.650 13.07555103834019
0.500 0.700 13.058789659801935
0.500 0.750 13.05160353230686
0.500 0.800 13.05160353230686
0.500 0.850 13.111542003916691
0.500 0.900 13.111542003916691
0.500 0.950 13.111542003916691
0.500 1.000 13.111542003916691
0.550 0.050 12.925531814814928
0.550 0.100 12.925381763678162
0.550 0.150 12.924854706143952
0.550 0.200 12.924854706143952
0.550 0.250 12.926766644069227
0.550 0.300 12.954331682741724
0.550 0.350 13.02459397962925
0.550 0.400 13.03327651614769
0.550 0.450 13.03285040262137
0.550 0.500 13.07555103834019
0.550 0.550 13.07555103834019
0.550 0.600 13.07555103834019
0.550 0.650 13.07555103834019
0.550 0.700 13.058789659801935
0.550 0.750 13.05160353230686
0.550 0.800 13.05160353230686
0.550 0.850 13.111542003916691
0.550 0.900 13.111542003916691
0.550 0.950 13.111542003916691
0.550 1.000 13.111542003916691
0.600 0.050 12.983298148260236
0.600 0.100 12.983148097123468
0.600 0.150 12.982621039589258
0.600 0.200 12.924915131274746
0.600 0.250 12.926827069200021
0.600 0.300 12.954331682741724
0.600 0.350 13.02459397962925
0.600 0.400 13.03327651614769
0.600 0.450 13.03285040262137
0.600 0.500 13.07555103834019
0.600 0.550 13.07555103834019
0.600 0.600 13.07555103834019
0.600 0.650 13.07555103834019
0.600 0.700 13.058789659801935
0.600 0.750 13.05160353230686
0.600 0.800 13.05160353230686
0.600 0.850 13.111542003916691
0.600 0.900 13.111542003916691
0.600 0.950 13.111542003916691
0.600 1.000 13.111542003916691
0.650 0.050 12.983298148260236
0.650 0.100 12.983148097123468
0.650 0.150 12.982621039589258
0.650 0.200 12.924915131274746
0.650 0.250 12.924915131274746
0.650 0.300 12.952419744816446
0.650 0.350 13.02459397962925
0.650 0.400 13.03327651614769
0.650 0.450 13.03285040262137
0.650 0.500 13.07555103834019
0.650 0.550 13.07555103834019
0.650 0.600 13.07555103834019
0.650 0.650 13.07555103834019
0.650 0.700 13.058789659801935
0.650 0.750 13.05160353230686
0.650 0.800 13.05160353230686
0.650 0.850 13.111542003916691
0.650 0.900 13.111542003916691
0.650 0.950 13.111542003916691
0.650 1.000 13.111542003916691
0.700 0.050 12.983129280833221
0.700 0.100 12.982621039589258
0.700 0.150 12.982621039589258
0.700 0.200 12.924915131274746
0.700 0.250 12.924915131274746
0.700 0.300 12.952419744816446
0.700 0.350 13.02459397962925
0.700 0.400 13.03327651614769
0.700 0.450 13.03285040262137
0.700 0.500 13.07555103834019
0.700 0.550 13.07555103834019
0.700 0.600 13.07555103834019
0.700 0.650 13.07555103834019
0.700 0.700 13.058789659801935
0.700 0.750 13.05160353230686
0.700 0.800 13.05160353230686
0.700 0.850 13.073080689331988
0.700 0.900 13.073080689331988
0.700 0.950 13.073080689331988
0.700 1.000 13.073080689331988
0.750 0.050 12.982621039589258
0.750 0.100 12.982621039589258
0.750 0.150 12.982621039589258
0.750 0.200 12.924915131274746
0.750 0.250 12.924915131274746
0.750 0.300 12.952419744816446
0.750 0.350 13.02459397962925
0.750 0.400 13.03327651614769
0.750 0.450 13.03285040262137
0.750 0.500 13.07555103834019
0.750 0.550 13.07555103834019
0.750 0.600 13.07555103834019
0.750 0.650 13.07555103834019
0.750 0.700 13.058789659801935
0.750 0.750 13.05160353230686
0.750 0.800 13.05160353230686
0.750 0.850 13.073080689331988
0.750 0.900 13.073080689331988
0.750 0.950 13.073080689331988
0.750 1.000 13.073080689331988
0.800 0.050 12.952419744816446
0.800 0.100 12.958565283015476
0.800 0.150 12.958565283015476
0.800 0.200 12.952419744816446
0.800 0.250 12.952419744816446
0.800 0.300 12.952419744816446
0.800 0.350 13.02459397962925
0.800 0.400 13.03327651614769
0.800 0.450 13.03285040262137
0.800 0.500 13.07555103834019
0.800 0.550 13.07555103834019
0.800 0.600 13.07555103834019
0.800 0.650 13.07555103834019
0.800 0.700 13.058789659801935
0.800 0.750 13.05160353230686
0.800 0.800 13.05160353230686
0.800 0.850 13.073080689331988
0.800 0.900 13.073080689331988
0.800 0.950 13.073080689331988
0.800 1.000 13.073080689331988
0.850 0.050 13.027022753802765
0.850 0.100 13.02890721191608
0.850 0.150 13.017574872000539
0.850 0.200 13.017574872000539
0.850 0.250 13.010942895582977
0.850 0.300 13.010942895582977
0.850 0.350 13.02459397962925
0.850 0.400 13.03327651614769
0.850 0.450 13.03285040262137
0.850 0.500 13.07555103834019
0.850 0.550 13.07555103834019
0.850 0.600 13.07555103834019
0.850 0.650 13.07555103834019
0.850 0.700 13.058789659801935
0.850 0.750 13.05160353230686
0.850 0.800 13.05160353230686
0.850 0.850 13.073080689331988
0.850 0.900 13.073080689331988
0.850 0.950 13.073080689331988
0.850 1.000 13.073080689331988
0.900 0.050 13.124425318474325
0.900 0.100 13.126839035162632
0.900 0.150 13.115355065461253
0.900 0.200 13.115355065461253
0.900 0.250 13.115357416064855
0.900 0.300 13.115357416064855
0.900 0.350 13.128795627124859
0.900 0.400 13.13656807940215
0.900 0.450 13.130199788105543
0.900 0.500 13.14443004033592
0.900 0.550 13.14443004033592
0.900 0.600 13.14443004033592
0.900 0.650 13.14443004033592
0.900 0.700 13.127668661797667
0.900 0.750 13.120482534302592
0.900 0.800 13.120482534302592
0.900 0.850 13.073080689331988
0.900 0.900 13.073080689331988
0.900 0.950 13.073080689331988
0.900 1.000 13.073080689331988
0.950 0.050 13.12847476042466
0.950 0.100 13.130606763117227
0.950 0.150 13.114933922669662
0.950 0.200 13.114933922669662
0.950 0.250 13.114936878569006
0.950 0.300 13.114936878569006
0.950 0.350 13.12837508962901
0.950 0.400 13.136147480985631
0.950 0.450 13.130199788105543
0.950 0.500 13.14443004033592
0.950 0.550 13.14443004033592
0.950 0.600 13.14443004033592
0.950 0.650 13.14443004033592
0.950 0.700 13.127668661797667
0.950 0.750 13.120482534302592
0.950 0.800 13.120482534302592
0.950 0.850 13.073080689331988
0.950 0.900 13.073080689331988
0.950 0.950 13.073080689331988
0.950 1.000 13.073080689331988
1.000 0.050 13.11245758196179
1.000 0.100 13.11245758196179
1.000 0.150 13.11245758196179
1.000 0.200 13.11245758196179
1.000 0.250 13.11245758196179
1.000 0.300 13.11245758196179
1.000 0.350 13.12837508962901
1.000 0.400 13.136147480985631
1.000 0.450 13.130199788105543
1.000 0.500 13.14443004033592
1.000 0.550 13.14443004033592
1.000 0.600 13.14443004033592
1.000 0.650 13.14443004033592
1.000 0.700 13.127668661797667
1.000 0.750 13.120482534302592
1.000 0.800 13.120482534302592
1.000 0.850 13.073080689331988
1.000 0.900 13.073080689331988
1.000 0.950 13.073080689331988
1.000 1.000 13.073080689331988
