0.050 0.050 0.6845726608914141
0.050 0.100 0.6843474839346609
0.050 0.150 0.684105398249951
0.050 0.200 0.6837255531560013
0.050 0.250 0.6836595541962568
0.050 0.300 0.6833163158314489
0.050 0.350 0.6818573682541645
0.050 0.400 0.6808996979061038
0.050 0.450 0.679522111440771
0.050 0.500 0.679522111440771
0.050 0.550 0.679522111440771
0.050 0.600 0.679522111440771
0.050 0.650 0.679522111440771
0.050 0.700 0.679522111440771
0.050 0.750 0.6721665109451921
0.050 0.800 0.6721665109451921
0.050 0.850 0.6636384379841214
0.050 0.900 0.6636384379841214
0.050 0.950 0.6636384379841214
0.050 1.000 0.6636384379841214
0.100 0.050 0.6845720196910499
0.100 0.100 0.6843063452894093
0.100 0.150 0.6840377349965191
0.100 0.200 0.6836546786486449
0.100 0.250 0.6836546786486449
0.100 0.300 0.683311440283837
0.100 0.350 0.6818573682541645
0.100 0.400 0.6808996979061038
0.100 0.450 0.679522111440771
0.100 0.500 0.679522111440771
0.100 0.550 0.679522111440771
0.100 0.600 0.679522111440771
0.100 0.650 0.679522111440771
0.100 0.700 0.679522111440771
0.100 0.750 0.6721665109451921
0.100 0.800 0.6721665109451921
0.100 0.850 0.6636384379841214
0.100 0.900 0.6636384379841214
0.100 0.950 0.6636384379841214
0.100 1.000 0.6636384379841214
0.150 0.050 0.685506918280751
0.150 0.100 0.6853733010408084
0.150 0.150 0.6851041740221846
0.150 0.200 0.6847321287711314
0.150 0.250 0.6847321287711314
0.150 0.300 0.683311440283837
0.150 0.350 0.6818573682541645
0.150 0.400 0.679218282596791
0.150 0.450 0.6772553746470733
0.150 0.500 0.6746924276637485
0.150 0.550 0.6746924276637485
0.150 0.600 0.6746924276637485
0.150 0.650 0.6746924276637485
0.150 0.700 0.6721051051226887
0.150 0.750 0.671581180916166
0.150 0.800 0.671581180916166
0.150 0.850 0.6630645470071244
0.150 0.900 0.6630645470071244
0.150 0.950 0.6630645470071244
0.150 1.000 0.6630645470071244
0.200 0.050 0.6801253303622862
0.200 0.100 0.6798576118605602
0.200 0.150 0.6794791403291083
0.200 0.200 0.6794791403291083
0.200 0.250 0.6794791403291083
0.200 0.300 0.6827347704932039
0.200 0.350 0.6812789138884288
0.200 0.400 0.6786376241752865
0.200 0.450 0.6772553746470733
0.200 0.500 0.6746924276637485
0.200 0.550 0.6746924276637485
0.200 0.600 0.6746924276637485
0.200 0.650 0.6746924276637485
0.200 0.700 0.6721051051226887
0.200 0.750 0.671581180916166
0.200 0.800 0.671581180916166
0.200 0.850 0.6630645470071244
0.200 0.900 0.6630645470071244
0.200 0.950 0.6630645470071244
0.200 1.000 0.6630645470071244
0.250 0.050 0.6786212522638254
0.250 0.100 0.678469078475809
0.250 0.150 0.6772386635607139
0.250 0.200 0.6772386635607139
0.250 0.250 0.6779617787576667
0.250 0.300 0.6812881312101773
0.250 0.350 0.6812789138884288
0.250 0.400 0.6786376241752865
0.250 0.450 0.6772553746470733
0.250 0.500 0.6746924276637485
0.250 0.550 0.6746924276637485
0.250 0.600 0.6746924276637485
0.250 0.650 0.6746924276637485
0.250 0.700 0.6721051051226887
0.250 0.750 0.671581180916166
0.250 0.800 0.671581180916166
0.250 0.850 0.6630645470071244
0.250 0.900 0.6630645470071244
0.250 0.950 0.6630645470071244
0.250 1.000 0.6630645470071244
0.300 0.050 0.6786212522638254
0.300 0.100 0.678469078475809
0.300 0.150 0.6772386635607139
0.300 0.200 0.6772386635607139
0.300 0.250 0.6779617787576667
0.300 0.300 0.6765991556601908
0.300 0.350 0.6765991556601908
0.300 0.400 0.6738704053262408
0.300 0.450 0.6725076760053976
0.300 0.500 0.6689448400295686
0.300 0.550 0.6689448400295686
0.300 0.600 0.6689448400295686
0.300 0.650 0.6689448400295686
0.300 0.700 0.666332054703237
0.300 0.750 0.665788610710753
0.300 0.800 0.665788610710753
0.300 0.850 0.6630645470071244
0.300 0.900 0.6630645470071244
0.300 0.950 0.6630645470071244
0.300 1.000 0.6630645470071244
0.350 0.050 0.6786212522638254
0.350 0.100 0.6783531591962788
0.350 0.150 0.6772386635607139
0.350 0.200 0.6772386635607139
0.350 0.250 0.6779617787576667
0.350 0.300 0.6765991556601908
0.350 0.350 0.6765991556601908
0.350 0.400 0.6738704053262408
0.350 0.450 0.6725076760053976
0.350 0.500 0.6689448400295686
0.350 0.550 0.6689448400295686
0.350 0.600 0.6689448400295686
0.350 0.650 0.6689448400295686
0.350 0.700 0.666332054703237
0.350 0.750 0.665788610710753
0.350 0.800 0.665788610710753
0.350 0.850 0.6630645470071244
0.350 0.900 0.6630645470071244
0.350 0.950 0.6630645470071244
0.350 1.000 0.6630645470071244
0.400 0.050 0.6786256035021427
0.400 0.100 0.6783567693389034
0.400 0.150 0.6772386635607139
0.400 0.200 0.6772386635607139
0.400 0.250 0.6779617787576667
0.400 0.300 0.6765991556601908
0.400 0.350 0.6765991556601908
0.400 0.400 0.6738704053262408
0.400 0.450 0.6725076760053976
0.400 0.500 0.6689448400295686
0.400 0.550 0.6689448400295686
0.400 0.600 0.6689448400295686
0.400 0.650 0.6689448400295686
0.400 0.700 0.666332054703237
0.400 0.750 0.665788610710753
0.400 0.800 0.665788610710753
0.400 0.850 0.6630645470071244
0.400 0.900 0.6630645470071244
0.400 0.950 0.6630645470071244
0.400 1.000 0.6630645470071244
0.450 0.050 0.6833618432544812
0.450 0.100 0.6831003254883787
0.450 0.150 0.6826980185100053
0.450 0.200 0.6826980185100053
0.450 0.250 0.6826980185100053
0.450 0.300 0.6812518110960244
0.450 0.350 0.6812518110960244
0.450 0.400 0.6786284324122359
0.450 0.450 0.677256483375603
0.450 0.500 0.674678923008334
0.450 0.550 0.674678923008334
0.450 0.600 0.674678923008334
0.450 0.650 0.674678923008334
0.450 0.700 0.6721205855847076
0.450 0.750 0.6715771353030817
0.450 0.800 0.6715771353030817
0.450 0.850 0.6649128243048834
0.450 0.900 0.6649128243048834
0.450 0.950 0.6649128243048834
0.450 1.000 0.6649128243048834
0.500 0.050 0.6828860085573227
0.500 0.100 0.6826244907912202
0.500 0.150 0.6822221838128466
0.500 0.200 0.6822221838128466
0.500 0.250 0.6824541217676727
0.500 0.300 0.6809844144842794
0.500 0.350 0.6787988168378165
0.500 0.400 0.6769388174669694
0.500 0.450 0.6755668684287266
0.500 0.500 0.6715344555393274
0.500 0.550 0.6715344555393274
0.500 0.600 0.6715344555393274
0.500 0.650 0.6715344555393274
0.500 0.700 0.6715094252149101
0.500 0.750 0.6709855010083875
0.500 0.800 0.6709855010083875
0.500 0.850 0.6651706386520453
0.500 0.900 0.6651706386520453
0.500 0.950 0.6651706386520453
0.500 1.000 0.6651706386520453
0.550 0.050 0.6828973740219253
0.550 0.100 0.6826244907912202
0.550 0.150 0.6822221838128466
0.550 0.200 0.6822221838128466
0.550 0.250 0.6824541217676727
0.550 0.300 0.6809844144842794
0.550 0.350 0.6787988168378165
0.550 0.400 0.6769388174669694
0.550 0.450 0.6755668684287266
0.550 0.500 0.6715344555393274
0.550 0.550 0.6715344555393274
0.550 0.600 0.6715344555393274
0.550 0.650 0.6715344555393274
0.550 0.700 0.6715094252149101
0.550 0.750 0.6709855010083875
0.550 0.800 0.6709855010083875
0.550 0.850 0.6651706386520453
0.550 0.900 0.6651706386520453
0.550 0.950 0.6651706386520453
0.550 1.000 0.6651706386520453
0.600 0.050 0.6810021756643677
0.600 0.100 0.6807292924336628
0.600 0.150 0.6803269854552891
0.600 0.200 0.681944409229929
0.600 0.250 0.6821763471847552
0.600 0.300 0.6809844144842794
0.600 0.350 0.6787988168378165
0.600 0.400 0.6769388174669694
0.600 0.450 0.6755668684287266
0.600 0.500 0.6715344555393274
0.600 0.550 0.6715344555393274
0.600 0.600 0.6715344555393274
0.600 0.650 0.6715344555393274
0.600 0.700 0.6715094252149101
0.600 0.750 0.6709855010083875
0.600 0.800 0.6709855010083875
0.600 0.850 0.6651706386520453
0.600 0.900 0.6651706386520453
0.600 0.950 0.6651706386520453
0.600 1.000 0.6651706386520453
0.650 0.050 0.6810021756643677
0.650 0.100 0.6807292924336628
0.650 0.150 0.6803269854552891
0.650 0.200 0.681944409229929
0.650 0.250 0.681944409229929
0.650 0.300 0.6807524765294535
0.650 0.350 0.6787988168378165
0.650 0.400 0.6769388174669694
0.650 0.450 0.6755668684287266
0.650 0.500 0.6715344555393274
0.650 0.550 0.6715344555393274
0.650 0.600 0.6715344555393274
0.650 0.650 0.6715344555393274
0.650 0.700 0.6715094252149101
0.650 0.750 0.6709855010083875
0.650 0.800 0.6709855010083875
0.650 0.850 0.6651706386520453
0.650 0.900 0.6651706386520453
0.650 0.950 0.6651706386520453
0.650 1.000 0.6651706386520453
0.700 0.050 0.6810061000501064
0.700 0.100 0.6807415409596651
0.700 0.150 0.6803269854552891
0.700 0.200 0.681944409229929
0.700 0.250 0.681944409229929
0.700 0.300 0.6807524765294535
0.700 0.350 0.6787988168378165
0.700 0.400 0.6769388174669694
0.700 0.450 0.6755668684287266
0.700 0.500 0.6715344555393274
0.700 0.550 0.6715344555393274
0.700 0.600 0.6715344555393274
0.700 0.650 0.6715344555393274
0.700 0.700 0.6715094252149101
0.700 0.750 0.6709855010083875
0.700 0.800 0.6709855010083875
0.700 0.850 0.665788088024648
0.700 0.900 0.665788088024648
0.700 0.950 0.665788088024648
0.700 1.000 0.665788088024648
0.750 0.050 0.6810179112959156
0.750 0.100 0.6807415409596651
0.750 0.150 0.6803269854552891
0.750 0.200 0.681944409229929
0.750 0.250 0.681944409229929
0.750 0.300 0.6807524765294535
0.750 0.350 0.6787988168378165
0.750 0.400 0.6769388174669694
0.750 0.450 0.6755668684287266
0.750 0.500 0.6715344555393274
0.750 0.550 0.6715344555393274
0.750 0.600 0.6715344555393274
0.750 0.650 0.6715344555393274
0.750 0.700 0.6715094252149101
0.750 0.750 0.6709855010083875
0.750 0.800 0.6709855010083875
0.750 0.850 0.665788088024648
0.750 0.900 0.665788088024648
0.750 0.950 0.665788088024648
0.750 1.000 0.665788088024648
0.800 0.050 0.6817197727063304
0.800 0.100 0.6811623982883757
0.800 0.150 0.6807478427839997
0.800 0.200 0.6808906616975787
0.800 0.250 0.6808906616975787
0.800 0.300 0.6807524765294535
0.800 0.350 0.6787988168378165
0.800 0.400 0.6769388174669694
0.800 0.450 0.6755668684287266
0.800 0.500 0.6715344555393274
0.800 0.550 0.6715344555393274
0.800 0.600 0.6715344555393274
0.800 0.650 0.6715344555393274
0.800 0.700 0.6715094252149101
0.800 0.750 0.6709855010083875
0.800 0.800 0.6709855010083875
0.800 0.850 0.665788088024648
0.800 0.900 0.665788088024648
0.800 0.950 0.665788088024648
0.800 1.000 0.665788088024648
0.850 0.050 0.6797096696443075
0.850 0.100 0.6792513203741599
0.850 0.150 0.6793764925268466
0.850 0.200 0.6793764925268466
0.850 0.250 0.679254245659715
0.850 0.300 0.6791160604915898
0.850 0.350 0.6787988168378165
0.850 0.400 0.6769388174669694
0.850 0.450 0.6755668684287266
0.850 0.500 0.6715344555393274
0.850 0.550 0.6715344555393274
0.850 0.600 0.6715344555393274
0.850 0.650 0.6715344555393274
0.850 0.700 0.6715094252149101
0.850 0.750 0.6709855010083875
0.850 0.800 0.6709855010083875
0.850 0.850 0.665788088024648
0.850 0.900 0.665788088024648
0.850 0.950 0.665788088024648
0.850 1.000 0.665788088024648
0.900 0.050 0.6763406064915497
0.900 0.100 0.6758699575444278
0.900 0.150 0.6759986534895925
0.900 0.200 0.6759986534895925
0.900 0.250 0.6753076730222367
0.900 0.300 0.6751694878541113
0.900 0.350 0.6741662654103433
0.900 0.400 0.6723274158946231
0.900 0.450 0.6706790042815349
0.900 0.500 0.6688282642296584
0.900 0.550 0.6688282642296584
0.900 0.600 0.6688282642296584
0.900 0.650 0.6688282642296584
0.900 0.700 0.6688032339052408
0.900 0.750 0.6682793096987182
0.900 0.800 0.6682793096987182
0.900 0.850 0.665788088024648
0.900 0.900 0.665788088024648
0.900 0.950 0.665788088024648
0.900 1.000 0.665788088024648
0.950 0.050 0.6766610552014971
0.950 0.100 0.6761969531320463
0.950 0.150 0.6764229961198488
0.950 0.200 0.6764229961198488
0.950 0.250 0.6757320015857542
0.950 0.300 0.675593816417629
0.950 0.350 0.6745905939738609
0.950 0.400 0.6727517458739034
0.950 0.450 0.6706790042815349
0.950 0.500 0.6688282642296584
0.950 0.550 0.6688282642296584
0.950 0.600 0.6688282642296584
0.950 0.650 0.6688282642296584
0.950 0.700 0.6688032339052408
0.950 0.750 0.6682793096987182
0.950 0.800 0.6682793096987182
0.950 0.850 0.665788088024648
0.950 0.900 0.665788088024648
0.950 0.950 0.665788088024648
0.950 1.000 0.665788088024648
1.000 0.050 0.6770332855827237
1.000 0.100 0.6766187300783477
1.000 0.150 0.676204174573972
1.000 0.200 0.676204174573972
1.000 0.250 0.676204174573972
1.000 0.300 0.6760659894058466
1.000 0.350 0.6745905939738609
1.000 0.400 0.6727517458739034
1.000 0.450 0.6706790042815349
1.000 0.500 0.6688282642296584
1.000 0.550 0.6688282642296584
1.000 0.600 0.6688282642296584
1.000 0.650 0.6688282642296584
1.000 0.700 0.6688032339052408
1.000 0.750 0.6682793096987182
1.000 0.800 0.6682793096987182
1.000 0.850 0.665788088024648
1.000 0.900 0.665788088024648
1.000 0.950 0.665788088024648
1.000 1.000 0.665788088024648
